             -7     -0.0925421      0.0591706
             -7     -0.0925421      0.0591706
       -6.92965     -0.0882405      0.0722465
       -6.92965     -0.0882405      0.0722465
        -6.8593     -0.0829601      0.0857717
        -6.8593     -0.0829601      0.0857717
       -6.78894     -0.0766668      0.0996705
       -6.78894     -0.0766668      0.0996705
       -6.71859     -0.0693318       0.113859
       -6.71859     -0.0693318       0.113859
       -6.64824      -0.060933       0.128244
       -6.64824      -0.060933       0.128244
       -6.57789     -0.0514551       0.142726
       -6.57789     -0.0514551       0.142726
       -6.50754     -0.0408903       0.157198
       -6.50754     -0.0408903       0.157198
       -6.43719     -0.0292391       0.171545
       -6.43719     -0.0292391       0.171545
       -6.36683     -0.0165105       0.185646
       -6.36683     -0.0165105       0.185646
       -6.29648    -0.00272288       0.199374
       -6.29648    -0.00272288       0.199374
       -6.22613       0.012096       0.212599
       -6.22613       0.012096       0.212599
       -6.15578      0.0279085       0.225185
       -6.15578      0.0279085       0.225185
       -6.08543      0.0446664       0.236993
       -6.08543      0.0446664       0.236993
       -6.01508      0.0623113       0.247883
       -6.01508      0.0623113       0.247883
       -5.94472       0.080774       0.257715
       -5.94472       0.080774       0.257715
       -5.87437      0.0999747       0.266347
       -5.87437      0.0999747       0.266347
       -5.80402       0.119823        0.27364
       -5.80402       0.119823        0.27364
       -5.73367       0.140218       0.279458
       -5.73367       0.140218       0.279458
       -5.66332       0.161048        0.28367
       -5.66332       0.161048        0.28367
       -5.59296       0.182192       0.286149
       -5.59296       0.182192       0.286149
       -5.52261       0.203519       0.286777
       -5.52261       0.203519       0.286777
       -5.45226       0.224889       0.285443
       -5.45226       0.224889       0.285443
       -5.38191       0.246155       0.282048
       -5.38191       0.246155       0.282048
       -5.31156       0.267161       0.276503
       -5.31156       0.267161       0.276503
       -5.24121       0.287745       0.268732
       -5.24121       0.287745       0.268732
       -5.17085       0.307738       0.258673
       -5.17085       0.307738       0.258673
        -5.1005       0.326968        0.24628
        -5.1005       0.326968        0.24628
       -5.03015        0.34526       0.231524
       -5.03015        0.34526       0.231524
        -4.9598       0.362436       0.214391
        -4.9598       0.362436       0.214391
       -4.88945       0.378316       0.194889
       -4.88945       0.378316       0.194889
        -4.8191       0.392723       0.173043
        -4.8191       0.392723       0.173043
       -4.74874        0.40548       0.148899
       -4.74874        0.40548       0.148899
       -4.67839       0.416415       0.122524
       -4.67839       0.416415       0.122524
       -4.60804       0.425362      0.0940042
       -4.60804       0.425362      0.0940042
       -4.53769       0.432158      0.0634494
       -4.53769       0.432158      0.0634494
       -4.46734       0.436654      0.0309888
       -4.46734       0.436654      0.0309888
       -4.39698       0.438706    -0.00322712
       -4.39698       0.438706    -0.00322712
       -4.32663       0.438184     -0.0390271
       -4.32663       0.438184     -0.0390271
       -4.25628       0.434972     -0.0762203
       -4.25628       0.434972     -0.0762203
       -4.18593       0.428966      -0.114596
       -4.18593       0.428966      -0.114596
       -4.11558        0.42008      -0.153927
       -4.11558        0.42008      -0.153927
       -4.04523       0.408245      -0.193968
       -4.04523       0.408245      -0.193968
       -3.97487       0.393412      -0.234459
       -3.97487       0.393412      -0.234459
       -3.90452       0.375549      -0.275124
       -3.90452       0.375549      -0.275124
       -3.83417       0.354647      -0.315679
       -3.83417       0.354647      -0.315679
       -3.76382       0.330719      -0.355826
       -3.76382       0.330719      -0.355826
       -3.69347       0.303799      -0.395263
       -3.69347       0.303799      -0.395263
       -3.62312       0.273945      -0.433679
       -3.62312       0.273945      -0.433679
       -3.55276       0.241239      -0.470763
       -3.55276       0.241239      -0.470763
       -3.48241       0.205785        -0.5062
       -3.48241       0.205785        -0.5062
       -3.41206       0.167711      -0.539681
       -3.41206       0.167711      -0.539681
       -3.34171       0.127171      -0.570898
       -3.34171       0.127171      -0.570898
       -3.27136      0.0843386      -0.599553
       -3.27136      0.0843386      -0.599553
       -3.20101      0.0394115      -0.625358
       -3.20101      0.0394115      -0.625358
       -3.13065    -0.00739135      -0.648037
       -3.13065    -0.00739135      -0.648037
        -3.0603     -0.0558304      -0.667331
        -3.0603     -0.0558304      -0.667331
       -2.98995      -0.105647      -0.682997
       -2.98995      -0.105647      -0.682997
        -2.9196      -0.156564      -0.694816
        -2.9196      -0.156564      -0.694816
       -2.84925      -0.208289       -0.70259
       -2.84925      -0.208289       -0.70259
       -2.77889      -0.260515      -0.706148
       -2.77889      -0.260515      -0.706148
       -2.70854      -0.312921      -0.705346
       -2.70854      -0.312921      -0.705346
       -2.63819      -0.365179      -0.700071
       -2.63819      -0.365179      -0.700071
       -2.56784       -0.41695      -0.690239
       -2.56784       -0.41695      -0.690239
       -2.49749      -0.467892      -0.675801
       -2.49749      -0.467892      -0.675801
       -2.42714      -0.517657      -0.656741
       -2.42714      -0.517657      -0.656741
       -2.35678      -0.565898      -0.633079
       -2.35678      -0.565898      -0.633079
       -2.28643      -0.612273       -0.60487
       -2.28643      -0.612273       -0.60487
       -2.21608       -0.65644      -0.572204
       -2.21608       -0.65644      -0.572204
       -2.14573      -0.698069       -0.53521
       -2.14573      -0.698069       -0.53521
       -2.07538      -0.736838      -0.494049
       -2.07538      -0.736838      -0.494049
       -2.00503      -0.772438      -0.448921
       -2.00503      -0.772438      -0.448921
       -1.93467      -0.804579      -0.400056
       -1.93467      -0.804579      -0.400056
       -1.86432      -0.832985       -0.34772
       -1.86432      -0.832985       -0.34772
       -1.79397      -0.857404      -0.292209
       -1.79397      -0.857404      -0.292209
       -1.72362      -0.877606       -0.23385
       -1.72362      -0.877606       -0.23385
       -1.65327      -0.893386      -0.172994
       -1.65327      -0.893386      -0.172994
       -1.58291      -0.904568      -0.110019
       -1.58291      -0.904568      -0.110019
       -1.51256      -0.911002     -0.0453258
       -1.51256      -0.911002     -0.0453258
       -1.44221      -0.912571      0.0206679
       -1.44221      -0.912571      0.0206679
       -1.37186      -0.909191      0.0875274
       -1.37186      -0.909191      0.0875274
       -1.30151      -0.900809       0.154806
       -1.30151      -0.900809       0.154806
       -1.23116      -0.887407       0.222046
       -1.23116      -0.887407       0.222046
        -1.1608      -0.869001       0.288788
        -1.1608      -0.869001       0.288788
       -1.09045      -0.845642       0.354568
       -1.09045      -0.845642       0.354568
        -1.0201      -0.817418       0.418924
        -1.0201      -0.817418       0.418924
      -0.949749      -0.784449       0.481403
      -0.949749      -0.784449       0.481403
      -0.879397       -0.74689       0.541558
      -0.879397       -0.74689       0.541558
      -0.809045      -0.704928       0.598958
      -0.809045      -0.704928       0.598958
      -0.738693      -0.658785       0.653187
      -0.738693      -0.658785       0.653187
      -0.668342      -0.608712       0.703853
      -0.668342      -0.608712       0.703853
       -0.59799      -0.554987       0.750584
       -0.59799      -0.554987       0.750584
      -0.527638      -0.497918       0.793038
      -0.527638      -0.497918       0.793038
      -0.457286      -0.437837       0.830901
      -0.457286      -0.437837       0.830901
      -0.386935      -0.375098       0.863895
      -0.386935      -0.375098       0.863895
      -0.316583      -0.310076       0.891773
      -0.316583      -0.310076       0.891773
      -0.246231       -0.24316        0.91433
      -0.246231       -0.24316        0.91433
      -0.175879      -0.174758       0.931396
      -0.175879      -0.174758       0.931396
      -0.105528      -0.105285       0.942845
      -0.105528      -0.105285       0.942845
     -0.0351759     -0.0351669       0.948591
     -0.0351759     -0.0351669       0.948591
      0.0351759      0.0351669       0.948591
      0.0351759      0.0351669       0.948591
       0.105528       0.105285       0.942845
       0.105528       0.105285       0.942845
       0.175879       0.174758       0.931396
       0.175879       0.174758       0.931396
       0.246231        0.24316        0.91433
       0.246231        0.24316        0.91433
       0.316583       0.310076       0.891773
       0.316583       0.310076       0.891773
       0.386935       0.375098       0.863895
       0.386935       0.375098       0.863895
       0.457286       0.437837       0.830901
       0.457286       0.437837       0.830901
       0.527638       0.497918       0.793038
       0.527638       0.497918       0.793038
        0.59799       0.554987       0.750584
        0.59799       0.554987       0.750584
       0.668342       0.608712       0.703853
       0.668342       0.608712       0.703853
       0.738693       0.658785       0.653187
       0.738693       0.658785       0.653187
       0.809045       0.704928       0.598958
       0.809045       0.704928       0.598958
       0.879397        0.74689       0.541558
       0.879397        0.74689       0.541558
       0.949749       0.784449       0.481403
       0.949749       0.784449       0.481403
         1.0201       0.817418       0.418924
         1.0201       0.817418       0.418924
        1.09045       0.845642       0.354568
        1.09045       0.845642       0.354568
         1.1608       0.869001       0.288788
         1.1608       0.869001       0.288788
        1.23116       0.887407       0.222046
        1.23116       0.887407       0.222046
        1.30151       0.900809       0.154806
        1.30151       0.900809       0.154806
        1.37186       0.909191      0.0875274
        1.37186       0.909191      0.0875274
        1.44221       0.912571      0.0206679
        1.44221       0.912571      0.0206679
        1.51256       0.911002     -0.0453258
        1.51256       0.911002     -0.0453258
        1.58291       0.904568      -0.110019
        1.58291       0.904568      -0.110019
        1.65327       0.893386      -0.172994
        1.65327       0.893386      -0.172994
        1.72362       0.877606       -0.23385
        1.72362       0.877606       -0.23385
        1.79397       0.857404      -0.292209
        1.79397       0.857404      -0.292209
        1.86432       0.832985       -0.34772
        1.86432       0.832985       -0.34772
        1.93467       0.804579      -0.400056
        1.93467       0.804579      -0.400056
        2.00503       0.772438      -0.448921
        2.00503       0.772438      -0.448921
        2.07538       0.736838      -0.494049
        2.07538       0.736838      -0.494049
        2.14573       0.698069       -0.53521
        2.14573       0.698069       -0.53521
        2.21608        0.65644      -0.572204
        2.21608        0.65644      -0.572204
        2.28643       0.612273       -0.60487
        2.28643       0.612273       -0.60487
        2.35678       0.565898      -0.633079
        2.35678       0.565898      -0.633079
        2.42714       0.517657      -0.656741
        2.42714       0.517657      -0.656741
        2.49749       0.467892      -0.675801
        2.49749       0.467892      -0.675801
        2.56784        0.41695      -0.690239
        2.56784        0.41695      -0.690239
        2.63819       0.365179      -0.700071
        2.63819       0.365179      -0.700071
        2.70854       0.312921      -0.705346
        2.70854       0.312921      -0.705346
        2.77889       0.260515      -0.706148
        2.77889       0.260515      -0.706148
        2.84925       0.208289       -0.70259
        2.84925       0.208289       -0.70259
         2.9196       0.156564      -0.694816
         2.9196       0.156564      -0.694816
        2.98995       0.105647      -0.682997
        2.98995       0.105647      -0.682997
         3.0603      0.0558304      -0.667331
         3.0603      0.0558304      -0.667331
        3.13065     0.00739135      -0.648037
        3.13065     0.00739135      -0.648037
        3.20101     -0.0394115      -0.625358
        3.20101     -0.0394115      -0.625358
        3.27136     -0.0843386      -0.599553
        3.27136     -0.0843386      -0.599553
        3.34171      -0.127171      -0.570898
        3.34171      -0.127171      -0.570898
        3.41206      -0.167711      -0.539681
        3.41206      -0.167711      -0.539681
        3.48241      -0.205785        -0.5062
        3.48241      -0.205785        -0.5062
        3.55276      -0.241239      -0.470763
        3.55276      -0.241239      -0.470763
        3.62312      -0.273945      -0.433679
        3.62312      -0.273945      -0.433679
        3.69347      -0.303799      -0.395263
        3.69347      -0.303799      -0.395263
        3.76382      -0.330719      -0.355826
        3.76382      -0.330719      -0.355826
        3.83417      -0.354647      -0.315679
        3.83417      -0.354647      -0.315679
        3.90452      -0.375549      -0.275124
        3.90452      -0.375549      -0.275124
        3.97487      -0.393412      -0.234459
        3.97487      -0.393412      -0.234459
        4.04523      -0.408245      -0.193968
        4.04523      -0.408245      -0.193968
        4.11558       -0.42008      -0.153927
        4.11558       -0.42008      -0.153927
        4.18593      -0.428966      -0.114596
        4.18593      -0.428966      -0.114596
        4.25628      -0.434972     -0.0762203
        4.25628      -0.434972     -0.0762203
        4.32663      -0.438184     -0.0390271
        4.32663      -0.438184     -0.0390271
        4.39698      -0.438706    -0.00322712
        4.39698      -0.438706    -0.00322712
        4.46734      -0.436654      0.0309888
        4.46734      -0.436654      0.0309888
        4.53769      -0.432158      0.0634494
        4.53769      -0.432158      0.0634494
        4.60804      -0.425362      0.0940042
        4.60804      -0.425362      0.0940042
        4.67839      -0.416415       0.122524
        4.67839      -0.416415       0.122524
        4.74874       -0.40548       0.148899
        4.74874       -0.40548       0.148899
         4.8191      -0.392723       0.173043
         4.8191      -0.392723       0.173043
        4.88945      -0.378316       0.194889
        4.88945      -0.378316       0.194889
         4.9598      -0.362436       0.214391
         4.9598      -0.362436       0.214391
        5.03015       -0.34526       0.231524
        5.03015       -0.34526       0.231524
         5.1005      -0.326968        0.24628
         5.1005      -0.326968        0.24628
        5.17085      -0.307738       0.258673
        5.17085      -0.307738       0.258673
        5.24121      -0.287745       0.268732
        5.24121      -0.287745       0.268732
        5.31156      -0.267161       0.276503
        5.31156      -0.267161       0.276503
        5.38191      -0.246155       0.282048
        5.38191      -0.246155       0.282048
        5.45226      -0.224889       0.285443
        5.45226      -0.224889       0.285443
        5.52261      -0.203519       0.286777
        5.52261      -0.203519       0.286777
        5.59296      -0.182192       0.286149
        5.59296      -0.182192       0.286149
        5.66332      -0.161048        0.28367
        5.66332      -0.161048        0.28367
        5.73367      -0.140218       0.279458
        5.73367      -0.140218       0.279458
        5.80402      -0.119823        0.27364
        5.80402      -0.119823        0.27364
        5.87437     -0.0999747       0.266347
        5.87437     -0.0999747       0.266347
        5.94472      -0.080774       0.257715
        5.94472      -0.080774       0.257715
        6.01508     -0.0623113       0.247883
        6.01508     -0.0623113       0.247883
        6.08543     -0.0446664       0.236993
        6.08543     -0.0446664       0.236993
        6.15578     -0.0279085       0.225185
        6.15578     -0.0279085       0.225185
        6.22613      -0.012096       0.212599
        6.22613      -0.012096       0.212599
        6.29648     0.00272288       0.199374
        6.29648     0.00272288       0.199374
        6.36683      0.0165105       0.185646
        6.36683      0.0165105       0.185646
        6.43719      0.0292391       0.171545
        6.43719      0.0292391       0.171545
        6.50754      0.0408903       0.157198
        6.50754      0.0408903       0.157198
        6.57789      0.0514551       0.142726
        6.57789      0.0514551       0.142726
        6.64824       0.060933       0.128244
        6.64824       0.060933       0.128244
        6.71859      0.0693318       0.113859
        6.71859      0.0693318       0.113859
        6.78894      0.0766668      0.0996705
        6.78894      0.0766668      0.0996705
         6.8593      0.0829601      0.0857717
         6.8593      0.0829601      0.0857717
        6.92965      0.0882405      0.0722465
        6.92965      0.0882405      0.0722465
              7      0.0925421      0.0591706
              7      0.0925421      0.0591706
