             -7     -0.0925421       0.105697
             -7     -0.0925421       0.105697
       -6.92965     -0.0882405       0.120628
       -6.92965     -0.0882405       0.120628
        -6.8593     -0.0829601       0.135753
        -6.8593     -0.0829601       0.135753
       -6.78894     -0.0766668       0.150966
       -6.78894     -0.0766668       0.150966
       -6.71859     -0.0693318       0.166151
       -6.71859     -0.0693318       0.166151
       -6.64824      -0.060933       0.181185
       -6.64824      -0.060933       0.181185
       -6.57789     -0.0514551       0.195941
       -6.57789     -0.0514551       0.195941
       -6.50754     -0.0408903       0.210284
       -6.50754     -0.0408903       0.210284
       -6.43719     -0.0292391       0.224073
       -6.43719     -0.0292391       0.224073
       -6.36683     -0.0165105       0.237165
       -6.36683     -0.0165105       0.237165
       -6.29648    -0.00272288       0.249414
       -6.29648    -0.00272288       0.249414
       -6.22613       0.012096        0.26067
       -6.22613       0.012096        0.26067
       -6.15578      0.0279085       0.270784
       -6.15578      0.0279085       0.270784
       -6.08543      0.0446664       0.279608
       -6.08543      0.0446664       0.279608
       -6.01508      0.0623113       0.286996
       -6.01508      0.0623113       0.286996
       -5.94472       0.080774       0.292803
       -5.94472       0.080774       0.292803
       -5.87437      0.0999747       0.296893
       -5.87437      0.0999747       0.296893
       -5.80402       0.119823       0.299133
       -5.80402       0.119823       0.299133
       -5.73367       0.140218       0.299401
       -5.73367       0.140218       0.299401
       -5.66332       0.161048        0.29758
       -5.66332       0.161048        0.29758
       -5.59296       0.182192       0.293569
       -5.59296       0.182192       0.293569
       -5.52261       0.203519       0.287277
       -5.52261       0.203519       0.287277
       -5.45226       0.224889       0.278626
       -5.45226       0.224889       0.278626
       -5.38191       0.246155       0.267556
       -5.38191       0.246155       0.267556
       -5.31156       0.267161       0.254021
       -5.31156       0.267161       0.254021
       -5.24121       0.287745       0.237994
       -5.24121       0.287745       0.237994
       -5.17085       0.307738       0.219468
       -5.17085       0.307738       0.219468
        -5.1005       0.326968       0.198454
        -5.1005       0.326968       0.198454
       -5.03015        0.34526       0.174985
       -5.03015        0.34526       0.174985
        -4.9598       0.362436       0.149114
        -4.9598       0.362436       0.149114
       -4.88945       0.378316       0.120918
       -4.88945       0.378316       0.120918
        -4.8191       0.392723      0.0904956
        -4.8191       0.392723      0.0904956
       -4.74874        0.40548      0.0579668
       -4.74874        0.40548      0.0579668
       -4.67839       0.416415      0.0234748
       -4.67839       0.416415      0.0234748
       -4.60804       0.425362     -0.0128151
       -4.60804       0.425362     -0.0128151
       -4.53769       0.432158     -0.0507163
       -4.53769       0.432158     -0.0507163
       -4.46734       0.436654      -0.090021
       -4.46734       0.436654      -0.090021
       -4.39698       0.438706      -0.130502
       -4.39698       0.438706      -0.130502
       -4.32663       0.438184      -0.171913
       -4.32663       0.438184      -0.171913
       -4.25628       0.434972      -0.213989
       -4.25628       0.434972      -0.213989
       -4.18593       0.428966      -0.256452
       -4.18593       0.428966      -0.256452
       -4.11558        0.42008      -0.299009
       -4.11558        0.42008      -0.299009
       -4.04523       0.408245      -0.341352
       -4.04523       0.408245      -0.341352
       -3.97487       0.393412      -0.383168
       -3.97487       0.393412      -0.383168
       -3.90452       0.375549      -0.424132
       -3.90452       0.375549      -0.424132
       -3.83417       0.354647      -0.463918
       -3.83417       0.354647      -0.463918
       -3.76382       0.330719      -0.502195
       -3.76382       0.330719      -0.502195
       -3.69347       0.303799      -0.538633
       -3.69347       0.303799      -0.538633
       -3.62312       0.273945      -0.572905
       -3.62312       0.273945      -0.572905
       -3.55276       0.241239      -0.604691
       -3.55276       0.241239      -0.604691
       -3.48241       0.205785      -0.633678
       -3.48241       0.205785      -0.633678
       -3.41206       0.167711      -0.659568
       -3.41206       0.167711      -0.659568
       -3.34171       0.127171      -0.682074
       -3.34171       0.127171      -0.682074
       -3.27136      0.0843386      -0.700931
       -3.27136      0.0843386      -0.700931
       -3.20101      0.0394115       -0.71589
       -3.20101      0.0394115       -0.71589
       -3.13065    -0.00739135      -0.726728
       -3.13065    -0.00739135      -0.726728
        -3.0603     -0.0558304      -0.733248
        -3.0603     -0.0558304      -0.733248
       -2.98995      -0.105647      -0.735279
       -2.98995      -0.105647      -0.735279
        -2.9196      -0.156564      -0.732681
        -2.9196      -0.156564      -0.732681
       -2.84925      -0.208289      -0.725347
       -2.84925      -0.208289      -0.725347
       -2.77889      -0.260515      -0.713204
       -2.77889      -0.260515      -0.713204
       -2.70854      -0.312921      -0.696212
       -2.70854      -0.312921      -0.696212
       -2.63819      -0.365179      -0.674371
       -2.63819      -0.365179      -0.674371
       -2.56784       -0.41695      -0.647717
       -2.56784       -0.41695      -0.647717
       -2.49749      -0.467892      -0.616321
       -2.49749      -0.467892      -0.616321
       -2.42714      -0.517657      -0.580298
       -2.42714      -0.517657      -0.580298
       -2.35678      -0.565898      -0.539796
       -2.35678      -0.565898      -0.539796
       -2.28643      -0.612273      -0.495003
       -2.28643      -0.612273      -0.495003
       -2.21608       -0.65644      -0.446143
       -2.21608       -0.65644      -0.446143
       -2.14573      -0.698069      -0.393477
       -2.14573      -0.698069      -0.393477
       -2.07538      -0.736838      -0.337298
       -2.07538      -0.736838      -0.337298
       -2.00503      -0.772438      -0.277932
       -2.00503      -0.772438      -0.277932
       -1.93467      -0.804579      -0.215737
       -1.93467      -0.804579      -0.215737
       -1.86432      -0.832985      -0.151096
       -1.86432      -0.832985      -0.151096
       -1.79397      -0.857404      -0.084418
       -1.79397      -0.857404      -0.084418
       -1.72362      -0.877606     -0.0161344
       -1.72362      -0.877606     -0.0161344
       -1.65327      -0.893386      0.0533055
       -1.65327      -0.893386      0.0533055
       -1.58291      -0.904568       0.123437
       -1.58291      -0.904568       0.123437
       -1.51256      -0.911002       0.193783
       -1.51256      -0.911002       0.193783
       -1.44221      -0.912571       0.263861
       -1.44221      -0.912571       0.263861
       -1.37186      -0.909191       0.333181
       -1.37186      -0.909191       0.333181
       -1.30151      -0.900809       0.401258
       -1.30151      -0.900809       0.401258
       -1.23116      -0.887407       0.467606
       -1.23116      -0.887407       0.467606
        -1.1608      -0.869001       0.531752
        -1.1608      -0.869001       0.531752
       -1.09045      -0.845642       0.593231
       -1.09045      -0.845642       0.593231
        -1.0201      -0.817418       0.651598
        -1.0201      -0.817418       0.651598
      -0.949749      -0.784449       0.706426
      -0.949749      -0.784449       0.706426
      -0.879397       -0.74689       0.757311
      -0.879397       -0.74689       0.757311
      -0.809045      -0.704928       0.803877
      -0.809045      -0.704928       0.803877
      -0.738693      -0.658785        0.84578
      -0.738693      -0.658785        0.84578
      -0.668342      -0.608712       0.882707
      -0.668342      -0.608712       0.882707
       -0.59799      -0.554987       0.914383
       -0.59799      -0.554987       0.914383
      -0.527638      -0.497918       0.940569
      -0.527638      -0.497918       0.940569
      -0.457286      -0.437837        0.96107
      -0.457286      -0.437837        0.96107
      -0.386935      -0.375098       0.975731
      -0.386935      -0.375098       0.975731
      -0.316583      -0.310076       0.984441
      -0.316583      -0.310076       0.984441
      -0.246231       -0.24316       0.987136
      -0.246231       -0.24316       0.987136
      -0.175879      -0.174758       0.983795
      -0.175879      -0.174758       0.983795
      -0.105528      -0.105285       0.974443
      -0.105528      -0.105285       0.974443
     -0.0351759     -0.0351669        0.95915
     -0.0351759     -0.0351669        0.95915
      0.0351759      0.0351669       0.938032
      0.0351759      0.0351669       0.938032
       0.105528       0.105285       0.911248
       0.105528       0.105285       0.911248
       0.175879       0.174758       0.878998
       0.175879       0.174758       0.878998
       0.246231        0.24316       0.841524
       0.246231        0.24316       0.841524
       0.316583       0.310076       0.799105
       0.316583       0.310076       0.799105
       0.386935       0.375098       0.752059
       0.386935       0.375098       0.752059
       0.457286       0.437837       0.700733
       0.457286       0.437837       0.700733
       0.527638       0.497918       0.645507
       0.527638       0.497918       0.645507
        0.59799       0.554987       0.586785
        0.59799       0.554987       0.586785
       0.668342       0.608712       0.524998
       0.668342       0.608712       0.524998
       0.738693       0.658785       0.460595
       0.738693       0.658785       0.460595
       0.809045       0.704928       0.394038
       0.809045       0.704928       0.394038
       0.879397        0.74689       0.325805
       0.879397        0.74689       0.325805
       0.949749       0.784449        0.25638
       0.949749       0.784449        0.25638
         1.0201       0.817418        0.18625
         1.0201       0.817418        0.18625
        1.09045       0.845642       0.115904
        1.09045       0.845642       0.115904
         1.1608       0.869001      0.0458241
         1.1608       0.869001      0.0458241
        1.23116       0.887407     -0.0235139
        1.23116       0.887407     -0.0235139
        1.30151       0.900809     -0.0916466
        1.30151       0.900809     -0.0916466
        1.37186       0.909191      -0.158127
        1.37186       0.909191      -0.158127
        1.44221       0.912571      -0.222525
        1.44221       0.912571      -0.222525
        1.51256       0.911002      -0.284435
        1.51256       0.911002      -0.284435
        1.58291       0.904568      -0.343475
        1.58291       0.904568      -0.343475
        1.65327       0.893386      -0.399293
        1.65327       0.893386      -0.399293
        1.72362       0.877606      -0.451565
        1.72362       0.877606      -0.451565
        1.79397       0.857404      -0.500001
        1.79397       0.857404      -0.500001
        1.86432       0.832985      -0.544344
        1.86432       0.832985      -0.544344
        1.93467       0.804579      -0.584375
        1.93467       0.804579      -0.584375
        2.00503       0.772438      -0.619909
        2.00503       0.772438      -0.619909
        2.07538       0.736838      -0.650801
        2.07538       0.736838      -0.650801
        2.14573       0.698069      -0.676943
        2.14573       0.698069      -0.676943
        2.21608        0.65644      -0.698265
        2.21608        0.65644      -0.698265
        2.28643       0.612273      -0.714736
        2.28643       0.612273      -0.714736
        2.35678       0.565898      -0.726362
        2.35678       0.565898      -0.726362
        2.42714       0.517657      -0.733184
        2.42714       0.517657      -0.733184
        2.49749       0.467892       -0.73528
        2.49749       0.467892       -0.73528
        2.56784        0.41695      -0.732761
        2.56784        0.41695      -0.732761
        2.63819       0.365179       -0.72577
        2.63819       0.365179       -0.72577
        2.70854       0.312921       -0.71448
        2.70854       0.312921       -0.71448
        2.77889       0.260515      -0.699092
        2.77889       0.260515      -0.699092
        2.84925       0.208289      -0.679833
        2.84925       0.208289      -0.679833
         2.9196       0.156564      -0.656951
         2.9196       0.156564      -0.656951
        2.98995       0.105647      -0.630715
        2.98995       0.105647      -0.630715
         3.0603      0.0558304      -0.601414
         3.0603      0.0558304      -0.601414
        3.13065     0.00739135      -0.569346
        3.13065     0.00739135      -0.569346
        3.20101     -0.0394115      -0.534827
        3.20101     -0.0394115      -0.534827
        3.27136     -0.0843386      -0.498176
        3.27136     -0.0843386      -0.498176
        3.34171      -0.127171      -0.459722
        3.34171      -0.127171      -0.459722
        3.41206      -0.167711      -0.419794
        3.41206      -0.167711      -0.419794
        3.48241      -0.205785      -0.378722
        3.48241      -0.205785      -0.378722
        3.55276      -0.241239      -0.336835
        3.55276      -0.241239      -0.336835
        3.62312      -0.273945      -0.294454
        3.62312      -0.273945      -0.294454
        3.69347      -0.303799      -0.251893
        3.69347      -0.303799      -0.251893
        3.76382      -0.330719      -0.209457
        3.76382      -0.330719      -0.209457
        3.83417      -0.354647      -0.167439
        3.83417      -0.354647      -0.167439
        3.90452      -0.375549      -0.126116
        3.90452      -0.375549      -0.126116
        3.97487      -0.393412     -0.0857494
        3.97487      -0.393412     -0.0857494
        4.04523      -0.408245     -0.0465845
        4.04523      -0.408245     -0.0465845
        4.11558       -0.42008    -0.00884636
        4.11558       -0.42008    -0.00884636
        4.18593      -0.428966      0.0272595
        4.18593      -0.428966      0.0272595
        4.25628      -0.434972      0.0615486
        4.25628      -0.434972      0.0615486
        4.32663      -0.438184      0.0938582
        4.32663      -0.438184      0.0938582
        4.39698      -0.438706       0.124048
        4.39698      -0.438706       0.124048
        4.46734      -0.436654       0.151999
        4.46734      -0.436654       0.151999
        4.53769      -0.432158       0.177615
        4.53769      -0.432158       0.177615
        4.60804      -0.425362       0.200824
        4.60804      -0.425362       0.200824
        4.67839      -0.416415       0.221572
        4.67839      -0.416415       0.221572
        4.74874       -0.40548       0.239831
        4.74874       -0.40548       0.239831
         4.8191      -0.392723        0.25559
         4.8191      -0.392723        0.25559
        4.88945      -0.378316       0.268859
        4.88945      -0.378316       0.268859
         4.9598      -0.362436       0.279668
         4.9598      -0.362436       0.279668
        5.03015       -0.34526       0.288063
        5.03015       -0.34526       0.288063
         5.1005      -0.326968       0.294107
         5.1005      -0.326968       0.294107
        5.17085      -0.307738       0.297878
        5.17085      -0.307738       0.297878
        5.24121      -0.287745        0.29947
        5.24121      -0.287745        0.29947
        5.31156      -0.267161       0.298986
        5.31156      -0.267161       0.298986
        5.38191      -0.246155       0.296541
        5.38191      -0.246155       0.296541
        5.45226      -0.224889       0.292261
        5.45226      -0.224889       0.292261
        5.52261      -0.203519       0.286277
        5.52261      -0.203519       0.286277
        5.59296      -0.182192       0.278729
        5.59296      -0.182192       0.278729
        5.66332      -0.161048       0.269759
        5.66332      -0.161048       0.269759
        5.73367      -0.140218       0.259516
        5.73367      -0.140218       0.259516
        5.80402      -0.119823       0.248146
        5.80402      -0.119823       0.248146
        5.87437     -0.0999747         0.2358
        5.87437     -0.0999747         0.2358
        5.94472      -0.080774       0.222626
        5.94472      -0.080774       0.222626
        6.01508     -0.0623113       0.208771
        6.01508     -0.0623113       0.208771
        6.08543     -0.0446664       0.194378
        6.08543     -0.0446664       0.194378
        6.15578     -0.0279085       0.179586
        6.15578     -0.0279085       0.179586
        6.22613      -0.012096       0.164529
        6.22613      -0.012096       0.164529
        6.29648     0.00272288       0.149335
        6.29648     0.00272288       0.149335
        6.36683      0.0165105       0.134126
        6.36683      0.0165105       0.134126
        6.43719      0.0292391       0.119017
        6.43719      0.0292391       0.119017
        6.50754      0.0408903       0.104112
        6.50754      0.0408903       0.104112
        6.57789      0.0514551      0.0895113
        6.57789      0.0514551      0.0895113
        6.64824       0.060933      0.0753025
        6.64824       0.060933      0.0753025
        6.71859      0.0693318      0.0615667
        6.71859      0.0693318      0.0615667
        6.78894      0.0766668      0.0483752
        6.78894      0.0766668      0.0483752
         6.8593      0.0829601      0.0357903
         6.8593      0.0829601      0.0357903
        6.92965      0.0882405      0.0238653
        6.92965      0.0882405      0.0238653
              7      0.0925421      0.0126448
              7      0.0925421      0.0126448
