              0        1.05257          5e+15
        4.22303        1.09359          5e+15
        7.82489        1.19634          5e+15
         18.103        1.28395          5e+15
        28.3811        1.42031          5e+15
        47.4066        1.53457          5e+15
         66.432        1.68264          5e+15
        95.6677        1.80842          5e+15
        124.903        1.99576          5e+15
        176.623        2.15329          5e+15
        228.343        2.36444          5e+15
        310.554        2.54341          5e+15
        392.764        2.80323          5e+15
        534.458        3.02217          5e+15
        676.152        3.32135          5e+15
        905.816        3.57459          5e+15
        1135.48        3.93688          5e+15
        1525.45        4.24252          5e+15
        1915.41        4.66484          5e+15
        2554.61        5.02203          5e+15
        3193.82        5.52875          5e+15
         4269.9         5.9565          5e+15
        5345.99        6.55132          5e+15
        7121.23        7.05419          5e+15
        8896.47        7.76413          5e+15
        11870.4        8.36365          5e+15
        14844.3        9.20038          5e+15
        19768.6        9.90758          5e+15
        24692.8        10.9032          5e+15
        32918.7        11.7442          5e+15
        41144.7        12.9203          5e+15
        54794.3        13.9143          5e+15
        68443.9        15.3113          5e+15
        91208.3        16.4915          5e+15
         113973        18.1441          5e+15
         151793        19.5406          5e+15
         189613        21.5016          5e+15
         252629        23.1583          5e+15
         315645        25.4797          5e+15
         420411        27.4412          5e+15
         525177        30.1944          5e+15
         699645        32.5203          5e+15
         874113        35.7809          5e+15
    1.16429e+06        38.5359          5e+15
    1.45446e+06        42.4014          5e+15
    1.93754e+06        45.6673          5e+15
    2.42063e+06        50.2466          5e+15
    3.22427e+06        54.1156          5e+15
    4.02791e+06        59.5435          5e+15
    5.36558e+06        64.1294          5e+15
    6.70324e+06        70.5603          5e+15
    8.92884e+06        75.9937          5e+15
    1.11544e+07        83.6156          5e+15
    1.48586e+07        90.0552          5e+15
    1.85627e+07        99.0863          5e+15
    2.47261e+07        106.717          5e+15
    3.08895e+07        117.419          5e+15
    4.11467e+07        126.462          5e+15
     5.1404e+07        139.145          5e+15
     6.8472e+07         149.86          5e+15
    8.55401e+07        164.889          5e+15
    1.13944e+08        177.588          5e+15
    1.42348e+08        195.397          5e+15
    1.89614e+08        210.444          5e+15
    2.36879e+08         231.55          5e+15
    3.15536e+08        249.381          5e+15
    3.94192e+08        274.391          5e+15
    5.25081e+08        295.522          5e+15
     6.5597e+08        325.159          5e+15
    8.73784e+08          350.2          5e+15
     1.0916e+09        385.321          5e+15
    1.45406e+09        414.994          5e+15
    1.81652e+09        456.613          5e+15
    2.41969e+09        491.776          5e+15
    3.02286e+09        541.095          5e+15
    4.02658e+09        582.765          5e+15
    5.03031e+09        641.209          5e+15
    6.70061e+09        690.588          5e+15
    8.37091e+09        759.846          5e+15
    1.11504e+10        818.361          5e+15
      1.393e+10        900.433          5e+15
    1.85553e+10        969.774          5e+15
    2.31807e+10        1067.03          5e+15
    3.08778e+10         1149.2          5e+15
    3.85749e+10        1264.45          5e+15
    5.13835e+10        1361.83          5e+15
    6.41921e+10         1498.4          5e+15
    8.55068e+10        1613.79          5e+15
    1.06822e+11        1775.64          5e+15
    1.42291e+11        1912.38          5e+15
    1.77761e+11        2104.17          5e+15
    2.36786e+11        2266.21          5e+15
     2.9581e+11        2493.48          5e+15
    3.94033e+11         2685.5          5e+15
    4.92255e+11        2954.82          5e+15
    6.55707e+11        3182.37          5e+15
    8.19158e+11        3501.52          5e+15
    1.09116e+12        3771.17          5e+15
    1.36315e+12        4149.38          5e+15
    1.81578e+12        4468.92          5e+15
    2.26841e+12         4917.1          5e+15
    3.02163e+12        5295.76          5e+15
    3.77485e+12        5826.86          5e+15
    5.02827e+12        6275.58          5e+15
    6.28169e+12        6904.94          5e+15
    8.36749e+12        7436.69          5e+15
    1.04533e+13         8182.5          5e+15
    1.39243e+13        8812.62          5e+15
    1.73952e+13        9696.42          5e+15
    2.31713e+13        10443.1          5e+15
    2.89473e+13        11490.5          5e+15
    3.85591e+13        12375.3          5e+15
    4.81709e+13        13616.4          5e+15
    6.41659e+13          14665          5e+15
    8.01608e+13        16135.7          5e+15
    1.06778e+14        17378.3          5e+15
    1.33395e+14        19121.2          5e+15
    1.77688e+14        20593.7          5e+15
    2.21981e+14          22659          5e+15
    2.95689e+14        24403.9          5e+15
    3.69397e+14        26851.3          5e+15
    4.92054e+14        28919.1          5e+15
     6.1471e+14        31819.4          5e+15
    8.18822e+14        34269.7          5e+15
    1.02293e+15        37706.6          5e+15
    1.36259e+15        40610.3          5e+15
    1.70226e+15        44683.1          5e+15
    2.26748e+15        48124.1          5e+15
    2.83271e+15        52950.3          5e+15
     3.7733e+15          57028          5e+15
    4.71388e+15        62747.2          5e+15
    6.27911e+15        67579.3          5e+15
    7.84433e+15        74356.7          5e+15
     1.0449e+16        80082.8          5e+15
    1.30537e+16        88114.2          5e+15
    1.73881e+16        94899.7          5e+15
    2.17225e+16         104417          5e+15
    2.89354e+16         112458          5e+15
    3.61483e+16         123736          5e+15
    4.81511e+16         133265          5e+15
     6.0154e+16         146630          5e+15
    8.01279e+16         157922          5e+15
    1.00102e+17         173759          5e+15
     1.3334e+17         187141          5e+15
    1.66578e+17         205908          5e+15
     2.2189e+17         221765          5e+15
    2.77202e+17         244006          5e+15
    3.69245e+17         262796          5e+15
    4.61289e+17         289152          5e+15
    6.14458e+17         311419          5e+15
    7.67627e+17         342650          5e+15
    1.02251e+18         369038          5e+15
     1.2774e+18         406048          5e+15
    1.70156e+18         437317          5e+15
    2.12571e+18         481175          5e+15
    2.83154e+18         518229          5e+15
    3.53738e+18         570202          5e+15
    4.71195e+18         614112          5e+15
    5.88652e+18         675700          5e+15
    7.84111e+18         727735          5e+15
     9.7957e+18         800718          5e+15
    1.30483e+19         862381          5e+15
    1.63009e+19         948867          5e+15
    2.17136e+19    1.02194e+06          5e+15
    2.71263e+19    1.12443e+06          5e+15
    3.61334e+19    1.21102e+06          5e+15
    4.51406e+19    1.33247e+06          5e+15
    6.01293e+19    1.43508e+06          5e+15
     7.5118e+19      1.579e+06          5e+15
    1.00061e+20     1.7006e+06          5e+15
    1.25003e+20    1.87115e+06          5e+15
     1.6651e+20    2.01524e+06          5e+15
    2.08017e+20    2.21735e+06          5e+15
    2.77088e+20    2.38811e+06          5e+15
    3.46159e+20     2.6276e+06          5e+15
    4.61099e+20    2.82995e+06          5e+15
     5.7604e+20    3.11376e+06          5e+15
    7.67311e+20    3.35355e+06          5e+15
    9.58583e+20    3.68987e+06          5e+15
    1.27688e+21    3.97402e+06          5e+15
    1.59517e+21    4.37257e+06          5e+15
    2.12484e+21     4.7093e+06          5e+15
    2.65451e+21    5.18158e+06          5e+15
    3.53592e+21    5.58061e+06          5e+15
    4.41734e+21    6.14028e+06          5e+15
     5.8841e+21    6.61314e+06          5e+15
    7.35086e+21    7.27636e+06          5e+15
    9.79168e+21     7.8367e+06          5e+15
    1.22325e+22    8.62263e+06          5e+15
    1.62942e+22    9.28665e+06          5e+15
     2.0356e+22     1.0218e+07          5e+15
    2.71151e+22    1.10049e+07          5e+15
    3.38742e+22    1.21085e+07          5e+15
     4.5122e+22     1.3041e+07          5e+15
    5.63698e+22    1.43488e+07          5e+15
    7.50871e+22    1.54538e+07          5e+15
    9.38044e+22    1.70037e+07          5e+15
    1.24952e+23    1.83131e+07          5e+15
    1.56099e+23    2.01497e+07          5e+15
    2.07931e+23    2.17014e+07          5e+15
    2.59763e+23    2.38778e+07          5e+15
    3.46016e+23    2.57166e+07          5e+15
    4.32269e+23    2.82956e+07          5e+15
    5.75801e+23    3.04746e+07          5e+15
    7.19334e+23    3.35309e+07    4.99999e+15
    9.58185e+23     3.6113e+07    4.99999e+15
    1.19704e+24    3.97347e+07    4.99999e+15
     1.5945e+24    4.27947e+07    4.99999e+15
    1.99197e+24    4.70864e+07    4.99999e+15
    2.65339e+24    5.07125e+07    4.99999e+15
    3.31482e+24    5.57983e+07    4.99998e+15
    4.41547e+24    6.00952e+07    4.99998e+15
    5.51613e+24     6.6122e+07    4.99998e+15
    7.34772e+24    7.12139e+07    4.99997e+15
     9.1793e+24    7.83557e+07    4.99997e+15
    1.22272e+25    8.43898e+07    4.99996e+15
    1.52751e+25    9.28528e+07    4.99996e+15
     2.0347e+25    1.00003e+08    4.99995e+15
    2.54188e+25    1.10032e+08    4.99994e+15
    3.38587e+25    1.18505e+08    4.99993e+15
    4.22986e+25    1.30389e+08    4.99991e+15
     5.6343e+25     1.4043e+08     4.9999e+15
    7.03873e+25    1.54513e+08    4.99988e+15
    9.37573e+25    1.66411e+08    4.99986e+15
    1.17127e+26    1.83099e+08    4.99983e+15
    1.56015e+26    1.97198e+08     4.9998e+15
    1.94903e+26    2.16972e+08    4.99976e+15
     2.5961e+26     2.3368e+08    4.99972e+15
    3.24317e+26    2.57111e+08    4.99966e+15
    4.31982e+26    2.76908e+08    4.99961e+15
    5.39648e+26    3.04672e+08    4.99952e+15
    7.18784e+26     3.2813e+08    4.99945e+15
     8.9792e+26    3.61027e+08    4.99933e+15
    1.19595e+27    3.88822e+08    4.99922e+15
    1.49398e+27    4.27798e+08    4.99906e+15
    1.98976e+27    4.60731e+08    4.99891e+15
    2.48555e+27    5.06906e+08    4.99868e+15
    3.31021e+27    5.45923e+08    4.99847e+15
    4.13486e+27    6.00621e+08    4.99814e+15
    5.50629e+27    6.46843e+08    4.99785e+15
    6.87771e+27    7.11628e+08    4.99739e+15
    9.15783e+27    7.66377e+08    4.99698e+15
    1.14379e+28    8.43094e+08    4.99634e+15
    1.52275e+28    9.07932e+08    4.99576e+15
     1.9017e+28    9.98751e+08    4.99487e+15
     2.5312e+28    1.07552e+09    4.99405e+15
     3.1607e+28    1.18299e+09     4.9928e+15
    4.20566e+28    1.27385e+09    4.99166e+15
    5.25061e+28    1.40096e+09    4.98991e+15
    6.98351e+28    1.50844e+09     4.9883e+15
     8.7164e+28    1.65866e+09    4.98586e+15
    1.15862e+29    1.78573e+09    4.98362e+15
     1.4456e+29    1.96305e+09    4.98021e+15
    1.91996e+29    2.11314e+09    4.97707e+15
    2.39432e+29    2.32217e+09    4.97233e+15
    3.17636e+29    2.49921e+09    4.96796e+15
     3.9584e+29    2.74513e+09    4.96137e+15
    5.24312e+29    2.95361e+09     4.9553e+15
    6.52784e+29    3.23275e+09     4.9465e+15
    8.55363e+29    3.47079e+09    4.93838e+15
    1.05794e+30    3.78125e+09    4.92694e+15
    1.36685e+30    4.04803e+09    4.91636e+15
    1.67576e+30    4.39206e+09    4.90168e+15
    2.13805e+30    4.68976e+09    4.88805e+15
    2.60034e+30    5.06946e+09    4.86942e+15
    3.27996e+30    5.40017e+09    4.85208e+15
    3.95958e+30    5.81785e+09    4.82871e+15
    4.94265e+30    6.18384e+09     4.8069e+15
    5.92572e+30    6.64203e+09    4.77787e+15
    7.32697e+30     7.0458e+09    4.75071e+15
    8.72823e+30    7.54738e+09    4.71498e+15
    1.06992e+31    7.99176e+09    4.68151e+15
    1.26701e+31    8.54008e+09    4.63791e+15
    1.54093e+31    9.02832e+09    4.59702e+15
    1.81486e+31    9.47098e+09     4.5583e+15
    2.08878e+31    1.00956e+10     4.5011e+15
     2.5185e+31    1.06551e+10    4.44739e+15
    2.94821e+31    1.11647e+10    4.39652e+15
    3.37793e+31    1.18727e+10    4.32292e+15
    4.03784e+31     1.2511e+10    4.25378e+15
    4.69775e+31    1.30954e+10    4.18831e+15
    5.35767e+31    1.39026e+10    4.09468e+15
     6.3596e+31    1.46348e+10    4.00678e+15
    7.36153e+31    1.53085e+10    3.92363e+15
    8.36347e+31    1.62399e+10    3.80545e+15
    9.87778e+31    1.70897e+10    3.69475e+15
    1.13921e+32    1.78754e+10     3.5903e+15
    1.29064e+32    1.89773e+10    3.44104e+15
    1.52157e+32     1.9988e+10    3.30192e+15
    1.75251e+32    2.12723e+10    3.12312e+15
    2.07212e+32    2.24543e+10    2.95757e+15
    2.39174e+32    2.35571e+10    2.80314e+15
    2.71136e+32    2.49917e+10     2.6035e+15
    3.15691e+32    2.63332e+10    2.41932e+15
    3.60247e+32    2.76028e+10    2.24833e+15
    4.04803e+32    2.88153e+10    2.08884e+15
    4.49359e+32    3.05095e+10    1.87355e+15
    5.14533e+32    3.21325e+10    1.67688e+15
    5.79707e+32    3.37044e+10    1.49645e+15
    6.44882e+32    3.52407e+10    1.33042e+15
    7.10056e+32    3.75933e+10    1.09718e+15
    8.11561e+32     3.8373e+10    1.02566e+15
    8.45396e+32    3.90035e+10     9.6996e+14
    8.72749e+32    3.96117e+10    9.18033e+14
    8.99097e+32    4.02058e+10    8.69021e+14
    9.24769e+32    4.07881e+10    8.22628e+14
    9.49837e+32      4.136e+10    7.78633e+14
    9.74344e+32    4.19228e+10    7.36854e+14
    9.98326e+32    4.24774e+10    6.97137e+14
    1.02181e+33    4.30248e+10    6.59348e+14
    1.04481e+33    4.35656e+10     6.2337e+14
    1.06735e+33    4.41004e+10    5.89101e+14
    1.08944e+33    4.46298e+10    5.56446e+14
    1.11109e+33    4.51544e+10    5.25322e+14
    1.13231e+33    4.56744e+10    4.95651e+14
     1.1531e+33    4.61905e+10    4.67361e+14
    1.17349e+33    4.67029e+10    4.40386e+14
    1.19346e+33    4.72121e+10    4.14664e+14
    1.21303e+33    4.77184e+10    3.90137e+14
     1.2322e+33    4.82221e+10    3.66749e+14
    1.25099e+33    4.87237e+10    3.44449e+14
    1.26938e+33    4.92236e+10    3.23188e+14
     1.2874e+33    4.97221e+10    3.02916e+14
    1.30504e+33    5.02197e+10    2.83588e+14
    1.32231e+33    5.07168e+10    2.65161e+14
    1.33922e+33    5.12141e+10     2.4759e+14
    1.35579e+33    5.17121e+10    2.30833e+14
    1.37202e+33    5.22116e+10    2.14847e+14
    1.38792e+33    5.27135e+10    1.99588e+14
    1.40351e+33    5.32191e+10    1.85013e+14
    1.41882e+33    5.37297e+10    1.71073e+14
    1.43386e+33    5.42476e+10    1.57713e+14
    1.44869e+33    5.47715e+10     1.4497e+14
    1.46324e+33    5.52913e+10    1.33065e+14
    1.47722e+33    5.58072e+10    1.21954e+14
    1.49065e+33    5.63192e+10    1.11593e+14
    1.50352e+33    5.68274e+10     1.0194e+14
    1.51585e+33    5.73321e+10    9.29547e+13
    1.52765e+33    5.78334e+10    8.45995e+13
    1.53893e+33    5.83315e+10    7.68375e+13
     1.5497e+33    5.88266e+10    6.96337e+13
    1.55997e+33    5.92928e+10     6.3298e+13
    1.56925e+33     5.9728e+10    5.77606e+13
    1.57756e+33    6.01384e+10    5.28581e+13
    1.58509e+33    6.05286e+10    4.84738e+13
    1.59198e+33    6.09017e+10    4.45254e+13
    1.59831e+33      6.126e+10    4.09515e+13
    1.60416e+33    6.16049e+10    3.77039e+13
    1.60958e+33    6.19377e+10    3.47438e+13
    1.61462e+33    6.22595e+10     3.2039e+13
     1.6193e+33     6.2571e+10    2.95625e+13
    1.62366e+33     6.2873e+10    2.72911e+13
    1.62774e+33     6.3166e+10    2.52048e+13
    1.63154e+33    6.34506e+10    2.32861e+13
    1.63509e+33    6.37272e+10    2.15197e+13
    1.63841e+33    6.39961e+10    1.98919e+13
    1.64152e+33    6.42578e+10    1.83907e+13
    1.64443e+33    6.45126e+10    1.70054e+13
    1.64716e+33    6.47607e+10    1.57261e+13
    1.64971e+33    6.50024e+10    1.45441e+13
     1.6521e+33    6.52379e+10    1.34515e+13
    1.65433e+33    6.54675e+10    1.24412e+13
    1.65643e+33    6.56913e+10    1.15067e+13
    1.65839e+33    6.59095e+10     1.0642e+13
    1.66023e+33    6.61224e+10    9.84164e+12
    1.66196e+33      6.633e+10    9.10076e+12
    1.66357e+33    6.65325e+10     8.4148e+12
    1.66508e+33    6.67301e+10     7.7796e+12
     1.6665e+33    6.69229e+10    7.19135e+12
    1.66782e+33     6.7111e+10    6.64654e+12
    1.66906e+33    6.72946e+10    6.14193e+12
    1.67022e+33    6.74737e+10    5.67455e+12
    1.67131e+33    6.76485e+10    5.24166e+12
    1.67233e+33     6.7819e+10    4.84072e+12
    1.67328e+33    6.79854e+10     4.4694e+12
    1.67416e+33    6.81478e+10    4.12552e+12
    1.67499e+33    6.83063e+10     3.8071e+12
    1.67577e+33    6.84609e+10    3.51228e+12
    1.67649e+33    6.86117e+10    3.23934e+12
    1.67717e+33    6.87589e+10     2.9867e+12
     1.6778e+33    6.89025e+10    2.75289e+12
    1.67839e+33    6.90425e+10    2.53655e+12
    1.67894e+33    6.91791e+10     2.3364e+12
    1.67945e+33    6.93123e+10    2.15128e+12
    1.67993e+33    6.94422e+10    1.98009e+12
    1.68037e+33    6.95689e+10    1.82183e+12
    1.68079e+33    6.96924e+10    1.67556e+12
    1.68117e+33    6.98128e+10    1.54041e+12
    1.68153e+33    6.99302e+10    1.41556e+12
    1.68186e+33    7.00446e+10    1.30027e+12
    1.68217e+33    7.01561e+10    1.19384e+12
    1.68246e+33    7.02647e+10    1.09562e+12
    1.68273e+33    7.03705e+10    1.00501e+12
    1.68298e+33    7.04736e+10     9.2145e+11
    1.68321e+33     7.0574e+10    8.44418e+11
    1.68342e+33    7.06718e+10    7.73432e+11
    1.68362e+33     7.0767e+10    7.08045e+11
     1.6838e+33    7.08597e+10     6.4784e+11
    1.68397e+33    7.09499e+10     5.9243e+11
    1.68413e+33    7.10377e+10    5.41454e+11
    1.68427e+33    7.11231e+10    4.94581e+11
     1.6844e+33    7.12062e+10      4.515e+11
    1.68453e+33    7.12871e+10    4.11923e+11
    1.68464e+33    7.13656e+10    3.75583e+11
    1.68475e+33    7.14421e+10    3.42233e+11
    1.68484e+33    7.15163e+10    3.11643e+11
    1.68493e+33    7.15885e+10      2.836e+11
    1.68501e+33    7.16587e+10    2.57905e+11
    1.68509e+33    7.17268e+10    2.34377e+11
    1.68516e+33     7.1793e+10    2.12844e+11
    1.68522e+33    7.18572e+10    1.93149e+11
    1.68528e+33    7.19196e+10    1.75147e+11
    1.68534e+33    7.19802e+10    1.58703e+11
    1.68538e+33    7.20389e+10    1.43691e+11
    1.68543e+33    7.20959e+10    1.29996e+11
    1.68547e+33    7.21512e+10    1.17511e+11
    1.68551e+33    7.22048e+10    1.06137e+11
    1.68554e+33    7.22567e+10    9.57822e+10
    1.68558e+33     7.2307e+10    8.63629e+10
     1.6856e+33    7.23558e+10    7.78008e+10
    1.68563e+33     7.2403e+10    7.00239e+10
    1.68565e+33    7.24488e+10    6.29658e+10
    1.68568e+33     7.2493e+10    5.65653e+10
     1.6857e+33    7.25359e+10     5.0766e+10
    1.68571e+33    7.25773e+10    4.55158e+10
    1.68573e+33    7.26174e+10     4.0767e+10
    1.68574e+33    7.26562e+10    3.64755e+10
    1.68576e+33    7.26936e+10    3.26009e+10
    1.68577e+33    7.27298e+10    2.91059e+10
    1.68578e+33    7.27647e+10    2.59565e+10
    1.68579e+33    7.27985e+10    2.31212e+10
     1.6858e+33    7.28311e+10    2.05714e+10
    1.68581e+33    7.28625e+10    1.82807e+10
    1.68581e+33    7.28928e+10    1.62249e+10
    1.68582e+33     7.2922e+10     1.4382e+10
    1.68583e+33    7.29501e+10    1.27319e+10
    1.68583e+33    7.29773e+10     1.1256e+10
    1.68584e+33    7.30034e+10     9.9376e+09
    1.68584e+33    7.30285e+10    8.76124e+09
    1.68584e+33    7.30527e+10    7.71297e+09
    1.68585e+33     7.3076e+10    6.78004e+09
    1.68585e+33    7.30983e+10    5.95086e+09
    1.68585e+33    7.31198e+10     5.2149e+09
    1.68586e+33    7.31405e+10    4.56258e+09
    1.68586e+33    7.31603e+10    3.98524e+09
    1.68586e+33    7.31793e+10    3.47501e+09
    1.68586e+33    7.31975e+10    3.02479e+09
    1.68586e+33     7.3215e+10    2.62813e+09
    1.68586e+33    7.32317e+10    2.27922e+09
    1.68587e+33    7.32477e+10    1.97284e+09
    1.68587e+33    7.32631e+10    1.70426e+09
    1.68587e+33    7.32777e+10    1.46923e+09
    1.68587e+33    7.32918e+10    1.26394e+09
    1.68587e+33    7.33051e+10    1.08497e+09
    1.68587e+33    7.33179e+10    9.29233e+08
    1.68587e+33    7.33301e+10    7.93999e+08
    1.68587e+33    7.33417e+10    6.76809e+08
    1.68587e+33    7.33528e+10    5.75476e+08
    1.68587e+33    7.33633e+10    4.88048e+08
    1.68587e+33    7.33734e+10    4.12792e+08
    1.68587e+33    7.33829e+10    3.48168e+08
    1.68587e+33     7.3392e+10    2.92813e+08
    1.68587e+33    7.34005e+10    2.45519e+08
    1.68587e+33    7.34087e+10     2.0522e+08
    1.68587e+33    7.34164e+10    1.70977e+08
    1.68587e+33    7.34237e+10    1.41965e+08
    1.68587e+33    7.34306e+10    1.17459e+08
    1.68587e+33    7.34371e+10    9.68239e+07
    1.68587e+33    7.34433e+10    7.95056e+07
    1.68587e+33    7.34491e+10    6.50209e+07
    1.68587e+33    7.34545e+10    5.29496e+07
    1.68587e+33    7.34597e+10    4.29275e+07
    1.68587e+33    7.34645e+10    3.46395e+07
    1.68587e+33     7.3469e+10     2.7814e+07
    1.68587e+33    7.34733e+10    2.22174e+07
    1.68587e+33    7.34772e+10    1.76496e+07
    1.68587e+33    7.34809e+10    1.39394e+07
    1.68587e+33    7.34844e+10    1.09413e+07
    1.68587e+33    7.34876e+10    8.53178e+06
    1.68587e+33    7.34906e+10    6.60643e+06
    1.68587e+33    7.34934e+10    5.07739e+06
    1.68587e+33    7.34959e+10    3.87102e+06
    1.68587e+33    7.34983e+10    2.92589e+06
    1.68587e+33    7.35005e+10    2.19099e+06
    1.68587e+33    7.35025e+10    1.62417e+06
    1.68587e+33    7.35044e+10    1.19081e+06
    1.68587e+33    7.35061e+10         862615
    1.68587e+33    7.35076e+10         616640
    1.68587e+33     7.3509e+10         434372
    1.68587e+33    7.35103e+10         300996
    1.68587e+33    7.35114e+10         204750
