(array([ 1418.006836,  1418.019531,  1418.032227,  1418.044922,
        1418.057617,  1418.070312,  1418.083008,  1418.095703,
        1418.108398,  1418.121094,  1418.133789,  1418.146484,
        1418.15918 ,  1418.171875,  1418.18457 ,  1418.197266,
        1418.209961,  1418.222656,  1418.235352,  1418.248047,
        1418.260742,  1418.273438,  1418.286133,  1418.298828,
        1418.311523,  1418.324219,  1418.336914,  1418.349609,
        1418.362305,  1418.375   ,  1418.387695,  1418.400391,
        1418.413086,  1418.425781,  1418.438477,  1418.451172,
        1418.463867,  1418.476562,  1418.489258,  1418.501953,
        1418.514648,  1418.527344,  1418.540039,  1418.552734,
        1418.56543 ,  1418.578125,  1418.59082 ,  1418.603516,
        1418.616211,  1418.628906,  1418.641602,  1418.654297,
        1418.666992,  1418.679688,  1418.692383,  1418.705078,
        1418.717773,  1418.730469,  1418.743164,  1418.755859,
        1418.768555,  1418.78125 ,  1418.793945,  1418.806641,
        1418.819336,  1418.832031,  1418.844727,  1418.857422,
        1418.870117,  1418.882812,  1418.895508,  1418.908203,
        1418.920898,  1418.933594,  1418.946289,  1418.958984,
        1418.97168 ,  1418.984375,  1418.99707 ,  1419.009766,
        1419.022461,  1419.035156,  1419.047852,  1419.060547,
        1419.073242,  1419.085938,  1419.098633,  1419.111328,
        1419.124023,  1419.136719,  1419.149414,  1419.162109,
        1419.174805,  1419.1875  ,  1419.200195,  1419.212891,
        1419.225586,  1419.238281,  1419.250977,  1419.263672,
        1419.276367,  1419.289062,  1419.301758,  1419.314453,
        1419.327148,  1419.339844,  1419.352539,  1419.365234,
        1419.37793 ,  1419.390625,  1419.40332 ,  1419.416016,
        1419.428711,  1419.441406,  1419.454102,  1419.466797,
        1419.479492,  1419.492188,  1419.504883,  1419.517578,
        1419.530273,  1419.542969,  1419.555664,  1419.568359,
        1419.581055,  1419.59375 ,  1419.606445,  1419.619141,
        1419.631836,  1419.644531,  1419.657227,  1419.669922,
        1419.682617,  1419.695312,  1419.708008,  1419.720703,
        1419.733398,  1419.746094,  1419.758789,  1419.771484,
        1419.78418 ,  1419.796875,  1419.80957 ,  1419.822266,
        1419.834961,  1419.847656,  1419.860352,  1419.873047,
        1419.885742,  1419.898438,  1419.911133,  1419.923828,
        1419.936523,  1419.949219,  1419.961914,  1419.974609,
        1419.987305,  1420.      ,  1420.012695,  1420.025391,
        1420.038086,  1420.050781,  1420.063477,  1420.076172,
        1420.088867,  1420.101562,  1420.114258,  1420.126953,
        1420.139648,  1420.152344,  1420.165039,  1420.177734,
        1420.19043 ,  1420.203125,  1420.21582 ,  1420.228516,
        1420.241211,  1420.253906,  1420.266602,  1420.279297,
        1420.291992,  1420.304688,  1420.317383,  1420.330078,
        1420.342773,  1420.355469,  1420.368164,  1420.380859,
        1420.393555,  1420.40625 ,  1420.418945,  1420.431641,
        1420.444336,  1420.457031,  1420.469727,  1420.482422,
        1420.495117,  1420.507812,  1420.520508,  1420.533203,
        1420.545898,  1420.558594,  1420.571289,  1420.583984,
        1420.59668 ,  1420.609375,  1420.62207 ,  1420.634766,
        1420.647461,  1420.660156,  1420.672852,  1420.685547,
        1420.698242,  1420.710938,  1420.723633,  1420.736328,
        1420.749023,  1420.761719,  1420.774414,  1420.787109,
        1420.799805,  1420.8125  ,  1420.825195,  1420.837891,
        1420.850586,  1420.863281,  1420.875977,  1420.888672,
        1420.901367,  1420.914062,  1420.926758,  1420.939453,
        1420.952148,  1420.964844,  1420.977539,  1420.990234,
        1421.00293 ,  1421.015625,  1421.02832 ,  1421.041016,
        1421.053711,  1421.066406,  1421.079102,  1421.091797,
        1421.104492,  1421.117188,  1421.129883,  1421.142578,
        1421.155273,  1421.167969,  1421.180664,  1421.193359,
        1421.206055,  1421.21875 ,  1421.231445,  1421.244141,
        1421.256836,  1421.269531,  1421.282227,  1421.294922,
        1421.307617,  1421.320312,  1421.333008,  1421.345703,
        1421.358398,  1421.371094,  1421.383789,  1421.396484,
        1421.40918 ,  1421.421875,  1421.43457 ,  1421.447266,
        1421.459961,  1421.472656,  1421.485352,  1421.498047,
        1421.510742,  1421.523438,  1421.536133,  1421.548828,
        1421.561523,  1421.574219,  1421.586914,  1421.599609,
        1421.612305,  1421.625   ,  1421.637695,  1421.650391,
        1421.663086,  1421.675781,  1421.688477,  1421.701172,
        1421.713867,  1421.726562,  1421.739258,  1421.751953,
        1421.764648,  1421.777344,  1421.790039,  1421.802734,
        1421.81543 ,  1421.828125,  1421.84082 ,  1421.853516,
        1421.866211,  1421.878906,  1421.891602,  1421.904297,
        1421.916992,  1421.929688,  1421.942383,  1421.955078,
        1421.967773,  1421.980469,  1421.993164]),
 array([  9543413.1468285,   9528075.9569039,   9509067.0702703,
         9525256.9516454,   9544969.9641847,   9535787.7339218,
         9594661.4715939,   9539315.0311454,   9543846.0981799,
         9541556.101342 ,   9529671.5796287,   9531106.3074831,
         9538036.9873874,   9526802.536937 ,   9536944.9795919,
         9540196.3066741,   9533665.1708033,   9547292.1304652,
         9554512.644236 ,   9551027.641846 ,   9525081.9777165,
         9562038.6676962,   9557966.5709138,   9538384.9607648,
         9551590.9071522,   9559722.0624378,   9564913.9886009,
         9555197.2406692,   9562336.452436 ,   9570203.3679722,
         9584780.0722191,   9578865.5055708,   9582612.0719249,
         9560585.2293437,   9582920.4350802,   9575175.1801434,
         9585311.0480603,   9570309.877551 ,   9574054.7282956,
         9579450.9020041,   9573921.9603604,   9568132.575547 ,
         9597530.5819453,   9594844.2375437,   9600295.8655635,
         9618587.2491267,   9584857.0528405,   9586526.6026843,
         9608166.8324325,   9599872.3853649,   9589539.6912667,
         9603769.2405221,   9605013.8546056,   9591333.7722375,
         9603206.941276 ,   9624089.3717229,   9632261.0403384,
         9618161.9403568,   9623602.6451923,   9612669.9196177,
         9630480.3188822,   9626113.5844088,   9618289.4826254,
         9633029.3286266,   9628493.3012686,   9641941.0179814,
         9640519.4460747,   9642749.2424343,   9645430.0769994,
         9640781.9484463,   9668590.2402646,   9656643.0793896,
         9653151.7064167,   9670023.047766 ,   9677353.9153519,
         9669690.0512595,   9711149.1912484,   9896069.5680823,
        10186513.1525647,   9858735.5728625,   9720494.2273212,
         9717791.0604155,   9711127.1401361,   9725890.5757675,
         9702648.7369002,   9726471.3501747,   9769377.922118 ,
         9718871.617871 ,   9752820.304909 ,   9751639.384887 ,
         9761806.6874058,   9781768.735135 ,   9755157.4180548,
         9750036.642618 ,   9753099.405626 ,   9754316.0833976,
         9765975.3337012,   9780821.6098548,   9789267.2853099,
         9779874.2239381,   9894897.0531348,   9827753.3793712,
         9806767.301048 ,   9925875.7077405,   9837252.3702151,
         9810574.8950909,   9815380.5055342,   9818982.6806397,
         9831620.6232028,   9832297.4176137,   9832706.9746644,
         9840112.5577495,   9834603.9345467,   9849830.3488141,
         9849878.2452656,   9881532.5323038,   9907294.2967458,
         9902268.6470308,   9876945.3937856,   9902815.0692406,
         9873995.1220444,   9893962.4919284,   9894549.2091928,
         9909932.010443 ,   9893000.5433351,   9905947.3214929,
         9933060.6314397,   9945779.9636699,   9958328.3415333,
         9939047.6143409,   9916568.8698659,   9938140.4569959,
         9946753.7644419,   9947780.0419194,   9973581.1641846,
         9955963.9686708,   9977515.9139549,   9977451.4674022,
         9997148.205773 ,  10000641.6767787,  10002334.5697371,
        10009475.6277258,  10011960.7469021,   9994460.2263651,
        10025646.9703989,  10027076.8597169,  10044014.5373781,
        10047080.0744255,  10059134.3873506,  10066794.9425998,
        10091300.7826439,  10115459.429454 ,  10101882.5837103,
        10095553.3661337,  10135150.617393 ,  10139110.4323588,
        10191160.8580988,  10220398.6426916,  10234091.0120244,
        10231343.2675124,  10286409.7164921,  10339329.4361464,
        10487872.9631183,  10723129.5252804,  11093947.0273212,
        11503182.2455597,  11892761.0834345,  12302736.1976834,
        12710122.2483544,  13142688.1712079,  13557564.8682477,
        13904310.033462 ,  14180461.4348225,  14355699.4371023,
        14356893.6142673,  14243468.0598639,  14320250.1495128,
        14164962.232175 ,  14099525.6851627,  14156249.4958633,
        14295598.1137708,  14118386.8628793,  13873062.7883068,
        14042289.7373782,  14860837.6457437,  15382043.5474168,
        15282240.7766133,  14689089.3826073,  13936316.7899983,
        13499352.453907 ,  13108988.5328921,  12449251.6965618,
        11982020.7338115,  11595000.3297665,  11375830.7459459,
        11204282.5213459,  11143736.9998896,  11086918.458246 ,
        11142652.7041   ,  11253164.7894098,  11416149.2144879,
        11517453.0829932,  11650499.9248392,  11835604.6155544,
        12011822.8303732,  12156002.6863763,  12229912.9151683,
        12355403.3403199,  12442971.6333149,  12527209.0316603,
        12525530.0471409,  12423981.3659864,  12225204.8714837,
        11925646.7497702,  11605250.6122449,  11379432.1491451,
        11221814.535319 ,  11105687.285457 ,  11038039.900864 ,
        10955231.8334987,  10886975.3175215,  10825267.408862 ,
        10764048.6083472,  10681884.5417172,  10616009.3387757,
        10570569.3911381,  10533330.3145431,  10534659.1429306,
        10526956.5223021,  10503707.712153 ,  10514868.6620335,
        10499839.6328736,  10502956.0528038,  10484121.3993749,
        10512439.1601397,  10511297.4649751,  10538110.4897223,
        10528240.9813567,  10516710.0517006,  10535722.1465711,
        10540894.1820187,  10559327.5510939,  10561351.6708218,
        10540761.8694612,  10546516.985034 ,  10535208.3197646,
        10567857.4449716,  10567939.3635595,  10577421.6654532,
        10601328.986652 ,  10568594.0692039,  10562584.3079978,
        10563171.1994117,  10587310.6238647,  10579095.0724767,
        10585778.0927376,  10571432.1862106,  10572343.3360542,
        10611468.538187 ,  10617020.6811547,  10574617.6458909,
        10604789.7640009,  10610749.0435741,  10618456.8404488,
        10605763.8254091,  10632986.0900901,  10620403.6694981,
        10617233.1043206,  10610799.2392719,  10598762.4283876,
        10590356.3790404,  10606550.574738 ,  10594237.5595512,
        10613943.4660783,  10597327.4298952,  10600782.497371 ,
        10598475.420923 ,  10585849.2152235,  10580095.7970215,
        10569941.4839493,  10588165.3674572,  10579690.297187 ,
        10594625.9380032,  10593002.048906 ,  10582880.1835632,
        10577538.6669607,  10575977.7382607,  10605761.8191579,
        10573691.8710058,  10594808.3185878,  10597178.3477846,
        10589716.2466631,  10569084.2663725,  10579017.7888581,
        10580186.6613716,  10586296.7551388,  10600958.5138445,
        10708004.3531531,  10554996.4831769,  10589565.9154991,
        10563980.7346938,  10557036.3952197,  10558567.4160692,
        10554218.237176 ,  10552444.4893547,  10556799.0298216,
        10553781.0821108,  10550176.034124 ,  10528746.7525647,
        10527777.9509468,  10543139.6912669,  10547561.2393455,
        10670523.6933261,  10615710.297334 ,  10564138.9343629]),
 array([ -2.10042255e-03,  -3.52558932e-03,  -5.34621495e-03,
        -3.49587559e-03,  -1.28710623e-03,  -2.11222302e-03,
         4.17453537e-03,  -1.50346130e-03,  -9.25063605e-04,
        -1.07108969e-03,  -2.23206476e-03,  -2.00884712e-03,
        -1.22028386e-03,  -2.34403832e-03,  -1.23924526e-03,
        -8.66050248e-04,  -1.52728373e-03,  -8.71647798e-05,
         6.72236142e-04,   3.00713449e-04,  -2.43274780e-03,
         1.41200133e-03,   9.50323832e-04,  -1.14487974e-03,
         1.84118996e-04,   9.72333726e-04,   1.44352369e-03,
         3.44718399e-04,   1.00157393e-03,   1.72552018e-03,
         3.14266970e-03,   2.40629526e-03,   2.67224954e-03,
         2.33034241e-04,   2.42642297e-03,   1.46454815e-03,
         2.36441943e-03,   6.27415066e-04,   8.42366996e-04,
         1.22164261e-03,   4.50998127e-04,  -3.54618947e-04,
         2.50763328e-03,   2.01011669e-03,   2.35464332e-03,
         4.03154100e-03,   2.71005154e-04,   1.98075258e-04,
         2.20077272e-03,   1.07339609e-03,  -2.73263926e-04,
         9.33498234e-04,   7.79425850e-04,  -9.36326875e-04,
         2.82009724e-06,   1.87228494e-03,   2.41089978e-03,
         6.25365178e-04,   8.66409445e-04,  -6.01678723e-04,
         9.11910947e-04,   1.13851904e-04,  -1.04918082e-03,
         1.24857112e-04,  -7.08758099e-04,   3.17769333e-04,
        -2.04700122e-04,  -3.54280927e-04,  -4.62995622e-04,
        -1.33672755e-03,   1.14510351e-03,  -4.95653791e-04,
        -1.26591182e-03,   6.47194184e-05,   4.02485851e-04,
        -8.14927063e-04,   3.03706343e-03,   2.16916769e-02,
         5.12142417e-02,   1.69352568e-02,   2.22383374e-03,
         1.48891310e-03,   3.41692455e-04,   1.39691626e-03,
        -1.46489290e-03,   5.12541117e-04,   4.44562968e-03,
        -1.22931069e-03,   1.77166416e-03,   1.15865135e-03,
         1.70644506e-03,   3.25402055e-03,   2.14814954e-05,
        -1.00993173e-03,  -1.20626188e-03,  -1.59533590e-03,
        -9.19540079e-04,   7.76236907e-05,   4.15863711e-04,
        -1.07193463e-03,   1.01395026e-02,   2.74857765e-03,
         6.91299834e-05,   1.16680104e-02,   2.09001223e-03,
        -1.17401820e-03,  -1.23398873e-03,  -1.41933570e-03,
        -6.89083417e-04,  -1.17759168e-03,  -1.69551712e-03,
        -1.50576476e-03,  -2.62855402e-03,  -1.65104039e-03,
        -2.21479209e-03,   4.19556068e-04,   2.45226862e-03,
         1.36689618e-03,  -1.77083946e-03,   2.63780768e-04,
        -3.22694142e-03,  -1.79349441e-03,  -2.31780510e-03,
        -1.35234176e-03,  -3.64433868e-03,  -2.92796072e-03,
        -7.89012877e-04,  -1.01324836e-04,   5.66899968e-04,
        -1.96325729e-03,  -4.81276560e-03,  -3.24204916e-03,
        -2.97332152e-03,  -3.46611088e-03,  -1.47906461e-03,
        -3.83965263e-03,  -2.28156637e-03,  -2.88653321e-03,
        -1.51784075e-03,  -1.76887322e-03,  -2.19992406e-03,
        -2.08782567e-03,  -2.44027755e-03,  -4.78289742e-03,
        -2.27781307e-03,  -2.73556717e-03,  -1.65161209e-03,
        -1.94709355e-03,  -1.34991730e-03,  -1.18946056e-03,
         6.41264739e-04,   2.43551608e-03,   4.90493079e-04,
        -7.34605809e-04,   2.58526567e-03,   2.37837462e-03,
         6.92369052e-03,   9.21156477e-03,   9.96322643e-03,
         9.09319464e-03,   1.39237098e-02,   1.85378757e-02,
         3.25619136e-02,   5.51026157e-02,   9.09486297e-02,
         1.30529528e-01,   1.68134741e-01,   2.07699823e-01,
         2.46966492e-01,   2.88658230e-01,   3.28570265e-01,
         3.61765650e-01,   3.88015152e-01,   4.04364993e-01,
         4.03682252e-01,   3.91802662e-01,   3.98514849e-01,
         3.82570984e-01,   3.75412760e-01,   3.80175580e-01,
         3.92987153e-01,   3.74958479e-01,   3.50323181e-01,
         3.66045980e-01,   4.44886966e-01,   4.94751522e-01,
         4.84252004e-01,   4.25878042e-01,   3.52084059e-01,
         3.08995435e-01,   2.70472416e-01,   2.05900633e-01,
         1.60037377e-01,   1.21986815e-01,   1.00212623e-01,
         8.30676180e-02,   7.66682537e-02,   7.06388130e-02,
         7.54825156e-02,   8.56096201e-02,   1.00790090e-01,
         1.10014963e-01,   1.22292721e-01,   1.39575085e-01,
         1.55989917e-01,   1.69311784e-01,   1.75869443e-01,
         1.87382572e-01,   1.95247152e-01,   2.02789607e-01,
         2.02084718e-01,   1.91805313e-01,   1.72217466e-01,
         1.42992724e-01,   1.11802265e-01,   8.97005327e-02,
         7.41508190e-02,   6.25889554e-02,   5.56783806e-02,
         4.73291603e-02,   4.03823455e-02,   3.40717959e-02,
         2.78180952e-02,   1.95752314e-02,   1.28981305e-02,
         8.18039154e-03,   4.25331786e-03,   4.01023536e-03,
         2.91228071e-03,   3.39986725e-04,   1.05091037e-03,
        -7.25581703e-04,  -7.68910614e-04,  -2.89423182e-03,
        -5.29361146e-04,  -9.60163272e-04,   1.27126744e-03,
         2.30060740e-05,  -1.37622744e-03,   1.30814505e-04,
         3.29726933e-04,   1.79288715e-03,   1.70514077e-03,
        -5.20431342e-04,  -2.41018906e-04,  -1.57243314e-03,
         1.26824721e-03,   1.02926515e-03,   1.68731033e-03,
         3.71752785e-03,   3.92084244e-04,  -3.95822037e-04,
        -5.52309429e-04,   1.52629281e-03,   5.51075961e-04,
         9.92186480e-04,  -5.47765285e-04,  -6.37694426e-04,
         2.89134929e-03,   3.25419521e-03,  -9.06391602e-04,
         1.79773415e-03,   2.22171942e-03,   2.81842890e-03,
         1.49631903e-03,   3.95108237e-03,   2.65532307e-03,
         2.25627003e-03,   1.55729191e-03,   3.37719642e-04,
        -5.30858306e-04,   9.30396952e-04,  -2.90277998e-04,
         1.51879283e-03,  -9.10280604e-05,   2.01500268e-04,
        -4.10914283e-05,  -1.24864159e-03,  -1.79905913e-03,
        -2.75594791e-03,  -1.02662312e-03,  -1.80740770e-03,
        -3.70431599e-04,  -4.86833211e-04,  -1.39602299e-03,
        -1.84506092e-03,  -1.92816016e-03,   9.56311088e-04,
        -1.98757535e-03,   9.79738373e-05,   4.23688779e-04,
        -1.69261785e-04,  -1.99629978e-03,  -9.27532483e-04,
        -6.76533640e-04,   5.11452770e-05,   1.59694708e-03,
         1.18833718e-02,  -2.39538248e-03,   1.06289612e-03,
        -1.15498606e-03,  -1.60064286e-03,  -1.23446527e-03,
        -1.41406399e-03,  -1.33957211e-03,  -6.74395208e-04,
        -6.96321116e-04,  -7.63204413e-04,  -2.50803985e-03,
        -2.30406672e-03,  -5.41028858e-04,   1.96650787e-04,
         1.21904752e-02,   7.33431348e-03,   2.79377764e-03]))
