(array([ 1418.006836,  1418.019531,  1418.032227,  1418.044922,
        1418.057617,  1418.070312,  1418.083008,  1418.095703,
        1418.108398,  1418.121094,  1418.133789,  1418.146484,
        1418.15918 ,  1418.171875,  1418.18457 ,  1418.197266,
        1418.209961,  1418.222656,  1418.235352,  1418.248047,
        1418.260742,  1418.273438,  1418.286133,  1418.298828,
        1418.311523,  1418.324219,  1418.336914,  1418.349609,
        1418.362305,  1418.375   ,  1418.387695,  1418.400391,
        1418.413086,  1418.425781,  1418.438477,  1418.451172,
        1418.463867,  1418.476562,  1418.489258,  1418.501953,
        1418.514648,  1418.527344,  1418.540039,  1418.552734,
        1418.56543 ,  1418.578125,  1418.59082 ,  1418.603516,
        1418.616211,  1418.628906,  1418.641602,  1418.654297,
        1418.666992,  1418.679688,  1418.692383,  1418.705078,
        1418.717773,  1418.730469,  1418.743164,  1418.755859,
        1418.768555,  1418.78125 ,  1418.793945,  1418.806641,
        1418.819336,  1418.832031,  1418.844727,  1418.857422,
        1418.870117,  1418.882812,  1418.895508,  1418.908203,
        1418.920898,  1418.933594,  1418.946289,  1418.958984,
        1418.97168 ,  1418.984375,  1418.99707 ,  1419.009766,
        1419.022461,  1419.035156,  1419.047852,  1419.060547,
        1419.073242,  1419.085938,  1419.098633,  1419.111328,
        1419.124023,  1419.136719,  1419.149414,  1419.162109,
        1419.174805,  1419.1875  ,  1419.200195,  1419.212891,
        1419.225586,  1419.238281,  1419.250977,  1419.263672,
        1419.276367,  1419.289062,  1419.301758,  1419.314453,
        1419.327148,  1419.339844,  1419.352539,  1419.365234,
        1419.37793 ,  1419.390625,  1419.40332 ,  1419.416016,
        1419.428711,  1419.441406,  1419.454102,  1419.466797,
        1419.479492,  1419.492188,  1419.504883,  1419.517578,
        1419.530273,  1419.542969,  1419.555664,  1419.568359,
        1419.581055,  1419.59375 ,  1419.606445,  1419.619141,
        1419.631836,  1419.644531,  1419.657227,  1419.669922,
        1419.682617,  1419.695312,  1419.708008,  1419.720703,
        1419.733398,  1419.746094,  1419.758789,  1419.771484,
        1419.78418 ,  1419.796875,  1419.80957 ,  1419.822266,
        1419.834961,  1419.847656,  1419.860352,  1419.873047,
        1419.885742,  1419.898438,  1419.911133,  1419.923828,
        1419.936523,  1419.949219,  1419.961914,  1419.974609,
        1419.987305,  1420.      ,  1420.012695,  1420.025391,
        1420.038086,  1420.050781,  1420.063477,  1420.076172,
        1420.088867,  1420.101562,  1420.114258,  1420.126953,
        1420.139648,  1420.152344,  1420.165039,  1420.177734,
        1420.19043 ,  1420.203125,  1420.21582 ,  1420.228516,
        1420.241211,  1420.253906,  1420.266602,  1420.279297,
        1420.291992,  1420.304688,  1420.317383,  1420.330078,
        1420.342773,  1420.355469,  1420.368164,  1420.380859,
        1420.393555,  1420.40625 ,  1420.418945,  1420.431641,
        1420.444336,  1420.457031,  1420.469727,  1420.482422,
        1420.495117,  1420.507812,  1420.520508,  1420.533203,
        1420.545898,  1420.558594,  1420.571289,  1420.583984,
        1420.59668 ,  1420.609375,  1420.62207 ,  1420.634766,
        1420.647461,  1420.660156,  1420.672852,  1420.685547,
        1420.698242,  1420.710938,  1420.723633,  1420.736328,
        1420.749023,  1420.761719,  1420.774414,  1420.787109,
        1420.799805,  1420.8125  ,  1420.825195,  1420.837891,
        1420.850586,  1420.863281,  1420.875977,  1420.888672,
        1420.901367,  1420.914062,  1420.926758,  1420.939453,
        1420.952148,  1420.964844,  1420.977539,  1420.990234,
        1421.00293 ,  1421.015625,  1421.02832 ,  1421.041016,
        1421.053711,  1421.066406,  1421.079102,  1421.091797,
        1421.104492,  1421.117188,  1421.129883,  1421.142578,
        1421.155273,  1421.167969,  1421.180664,  1421.193359,
        1421.206055,  1421.21875 ,  1421.231445,  1421.244141,
        1421.256836,  1421.269531,  1421.282227,  1421.294922,
        1421.307617,  1421.320312,  1421.333008,  1421.345703,
        1421.358398,  1421.371094,  1421.383789,  1421.396484,
        1421.40918 ,  1421.421875,  1421.43457 ,  1421.447266,
        1421.459961,  1421.472656,  1421.485352,  1421.498047,
        1421.510742,  1421.523438,  1421.536133,  1421.548828,
        1421.561523,  1421.574219,  1421.586914,  1421.599609,
        1421.612305,  1421.625   ,  1421.637695,  1421.650391,
        1421.663086,  1421.675781,  1421.688477,  1421.701172,
        1421.713867,  1421.726562,  1421.739258,  1421.751953,
        1421.764648,  1421.777344,  1421.790039,  1421.802734,
        1421.81543 ,  1421.828125,  1421.84082 ,  1421.853516,
        1421.866211,  1421.878906,  1421.891602,  1421.904297,
        1421.916992,  1421.929688,  1421.942383,  1421.955078,
        1421.967773,  1421.980469,  1421.993164]),
 array([ 10130181.4557088,  10131160.7286632,  10136327.539033 ,
        10141333.5210148,  10148919.7961389,  10164500.8885457,
        10377215.558154 ,  10233517.7178157,  10130576.2753447,
        10152778.5219342,  10144135.0383526,  10152834.4610406,
        10144110.4867807,  10155442.7004964,  10131046.1999632,
        10152487.2607464,  10152421.476301 ,  10147634.8487589,
        10172370.6346019,  10168635.1979408,  10150088.107961 ,
        10185448.611583 ,  10187971.7889318,  10157468.6093768,
        10178093.8201876,  10155912.0491266,  10176584.1167862,
        10171473.3096526,  10174572.8229454,  10185962.1465709,
        10202558.684464 ,  10227790.663872 ,  10183280.9684134,
        10179701.5310167,  10199801.1769812,  10195626.4277992,
        10184997.779886 ,  10187019.5591836,  10195292.5328921,
        10207826.1851077,  10211309.0429858,  10225505.7179628,
        10211434.6501931,  10224145.3490715,  10199038.0166943,
        10249502.5985659,  10212992.1976832,  10218341.6398603,
        10227614.1214195,  10218287.1686707,  10241199.8411473,
        10235125.6380953,  10240792.8145616,  10257344.2700498,
        10226950.2840963,  10323314.9223018,  10249259.098511 ,
        10256818.0474352,  10255581.6013238,  10255974.5011951,
        10241708.549954 ,  10264660.9985659,  10272922.2018753,
        10284344.3415334,  10294365.9002023,  10276930.7963965,
        10266265.2734694,  10268940.3481522,  10303100.4334619,
        10289409.0731386,  10317370.9437764,  10310581.4868909,
        10297992.106196 ,  10310722.1427469,  10318079.4822576,
        10331708.7999999,  10336577.8173931,  10414478.0572901,
        10580178.0103695,  10638737.8421034,  10366259.6483177,
        10374891.8674756,  10365596.9429674,  10368427.0890973,
        10388548.3713918,  10378381.29009  ,  10590255.239272 ,
        10390366.523258 ,  10381128.0838389,  10390733.1641846,
        10387023.9429307,  10474397.1653612,  10416308.421401 ,
        10422066.7305017,  10407588.6284978,  10405644.0457438,
        10414580.7985291,  10410083.2441258,  10434664.885751 ,
        10430504.9375252,  10449290.9890789,  10456670.5667955,
        10459580.5505426,  10984865.0248943,  10531548.1439972,
        10481324.5970215,  10474553.1116749,  10476639.4340135,
        10490558.3161609,  10484809.6947232,  10480779.1508734,
        10516953.2469939,  10510105.3193602,  10511638.9083289,
        10511768.1032542,  10541442.8322853,  10544967.5096159,
        10556240.67483  ,  10553617.7261998,  10561218.7528588,
        10559515.480934 ,  10572715.9886743,  10573053.9237359,
        10590857.6417722,  10581329.4432064,  10589304.4115464,
        10581458.423975 ,  10686561.2208127,  10649517.5095423,
        10611790.6197463,  10613452.6070235,  10612637.882552 ,
        10633410.888178 ,  10631525.740467 ,  10657809.0596065,
        10667292.70763  ,  10699309.805479 ,  10727806.0990624,
        10790455.0718882,  10850152.7745541,  10921099.8710058,
        11001347.8718883,  11148008.1362014,  11292414.9521604,
        11485780.2313659,  11703880.44567  ,  11918049.4838021,
        12107036.9576761,  12271512.9045779,  12372162.914065 ,
        12447152.8266227,  12504402.1633388,  12495864.9387019,
        12448446.3491084,  12391014.7241772,  12341114.317779 ,
        12295487.5822762,  12213292.2616659,  12153747.49123  ,
        12108931.5024086,  12157208.8551573,  12148963.6065454,
        12207412.071925 ,  12303035.0655636,  12450445.8548998,
        12557515.7403935,  12719884.4669977,  12825335.7561315,
        12905487.8911564,  13035356.2087147,  13208438.6176871,
        13365663.0721825,  13558419.0258502,  13709607.9755836,
        13859616.6006987,  13941264.5695164,  14927236.9479683,
        13890711.9732305,  13872580.1560582,  14059801.4893916,
        14551372.1940063,  14885909.1403567,  14874603.7527486,
        14631547.1802904,  14411553.5691119,  14200255.9041001,
        14645937.2066924,  15133357.2353742,  15062517.3509838,
        14073906.0297849,  13179904.4359625,  12658995.4994669,
        12403911.2113256,  12253577.7011952,  12180370.7440337,
        12168713.2617024,  12180117.7622358,  12274062.0678801,
        12436023.0442362,  12676215.0442361,  13108066.7852178,
        13075790.3644052,  12962478.5703253,  12663740.0833977,
        12269333.8375437,  11893986.1874608,  11599134.8845008,
        11416250.919066 ,  11295634.3116014,  11222722.3822027,
        11186768.4694979,  11177843.6177239,  11170185.4746829,
        11157529.774738 ,  11147660.7535209,  11145020.4316969,
        11162158.3814671,  11157837.9449163,  11156692.7055708,
        11154894.336753 ,  11146235.4050377,  11148587.7833424,
        11152500.5431881,  11167745.1708033,  11207382.9095055,
        11195541.4198197,  11194262.4423608,  11190561.8315132,
        11180570.9067107,  11196215.7214192,  11184096.3241771,
        11188783.2504504,  11183023.4104797,  11169314.8828829,
        11181103.5363855,  11180580.8114728,  11193846.7071152,
        11206151.2748668,  11202066.0680272,  11192406.7212353,
        11210716.5258318,  11210203.0337929,  11190297.1187351,
        11214507.4215113,  11212972.1157566,  11209705.7894465,
        11190708.2872587,  11213648.7318992,  11259081.2858245,
        11363295.2475089,  11232809.5164551,  11222677.2874424,
        11209519.6152233,  11220275.3447324,  11209336.4109579,
        11238746.7290312,  11234342.3641112,  11233525.2233129,
        11254389.9381504,  11236079.407538 ,  11228673.7715022,
        11236897.416731 ,  11259325.6966354,  11245037.5148375,
        11238373.4468837,  11230877.4965988,  11228939.2085309,
        11218646.3105719,  11242614.9854018,  11254929.9991908,
        11236803.9636698,  11222016.0500093,  11248582.9924617,
        11366688.8107374,  11231890.9940799,  11220190.5326714,
        11211750.8947968,  11224072.053245 ,  11195661.6225041,
        11226785.3890789,  11221114.2795366,  11199928.2591654,
        11195788.1975364,  11198758.345284 ,  11210719.9105717,
        11197201.3490716,  11215177.1205   ,  11203815.6578782,
        11207623.0624747,  11193473.9986027,  11217361.0760802,
        11198172.7935283,  11184346.1142122,  11192772.7573451,
        11194106.2189374,  11195504.0523625,  11238669.6507446,
        11535985.8921125,  11190338.4292702,  11190494.4750137,
        11198036.4372864,  11179721.1057916,  11169903.1580805,
        11182083.6524362,  11184606.8492001,  11177438.6609303,
        11161988.4096342,  11179443.1411658,  11179670.0728811,
        11154524.2063614,  11154984.4662622,  11131024.9272293,
        11160946.2515903,  11170092.986505 ,  11197442.0421401]),
 array([ -4.89318623e-03,  -4.64307757e-03,  -3.99253965e-03,
        -3.36869273e-03,  -2.50206672e-03,  -8.60289204e-04,
         2.01505536e-02,   6.11346850e-03,  -3.92943230e-03,
        -1.67902039e-03,  -2.47209139e-03,  -1.57018413e-03,
        -2.39205092e-03,  -1.25180706e-03,  -3.63556739e-03,
        -1.52144822e-03,  -1.53253175e-03,  -2.01786463e-03,
         3.90278586e-04,  -1.14226042e-05,  -1.87936385e-03,
         1.54400842e-03,   1.72866239e-03,  -1.34329865e-03,
         6.02205683e-04,  -1.66992903e-03,   2.61259107e-04,
        -3.51078254e-04,  -1.65571259e-04,   8.25398591e-04,
         2.31872800e-03,   4.65098238e-03,   1.24233253e-04,
        -3.90569060e-04,   1.41097665e-03,   8.20539257e-04,
        -4.11543783e-04,  -4.10207168e-04,   1.96092630e-04,
         1.21184915e-03,   1.33149759e-03,   2.49338741e-03,
         8.76103935e-04,   1.87609147e-03,  -8.37146355e-04,
         3.84489848e-03,   6.84104163e-07,   2.48547916e-04,
         8.72729035e-04,  -3.30450394e-04,   1.61285970e-03,
         7.13667855e-04,   9.55508370e-04,   2.25361674e-03,
        -1.04166543e-03,   8.03587151e-03,   4.65119970e-04,
         8.56732625e-04,   3.83490066e-04,   6.28919584e-05,
        -1.69285673e-03,   1.72822966e-04,   5.99829831e-04,
         1.32799712e-03,   1.91314973e-03,  -1.79446735e-04,
        -1.61807028e-03,  -1.76457657e-03,   1.14258401e-03,
        -6.06165925e-04,   1.68485373e-03,   5.95891669e-04,
        -1.06025149e-03,  -2.65414494e-04,   2.70212790e-06,
         8.72907539e-04,   8.88843643e-04,   7.96804323e-03,
         2.35294052e-02,   2.87112421e-02,   1.88873306e-03,
         2.24302745e-03,   8.61264042e-04,   6.46440148e-04,
         2.09521858e-03,   6.17855068e-04,   2.05347115e-02,
         7.67500146e-04,  -6.30410664e-04,  -2.17964486e-04,
        -1.09037328e-03,   6.78891286e-03,   6.81682006e-04,
         7.07567878e-04,  -1.21233520e-03,  -1.93171715e-03,
        -1.61071107e-03,  -2.58071027e-03,  -7.68452967e-04,
        -1.71226576e-03,  -4.63365090e-04,  -3.09498311e-04,
        -5.86000966e-04,   4.90199566e-02,   5.16642065e-03,
        -1.89865381e-04,  -1.40030290e-03,  -1.76806899e-03,
        -1.01128352e-03,  -2.12966003e-03,  -3.08578184e-03,
        -2.21219822e-04,  -1.44967387e-03,  -1.88306204e-03,
        -2.45140081e-03,  -2.18900003e-04,  -4.69682628e-04,
         1.19113263e-05,  -8.24467017e-04,  -6.94207507e-04,
        -1.44562275e-03,  -7.89246110e-04,  -1.35001122e-03,
        -2.62837378e-04,  -1.75684779e-03,  -1.60004289e-03,
        -2.93539030e-03,   6.36621486e-03,   2.27759906e-03,
        -1.87134861e-03,  -2.31362218e-03,  -2.98880537e-03,
        -1.63705315e-03,  -2.41365812e-03,  -5.48417452e-04,
        -2.60339351e-04,   2.13753356e-03,   4.20255442e-03,
         9.45989043e-03,   1.44347831e-02,   2.04546613e-02,
         2.73358603e-02,   4.04068737e-02,   5.32520989e-02,
         7.06458396e-02,   9.03233258e-02,   1.09611600e-01,
         1.26534260e-01,   1.41157906e-01,   1.49832934e-01,
         1.56115081e-01,   1.60743799e-01,   1.59264811e-01,
         1.54183555e-01,   1.48181602e-01,   1.42885331e-01,
         1.37992017e-01,   1.29723240e-01,   1.23559470e-01,
         1.18765121e-01,   1.22574018e-01,   1.21163976e-01,
         1.25908503e-01,   1.34076135e-01,   1.47007312e-01,
         1.56211420e-01,   1.70495777e-01,   1.79531598e-01,
         1.86234134e-01,   1.97498726e-01,   2.12720975e-01,
         2.26473758e-01,   2.43472699e-01,   2.56645747e-01,
         2.69699241e-01,   2.76482382e-01,   3.66017813e-01,
         2.70477564e-01,   2.68138206e-01,   2.84566939e-01,
         3.28773869e-01,   3.58605766e-01,   3.56862700e-01,
         3.33996285e-01,   3.13259435e-01,   2.93340165e-01,
         3.33251850e-01,   3.76925130e-01,   3.69790693e-01,
         2.79247467e-01,   1.97394113e-01,   1.49504630e-01,
         1.25792883e-01,   1.11611137e-01,   1.04440676e-01,
         1.02859743e-01,   1.03373897e-01,   1.11365737e-01,
         1.25510549e-01,   1.46724175e-01,   1.85253649e-01,
         1.81805133e-01,   1.71044194e-01,   1.43553768e-01,
         1.07457381e-01,   7.31169050e-02,   4.60704121e-02,
         2.91453076e-02,   1.78502947e-02,   1.08665515e-02,
         7.22112868e-03,   6.01645544e-03,   4.93191073e-03,
         3.40403092e-03,   2.13321724e-03,   1.51836737e-03,
         2.68612016e-03,   1.93166115e-03,   1.46842076e-03,
         9.52596525e-04,  -1.72525796e-04,  -3.03631599e-04,
        -2.88876017e-04,   7.47268894e-04,   3.97398115e-03,
         2.59464281e-03,   2.16795951e-03,   1.53110557e-03,
         3.38172206e-04,   1.44533615e-03,   7.56596729e-05,
         2.15715261e-04,  -5.71318669e-04,  -2.06145485e-03,
        -1.26654999e-03,  -1.56464793e-03,  -6.24691699e-04,
         2.35994166e-04,  -3.59255829e-04,  -1.44444838e-03,
        -2.71765870e-05,  -2.81899036e-04,  -2.25825706e-03,
        -2.93733755e-04,  -6.17124404e-04,  -1.08712317e-03,
        -2.95092189e-03,  -1.07052968e-03,   2.82033430e-03,
         1.19526099e-02,   1.92128421e-04,  -8.42067170e-04,
        -2.13728840e-03,  -1.29557876e-03,  -2.37668470e-03,
         1.41369926e-04,  -3.41617487e-04,  -4.96940338e-04,
         1.28523500e-03,  -4.09397334e-04,  -1.12512505e-03,
        -4.41812329e-04,   1.51370381e-03,   2.12128749e-04,
        -4.02332362e-04,  -1.08177443e-03,  -1.25783213e-03,
        -2.16785640e-03,  -2.13002433e-05,   1.09805909e-03,
        -4.80895933e-04,  -1.75360138e-03,   6.61939969e-04,
         1.12310466e-02,  -6.89709094e-04,  -1.64961421e-03,
        -2.30973253e-03,  -1.11251057e-03,  -3.53042009e-03,
        -6.39422432e-04,  -1.01335872e-03,  -2.75867324e-03,
        -2.97629037e-03,  -2.55039305e-03,  -1.31298882e-03,
        -2.33496676e-03,  -5.40137571e-04,  -1.34893481e-03,
        -7.95038884e-04,  -1.83138860e-03,   5.35275119e-04,
        -9.29073885e-04,  -1.90470371e-03,  -8.83361678e-04,
        -4.83639454e-04,  -6.67357144e-05,   4.09336696e-03,
         3.09811656e-02,   4.17012864e-04,   7.69391177e-04,
         1.79442035e-03,   5.17794398e-04,   1.27564242e-05,
         1.48943690e-03,   2.11392144e-03,   1.88225979e-03,
         9.19875779e-04,   2.92075345e-03,   3.38945861e-03,
         1.59270121e-03,   2.10698064e-03,   4.39445793e-04,
         3.62798037e-03,   4.96338754e-03,   7.95142782e-03]))
