(array([ 1418.006836,  1418.019531,  1418.032227,  1418.044922,
        1418.057617,  1418.070312,  1418.083008,  1418.095703,
        1418.108398,  1418.121094,  1418.133789,  1418.146484,
        1418.15918 ,  1418.171875,  1418.18457 ,  1418.197266,
        1418.209961,  1418.222656,  1418.235352,  1418.248047,
        1418.260742,  1418.273438,  1418.286133,  1418.298828,
        1418.311523,  1418.324219,  1418.336914,  1418.349609,
        1418.362305,  1418.375   ,  1418.387695,  1418.400391,
        1418.413086,  1418.425781,  1418.438477,  1418.451172,
        1418.463867,  1418.476562,  1418.489258,  1418.501953,
        1418.514648,  1418.527344,  1418.540039,  1418.552734,
        1418.56543 ,  1418.578125,  1418.59082 ,  1418.603516,
        1418.616211,  1418.628906,  1418.641602,  1418.654297,
        1418.666992,  1418.679688,  1418.692383,  1418.705078,
        1418.717773,  1418.730469,  1418.743164,  1418.755859,
        1418.768555,  1418.78125 ,  1418.793945,  1418.806641,
        1418.819336,  1418.832031,  1418.844727,  1418.857422,
        1418.870117,  1418.882812,  1418.895508,  1418.908203,
        1418.920898,  1418.933594,  1418.946289,  1418.958984,
        1418.97168 ,  1418.984375,  1418.99707 ,  1419.009766,
        1419.022461,  1419.035156,  1419.047852,  1419.060547,
        1419.073242,  1419.085938,  1419.098633,  1419.111328,
        1419.124023,  1419.136719,  1419.149414,  1419.162109,
        1419.174805,  1419.1875  ,  1419.200195,  1419.212891,
        1419.225586,  1419.238281,  1419.250977,  1419.263672,
        1419.276367,  1419.289062,  1419.301758,  1419.314453,
        1419.327148,  1419.339844,  1419.352539,  1419.365234,
        1419.37793 ,  1419.390625,  1419.40332 ,  1419.416016,
        1419.428711,  1419.441406,  1419.454102,  1419.466797,
        1419.479492,  1419.492188,  1419.504883,  1419.517578,
        1419.530273,  1419.542969,  1419.555664,  1419.568359,
        1419.581055,  1419.59375 ,  1419.606445,  1419.619141,
        1419.631836,  1419.644531,  1419.657227,  1419.669922,
        1419.682617,  1419.695312,  1419.708008,  1419.720703,
        1419.733398,  1419.746094,  1419.758789,  1419.771484,
        1419.78418 ,  1419.796875,  1419.80957 ,  1419.822266,
        1419.834961,  1419.847656,  1419.860352,  1419.873047,
        1419.885742,  1419.898438,  1419.911133,  1419.923828,
        1419.936523,  1419.949219,  1419.961914,  1419.974609,
        1419.987305,  1420.      ,  1420.012695,  1420.025391,
        1420.038086,  1420.050781,  1420.063477,  1420.076172,
        1420.088867,  1420.101562,  1420.114258,  1420.126953,
        1420.139648,  1420.152344,  1420.165039,  1420.177734,
        1420.19043 ,  1420.203125,  1420.21582 ,  1420.228516,
        1420.241211,  1420.253906,  1420.266602,  1420.279297,
        1420.291992,  1420.304688,  1420.317383,  1420.330078,
        1420.342773,  1420.355469,  1420.368164,  1420.380859,
        1420.393555,  1420.40625 ,  1420.418945,  1420.431641,
        1420.444336,  1420.457031,  1420.469727,  1420.482422,
        1420.495117,  1420.507812,  1420.520508,  1420.533203,
        1420.545898,  1420.558594,  1420.571289,  1420.583984,
        1420.59668 ,  1420.609375,  1420.62207 ,  1420.634766,
        1420.647461,  1420.660156,  1420.672852,  1420.685547,
        1420.698242,  1420.710938,  1420.723633,  1420.736328,
        1420.749023,  1420.761719,  1420.774414,  1420.787109,
        1420.799805,  1420.8125  ,  1420.825195,  1420.837891,
        1420.850586,  1420.863281,  1420.875977,  1420.888672,
        1420.901367,  1420.914062,  1420.926758,  1420.939453,
        1420.952148,  1420.964844,  1420.977539,  1420.990234,
        1421.00293 ,  1421.015625,  1421.02832 ,  1421.041016,
        1421.053711,  1421.066406,  1421.079102,  1421.091797,
        1421.104492,  1421.117188,  1421.129883,  1421.142578,
        1421.155273,  1421.167969,  1421.180664,  1421.193359,
        1421.206055,  1421.21875 ,  1421.231445,  1421.244141,
        1421.256836,  1421.269531,  1421.282227,  1421.294922,
        1421.307617,  1421.320312,  1421.333008,  1421.345703,
        1421.358398,  1421.371094,  1421.383789,  1421.396484,
        1421.40918 ,  1421.421875,  1421.43457 ,  1421.447266,
        1421.459961,  1421.472656,  1421.485352,  1421.498047,
        1421.510742,  1421.523438,  1421.536133,  1421.548828,
        1421.561523,  1421.574219,  1421.586914,  1421.599609,
        1421.612305,  1421.625   ,  1421.637695,  1421.650391,
        1421.663086,  1421.675781,  1421.688477,  1421.701172,
        1421.713867,  1421.726562,  1421.739258,  1421.751953,
        1421.764648,  1421.777344,  1421.790039,  1421.802734,
        1421.81543 ,  1421.828125,  1421.84082 ,  1421.853516,
        1421.866211,  1421.878906,  1421.891602,  1421.904297,
        1421.916992,  1421.929688,  1421.942383,  1421.955078,
        1421.967773,  1421.980469,  1421.993164]),
 array([  9506308.7055708,   9498305.6585401,   9482566.8889134,
         9494281.2646441,   9493746.9011216,   9508626.7234419,
         9573792.328884 ,   9520675.552418 ,   9518062.9321566,
         9517263.3192866,   9513619.5212355,   9507599.2227983,
         9501936.745431 ,   9504219.0561501,   9519144.8286818,
         9508136.7398418,   9503370.0706748,   9515497.5205737,
         9529888.407722 ,   9530487.4931421,   9504566.5241406,
         9560507.0502666,   9523982.5309065,   9509957.9181468,
         9528472.3368265,   9523629.2177239,   9522396.6476191,
         9523192.2650488,   9514882.538702 ,   9530863.6646441,
         9537677.5619048,   9539280.7842617,   9516189.9843353,
         9544061.2747932,   9541016.5203897,   9552182.7771283,
         9550826.0594964,   9534956.8605994,   9564787.1505791,
         9550996.6155543,   9548664.7098365,   9557251.3259056,
         9558736.0858981,   9581486.679169 ,   9558460.428167 ,
         9566922.346608 ,   9573844.7755838,   9566171.5344734,
         9579460.9285531,   9579834.8261077,   9585363.0523259,
         9582723.6312555,   9611227.1891158,   9578324.8008825,
         9597322.8643499,   9608908.5252436,   9592423.8867441,
         9595473.4485016,   9603569.2502297,   9615411.6094871,
         9613136.3771282,   9604027.3073725,   9611295.6105166,
         9625644.5264203,   9627745.6979592,   9631285.4262917,
         9622516.4655268,   9624048.6059939,   9640189.4448244,
         9641020.2493105,   9627511.662585 ,   9662375.7631918,
         9651395.6995036,   9650549.4245265,   9648080.7942636,
         9661081.7759148,   9675899.1761721,   9722900.4784702,
         9810862.0867072,   9831920.9489979,   9700036.3808053,
         9705210.4042655,   9695789.859018 ,   9703632.2076851,
         9709262.9815775,   9710724.256665 ,   9806999.2636882,
         9718737.2178708,   9725060.2737267,   9737555.0470307,
         9735419.1661702,   9755710.2861554,   9749590.110535 ,
         9732747.1644051,   9732247.7249493,   9761849.4040818,
         9754192.8948704,   9760071.7584851,   9757674.4019122,
         9759795.6130171,   9783816.5150947,   9767673.6864865,
         9786443.5950724,   9890211.7118588,   9813797.6769259,
         9798097.2008091,   9796913.2802353,   9800728.63394  ,
         9816132.5790771,   9800482.9540725,   9821702.4558927,
         9836172.4575842,   9849346.476926 ,   9839352.0085309,
         9851124.2384261,   9844524.7982351,   9854117.3433351,
         9893237.5745541,   9860556.318735 ,   9858142.302041 ,
         9873035.7145065,   9880080.042949 ,   9867285.4515903,
         9884227.2853097,   9887202.3321934,   9890738.3657291,
         9909334.5547343,   9942172.5846663,   9921891.8436478,
         9927622.1946682,   9927681.16139  ,   9929935.7617209,
         9933762.6822578,   9945333.2668505,   9944554.7231475,
         9949316.414929 ,   9956268.1339951,   9958135.5007906,
         9968963.6589079,   9978212.406104 ,   9981267.9624933,
         9983623.2066189,  10002551.7867255,  10013251.7089171,
         9992374.1617209,  10025221.9305021,  10010923.9557272,
        10028114.5869461,  10036810.9696635,  10022925.4283508,
        10069501.6030889,  10076772.1260526,  10095413.648097 ,
        10103992.2944659,  10111336.0261812,  10126298.3313109,
        10168299.4003309,  10195621.6139732,  10230246.024637 ,
        10199796.4943554,  10170111.9158668,  10174463.7099467,
        10183490.6551939,  10189539.611252 ,  10229321.0093033,
        10226068.9132561,  10299642.6507814,  10375647.7946682,
        10507005.8890237,  10730797.1388859,  11054011.4909359,
        11484203.6533186,  11970581.5180733,  12480195.2988416,
        13063841.5461665,  13709949.3848134,  14548437.5757308,
        14766537.2428755,  14939345.4608568,  14911582.4397132,
        14728714.0041919,  14625616.5936384,  14709119.6822947,
        14970044.659386 ,  15373131.345615 ,  15642426.1859901,
        15414233.4034934,  14956204.6129068,  14542457.9253539,
        14601097.3464239,  14382091.1873507,  13317448.620408 ,
        13031073.2419929,  12797174.3358704,  12551398.8241957,
        12206461.4642397,  11877735.7061224,  11544743.7490717,
        11275771.3838573,  11097651.3041367,  11018248.4856775,
        10927500.5970215,  10896591.6193418,  10959330.6646074,
        11059922.423975 ,  11267622.3111601,  11635775.8111418,
        12066741.3056812,  12375404.4058099,  12597202.8369921,
        12765836.6811546,  12881153.1060856,  12895451.5415333,
        12739558.8765582,  12436109.6801617,  12140824.0626585,
        11898929.8962309,  11648272.5477476,  11468985.1799228,
        11253480.2056261,  11089407.767016 ,  10917219.9330759,
        10820194.6134215,  10748353.7756204,  10691957.6928111,
        10654447.1116014,  10593444.697334 ,  10582880.698952 ,
        10552403.1217503,  10545953.7303179,  10524420.0319176,
        10518326.8583196,  10519842.2633572,  10516750.4720721,
        10525223.1854385,  10508457.9700679,  10503935.4728443,
        10528283.3997426,  10520241.5679352,  10512629.1209413,
        10505997.0347491,  10538244.4208128,  10526284.1281117,
        10535212.0963412,  10540352.3435928,  10519692.6629161,
        10537170.8705276,  10538549.4115831,  10552120.6486487,
        10590868.9615002,  10556015.3239934,  10560312.7004229,
        10550855.3089906,  10554548.0760433,  10552307.6565546,
        10542365.4101121,  10544140.332267 ,  10564464.4383158,
        10557714.1180363,  10548411.2179446,  10575573.9646258,
        10578885.0909358,  10592085.236845 ,  10582219.1279279,
        10566769.200809 ,  10585310.8103695,  10590008.0185327,
        10597607.1977936,  10594322.9987865,  10574189.5848502,
        10578133.3962861,  10591613.6313292,  10572863.4746094,
        10629757.3589264,  10593983.8317339,  10583725.2777349,
        10570924.2904946,  10574173.7460563,  10570418.4422135,
        10582586.920831 ,  10563100.2510754,  10541035.5880123,
        10557191.2395663,  10554343.4201874,  10539015.9749956,
        10564386.4022063,  10553052.6958633,  10562177.0496046,
        10550522.5142857,  10547094.1640744,  10561240.1832691,
        10560395.2773671,  10554873.1416805,  10567419.8963046,
        10552582.4447142,  10539350.6865232,  10542245.1909541,
        10724644.9573819,  10547475.4682847,  10539987.8277626,
        10523777.0943188,  10530405.6439786,  10555097.3599558,
        10534200.4038978,  10538821.0815224,  10548839.383122 ,
        10541372.4452289,  10530001.7226696,  10527778.4763376,
        10507738.7266777,  10535873.8526934,  10532997.6086781,
        10518457.8241588,  10529761.0954955,  10604563.278838 ]),
 array([ -2.68241504e-03,  -3.37049212e-03,  -4.88140223e-03,
        -3.52212515e-03,  -3.45893077e-03,  -1.78816707e-03,
         5.15188846e-03,  -3.36886002e-04,  -5.33692896e-04,
        -5.50488772e-04,  -8.76267949e-04,  -1.46187741e-03,
        -2.02007042e-03,  -1.75388721e-03,  -1.69674384e-04,
        -1.31927732e-03,  -1.82314873e-03,  -5.62319536e-04,
         9.26512151e-04,   9.57133630e-04,  -1.80699021e-03,
         4.01655177e-03,   1.20207697e-04,  -1.42237194e-03,
         4.42499302e-04,  -1.54318548e-04,  -3.81075312e-04,
        -4.03898127e-04,  -1.39127549e-03,   1.61819686e-04,
         7.43866351e-04,   7.70383269e-04,  -1.80199691e-03,
         9.62693941e-04,   4.76121409e-04,   1.47124517e-03,
         1.14499135e-03,  -7.10334873e-04,   2.21536689e-03,
         5.62073053e-04,   1.01611456e-04,   7.76727134e-04,
         7.00200806e-04,   2.84170545e-03,   1.84398485e-04,
         8.14859928e-04,   1.27643774e-03,   2.04198116e-04,
         1.31634064e-03,   1.07089650e-03,   1.35678076e-03,
         7.82352746e-04,   3.45263780e-03,  -2.94818395e-04,
         1.36839167e-03,   2.25052202e-03,   1.98399431e-04,
         1.77060136e-04,   6.74949779e-04,   1.55618823e-03,
         9.60310229e-04,  -3.52813888e-04,   3.27426143e-05,
         1.14818676e-03,   9.83266277e-04,   9.61888981e-04,
        -3.44229581e-04,  -5.85483124e-04,   6.84041375e-04,
         3.58167783e-04,  -1.46041196e-03,   1.73191915e-03,
         1.65188415e-04,  -3.55994188e-04,  -1.05005681e-03,
        -1.47823004e-04,   9.36233348e-04,   5.34197537e-03,
         1.39719138e-02,   1.56774544e-02,   1.58415052e-03,
         1.64463150e-03,   1.94687421e-04,   5.21407594e-04,
         6.15262817e-04,   2.74943116e-04,   9.69219086e-03,
         1.05870581e-04,   2.53207642e-04,   1.03056415e-03,
         2.99715183e-04,   1.86867560e-03,   7.21028282e-04,
        -1.52936541e-03,  -2.10548752e-03,   3.99953445e-04,
        -9.17151473e-04,  -8.50854014e-04,  -1.63502328e-03,
        -1.95971571e-03,  -4.92155482e-05,  -2.24681057e-03,
        -8.80972932e-04,   9.15304758e-03,   7.98035394e-04,
        -1.36270893e-03,  -2.04522800e-03,  -2.22090264e-03,
        -1.22010735e-03,  -3.38100544e-03,  -1.79498839e-03,
        -8.98998357e-04,  -1.38071436e-04,  -1.73106812e-03,
        -1.11753025e-03,  -2.36871425e-03,  -1.98073980e-03,
         1.39338608e-03,  -2.50195111e-03,  -3.33465134e-03,
        -2.41953069e-03,  -2.29999332e-03,  -4.18448893e-03,
        -3.06919763e-03,  -3.36476930e-03,  -3.60498054e-03,
        -2.33012633e-03,   3.74745562e-04,  -2.26648297e-03,
        -2.29172595e-03,  -2.88779550e-03,  -3.26382120e-03,
        -3.48270537e-03,  -2.92595338e-03,  -3.60813506e-03,
        -3.73550450e-03,  -3.64430648e-03,  -4.06244714e-03,
        -3.58499597e-03,  -3.26642777e-03,  -3.56703081e-03,
        -3.93748108e-03,  -2.65529369e-03,  -2.19493337e-03,
        -4.87999702e-03,  -2.21476429e-03,  -4.24229852e-03,
        -3.13710955e-03,  -2.87702679e-03,  -4.85920905e-03,
        -8.39295761e-04,  -7.21722875e-04,   5.23040948e-04,
         7.70023561e-04,   8.95050696e-04,   1.77422260e-03,
         5.32625559e-03,   7.42442232e-03,   1.02420010e-02,
         6.63481283e-03,   3.10837904e-03,   2.94228278e-03,
         3.23801396e-03,   3.24140971e-03,   6.56531664e-03,
         5.65462397e-03,   1.22971429e-02,   1.91722430e-02,
         3.14748945e-02,   5.28337723e-02,   8.39188206e-02,
         1.25453742e-01,   1.72445961e-01,   2.21661152e-01,
         2.78065363e-01,   3.40515325e-01,   4.21697232e-01,
         4.42199458e-01,   4.58260838e-01,   4.54740406e-01,
         4.36103954e-01,   4.25265194e-01,   4.32616189e-01,
         4.57233642e-01,   4.95659104e-01,   5.21037302e-01,
         4.98043744e-01,   4.52754173e-01,   4.11815947e-01,
         4.16761439e-01,   3.94779875e-01,   2.90858139e-01,
         2.62446668e-01,   2.39149857e-01,   2.14731516e-01,
         1.80750059e-01,   1.48374338e-01,   1.15622808e-01,
         8.90912290e-02,   7.13606567e-02,   6.31768725e-02,
         5.39108258e-02,   5.04262392e-02,   5.59724298e-02,
         6.51630827e-02,   8.46600758e-02,   1.19582117e-01,
         1.60517626e-01,   1.89663737e-01,   2.10442044e-01,
         2.26100853e-01,   2.36632692e-01,   2.37467083e-01,
         2.21981620e-01,   1.92367499e-01,   1.63566435e-01,
         1.39909879e-01,   1.15439194e-01,   9.78256201e-02,
         7.67663019e-02,   6.06484121e-02,   4.37727412e-02,
         3.40989207e-02,   2.68438894e-02,   2.10747842e-02,
         1.71183541e-02,   1.09285241e-02,   9.56036585e-03,
         6.29982432e-03,   5.33784171e-03,   2.94476483e-03,
         2.03008482e-03,   1.84648032e-03,   1.23029364e-03,
         1.72116445e-03,  -1.83433018e-04,  -9.16289465e-04,
         1.10271496e-03,   4.78554983e-05,  -9.59280777e-04,
        -1.86629708e-03,   9.26426623e-04,  -4.73578114e-04,
         1.16706609e-04,   3.53878763e-04,  -1.85034769e-03,
        -4.28891188e-04,  -5.28120512e-04,   5.35719816e-04,
         3.99281699e-03,   4.79701491e-04,   6.85080944e-04,
        -4.05563406e-04,  -2.42888143e-04,  -6.34846507e-04,
        -1.74856206e-03,  -1.74511916e-03,   2.16932589e-05,
        -7.66895183e-04,  -1.78913080e-03,   6.46974874e-04,
         8.33735593e-04,   1.96377804e-03,   9.19805971e-04,
        -6.44017771e-04,   1.01499083e-03,   1.37275650e-03,
         2.01307117e-03,   1.63262372e-03,  -3.32308729e-04,
        -1.24970831e-05,   1.21723374e-03,  -5.91172927e-04,
         4.75927172e-03,   1.35913444e-03,   3.79554328e-04,
        -8.31499200e-04,  -5.16566772e-04,  -8.54778555e-04,
         3.21213538e-04,  -1.48593334e-03,  -3.52777069e-03,
        -1.94734555e-03,  -2.15410724e-03,  -3.53149127e-03,
        -1.05136712e-03,  -2.03230254e-03,  -1.06900976e-03,
        -2.06128736e-03,  -2.26590976e-03,  -7.98090606e-04,
        -7.38527108e-04,  -1.11166469e-03,   2.35340547e-04,
        -9.99554793e-04,  -2.07272787e-03,  -1.60888919e-03,
         1.58686568e-02,  -7.02705866e-04,  -1.19112127e-03,
        -2.49608445e-03,  -1.62578173e-03,   9.68549550e-04,
        -7.49477215e-04,  -3.64691608e-05,   1.20008266e-03,
         7.88282946e-04,   1.64788581e-05,   1.24255184e-04,
        -1.44983300e-03,   1.56581133e-03,   1.64579868e-03,
         6.27657485e-04,   2.07962204e-03,   9.58950095e-03]))
