(array([ 1418.006836,  1418.019531,  1418.032227,  1418.044922,
        1418.057617,  1418.070312,  1418.083008,  1418.095703,
        1418.108398,  1418.121094,  1418.133789,  1418.146484,
        1418.15918 ,  1418.171875,  1418.18457 ,  1418.197266,
        1418.209961,  1418.222656,  1418.235352,  1418.248047,
        1418.260742,  1418.273438,  1418.286133,  1418.298828,
        1418.311523,  1418.324219,  1418.336914,  1418.349609,
        1418.362305,  1418.375   ,  1418.387695,  1418.400391,
        1418.413086,  1418.425781,  1418.438477,  1418.451172,
        1418.463867,  1418.476562,  1418.489258,  1418.501953,
        1418.514648,  1418.527344,  1418.540039,  1418.552734,
        1418.56543 ,  1418.578125,  1418.59082 ,  1418.603516,
        1418.616211,  1418.628906,  1418.641602,  1418.654297,
        1418.666992,  1418.679688,  1418.692383,  1418.705078,
        1418.717773,  1418.730469,  1418.743164,  1418.755859,
        1418.768555,  1418.78125 ,  1418.793945,  1418.806641,
        1418.819336,  1418.832031,  1418.844727,  1418.857422,
        1418.870117,  1418.882812,  1418.895508,  1418.908203,
        1418.920898,  1418.933594,  1418.946289,  1418.958984,
        1418.97168 ,  1418.984375,  1418.99707 ,  1419.009766,
        1419.022461,  1419.035156,  1419.047852,  1419.060547,
        1419.073242,  1419.085938,  1419.098633,  1419.111328,
        1419.124023,  1419.136719,  1419.149414,  1419.162109,
        1419.174805,  1419.1875  ,  1419.200195,  1419.212891,
        1419.225586,  1419.238281,  1419.250977,  1419.263672,
        1419.276367,  1419.289062,  1419.301758,  1419.314453,
        1419.327148,  1419.339844,  1419.352539,  1419.365234,
        1419.37793 ,  1419.390625,  1419.40332 ,  1419.416016,
        1419.428711,  1419.441406,  1419.454102,  1419.466797,
        1419.479492,  1419.492188,  1419.504883,  1419.517578,
        1419.530273,  1419.542969,  1419.555664,  1419.568359,
        1419.581055,  1419.59375 ,  1419.606445,  1419.619141,
        1419.631836,  1419.644531,  1419.657227,  1419.669922,
        1419.682617,  1419.695312,  1419.708008,  1419.720703,
        1419.733398,  1419.746094,  1419.758789,  1419.771484,
        1419.78418 ,  1419.796875,  1419.80957 ,  1419.822266,
        1419.834961,  1419.847656,  1419.860352,  1419.873047,
        1419.885742,  1419.898438,  1419.911133,  1419.923828,
        1419.936523,  1419.949219,  1419.961914,  1419.974609,
        1419.987305,  1420.      ,  1420.012695,  1420.025391,
        1420.038086,  1420.050781,  1420.063477,  1420.076172,
        1420.088867,  1420.101562,  1420.114258,  1420.126953,
        1420.139648,  1420.152344,  1420.165039,  1420.177734,
        1420.19043 ,  1420.203125,  1420.21582 ,  1420.228516,
        1420.241211,  1420.253906,  1420.266602,  1420.279297,
        1420.291992,  1420.304688,  1420.317383,  1420.330078,
        1420.342773,  1420.355469,  1420.368164,  1420.380859,
        1420.393555,  1420.40625 ,  1420.418945,  1420.431641,
        1420.444336,  1420.457031,  1420.469727,  1420.482422,
        1420.495117,  1420.507812,  1420.520508,  1420.533203,
        1420.545898,  1420.558594,  1420.571289,  1420.583984,
        1420.59668 ,  1420.609375,  1420.62207 ,  1420.634766,
        1420.647461,  1420.660156,  1420.672852,  1420.685547,
        1420.698242,  1420.710938,  1420.723633,  1420.736328,
        1420.749023,  1420.761719,  1420.774414,  1420.787109,
        1420.799805,  1420.8125  ,  1420.825195,  1420.837891,
        1420.850586,  1420.863281,  1420.875977,  1420.888672,
        1420.901367,  1420.914062,  1420.926758,  1420.939453,
        1420.952148,  1420.964844,  1420.977539,  1420.990234,
        1421.00293 ,  1421.015625,  1421.02832 ,  1421.041016,
        1421.053711,  1421.066406,  1421.079102,  1421.091797,
        1421.104492,  1421.117188,  1421.129883,  1421.142578,
        1421.155273,  1421.167969,  1421.180664,  1421.193359,
        1421.206055,  1421.21875 ,  1421.231445,  1421.244141,
        1421.256836,  1421.269531,  1421.282227,  1421.294922,
        1421.307617,  1421.320312,  1421.333008,  1421.345703,
        1421.358398,  1421.371094,  1421.383789,  1421.396484,
        1421.40918 ,  1421.421875,  1421.43457 ,  1421.447266,
        1421.459961,  1421.472656,  1421.485352,  1421.498047,
        1421.510742,  1421.523438,  1421.536133,  1421.548828,
        1421.561523,  1421.574219,  1421.586914,  1421.599609,
        1421.612305,  1421.625   ,  1421.637695,  1421.650391,
        1421.663086,  1421.675781,  1421.688477,  1421.701172,
        1421.713867,  1421.726562,  1421.739258,  1421.751953,
        1421.764648,  1421.777344,  1421.790039,  1421.802734,
        1421.81543 ,  1421.828125,  1421.84082 ,  1421.853516,
        1421.866211,  1421.878906,  1421.891602,  1421.904297,
        1421.916992,  1421.929688,  1421.942383,  1421.955078,
        1421.967773,  1421.980469,  1421.993164]),
 array([ 10015679.2663355,   9998546.2062878,  10000268.3987498,
        10011179.3238461,  10012116.94385  ,  10034734.9892258,
        10581992.8916344,  10209510.5788565,  10026319.534032 ,
        10016683.8074644,   9989286.8712632,  10028635.467402 ,
        10007060.0795733,   9990211.4582828,   9997989.1227064,
         9996742.805957 ,   9988261.233315 ,  10014384.9031072,
        10003034.7166758,  10014931.8483545,  10009361.7479683,
        10043419.2814856,  10031906.5922413,  10018476.2322487,
        10029594.1906968,  10022808.2515169,  10023972.9726787,
        10028107.496231 ,  10032603.2544217,  10041283.8718883,
        10064783.1610223,  10115375.9482257,  10041553.4408531,
        10052605.1759515,  10058724.402574 ,  10056787.7071522,
        10049959.732598 ,  10062598.0964149,  10061673.7723847,
        10061202.1792242,  10067014.1146533,  10061591.9897039,
        10067184.6654164,  10072608.4389041,  10066418.0833241,
        10116288.2506343,  10077204.7938224,  10079670.2423239,
        10072090.8772936,  10075401.6841331,  10097411.6924434,
        10069322.8214009,  10088744.359772 ,  10096333.6842802,
        10102908.0122081,  10235334.5641478,  10120768.6277625,
        10123253.2544954,  10112978.2568856,  10125656.1026659,
        10100580.1890052,  10124986.3583747,  10123386.8461113,
        10121434.8802355,  10126666.8078692,  10139385.4817429,
        10142169.7329657,  10145827.6642029,  10142321.8985842,
        10153770.4707483,  10159877.7381136,  10148261.4610039,
        10165564.4140466,  10173054.6932894,  10167469.5813203,
        10164495.5316785,  10183483.928075 ,  10249393.6750138,
        10378109.9719803,  10588746.8290495,  10213323.5627136,
        10211221.9040263,  10212441.69943  ,  10204767.5616841,
        10210956.1516455,  10249156.9956242,  10405744.7289576,
        10233038.4244162,  10250899.6018385,  10248291.8207022,
        10254815.3345837,  10319377.362015 ,  10258448.4700862,
        10263499.9421952,  10245606.2423239,  10256081.4861554,
        10276926.9556905,  10275396.6949807,  10282443.3938591,
        10272295.2413312,  10329361.0272477,  10299785.1858062,
        10343207.0277626,  11068953.4882148,  10435173.7304651,
        10314428.8117669,  10331926.777128 ,  10326609.2002205,
        10328572.390513 ,  10338666.7908074,  10333553.8679905,
        10339442.2268799,  10356163.0693877,  10347152.1317888,
        10364251.7186247,  10383286.294098 ,  10364947.0752713,
        10396093.76606  ,  10392966.9871668,  10387861.3150947,
        10395461.1450635,  10400239.2569222,  10418667.5468286,
        10403055.6505239,  10412727.8561501,  10432244.387277 ,
        10418439.1313109,  10480017.6267697,  10493259.8145248,
        10436767.6858246,  10477873.2108108,  10448073.3764295,
        10475491.3170804,  10466172.3305019,  10511003.7356866,
        10478320.7054237,  10500205.3465709,  10520098.6098916,
        10541270.3529325,  10534703.6669976,  10557078.6559293,
        10579960.6527671,  10627233.3614268,  10684412.9812098,
        10777438.9686338,  10921828.787939 ,  11111993.4764478,
        11360177.3308328,  11598567.2630997,  11798263.1295457,
        12020924.0416253,  12175519.3875346,  12299698.1951094,
        12339875.6030151,  12395731.2811913,  12403752.7745542,
        12449661.9666851,  12515384.7745542,  12573191.263688 ,
        12619675.2232397,  12624301.7654715,  12595515.0585033,
        12587579.4150395,  12537687.2919287,  12466323.4023902,
        12428574.4273581,  12422906.9084759,  12514836.1266409,
        12640688.0300055,  12780184.478029 ,  12947209.9524176,
        13127597.3712816,  13297716.7273396,  13362830.5867991,
        13387225.355249 ,  13453505.723258 ,  14958955.1620519,
        14182074.2095237,  14605939.5365325,  14920915.5353559,
        14951782.6435742,  14809612.0269166,  14710139.6239013,
        14841502.3620517,  14952144.2935834,  14788896.3706563,
        14602382.9333333,  14542686.7774223,  14253083.0714469,
        13465546.1965802,  12522519.8237911,  12021747.095275 ,
        11900447.9711713,  11924374.382938 ,  12054087.9326346,
        12155645.6095606,  12239647.9535209,  12307951.8658576,
        12349412.7220446,  12466944.2165107,  12823476.6073176,
        12737327.6069865,  12773525.454532 ,  12802271.8846846,
        12859592.9392904,  12831671.9561683,  12617237.9828645,
        12281963.1785254,  11889745.0319543,  11577864.9439969,
        11377680.0953116,  11208705.9327082,  11144405.0385733,
        11078468.0489795,  11065290.7525647,  11027513.814157 ,
        11041280.5083288,  11020147.2229453,  11017229.76606  ,
        11005758.2990991,  11008432.0388307,  11005467.8662989,
        11015146.302482 ,  11028026.5848871,  11047322.9955506,
        11064592.0400073,  11038143.7964331,  11009210.9331863,
        11038070.6676963,  11037039.2863393,  11037821.983747 ,
        11039871.8676228,  11044583.4066556,  11046322.562824 ,
        11036422.8800881,  11025314.0768524,  11029542.1252437,
        11069565.9431512,  11054038.7418277,  11046965.7734142,
        11092078.0590551,  11065169.4126125,  11079255.7137709,
        11053629.3942267,  11057749.7587056,  11042527.934694 ,
        11046492.4634676,  11062267.5497701,  11112209.1478579,
        11206512.5677515,  11084545.4273212,  11060739.2841333,
        11064738.957014 ,  11078754.2786543,  11067107.9730833,
        11092005.5839675,  11076131.1446957,  11082742.3376356,
        11078907.213826 ,  11105003.2002941,  11099578.8055158,
        11117419.3997427,  11100963.4635779,  11110530.596948 ,
        11126579.3606178,  11099648.4253722,  11110104.205626 ,
        11103576.9869462,  11104933.1262366,  11092200.0779555,
        11103235.7106821,  11124984.6274682,  11116228.5367164,
        11250465.1625667,  11115197.9749219,  11107379.6753816,
        11118940.8817797,  11083040.5648097,  11100384.0894282,
        11084521.9000552,  11094674.2639457,  11095232.7613162,
        11100324.2407797,  11101077.3145064,  11090885.7775328,
        11091983.0333518,  11094610.7722743,  11097479.6155175,
        11079701.6833975,  11067954.7104981,  11072404.8708954,
        11080572.2622541,  11079861.375694 ,  11073236.459055 ,
        11052163.0582093,  11068865.8574003,  11112894.6373966,
        11284296.3768339,  11074542.8003679,  11062326.755948 ,
        11075792.7118956,  11070868.0542746,  11042542.1961389,
        11046176.8319177,  11041431.1201324,  11036272.5730466,
        11042809.836514 ,  11068697.4958632,  11059812.6808604,
        11030607.2928113,  11030046.173782 ,  11097231.5646259,
        11112459.3897407,  11063279.6870013,  11051817.4246735]),
 array([ -2.92345064e-03,  -4.45223721e-03,  -4.11500149e-03,
        -2.87357249e-03,  -2.63631393e-03,  -2.49967754e-04,
         5.44017870e-02,   1.74006975e-02,  -7.54008812e-04,
        -1.62437827e-03,  -4.27592556e-03,  -2.84761176e-04,
        -2.37717189e-03,  -4.00892669e-03,  -3.19583554e-03,
        -3.29260585e-03,  -4.12088991e-03,  -1.50888618e-03,
        -2.64319797e-03,  -1.46952840e-03,  -2.04723773e-03,
         1.31616582e-03,   1.26526267e-04,  -1.26377640e-03,
        -2.16375648e-04,  -9.63155192e-04,  -9.26744338e-04,
        -6.03648193e-04,  -2.53824541e-04,   5.03783187e-04,
         2.72851490e-03,   7.64262233e-03,   1.54545407e-04,
         1.11213338e-03,   1.56954335e-03,   1.21614153e-03,
         3.67396798e-04,   1.44777640e-03,   1.16978873e-03,
         9.28620123e-04,   1.30426881e-03,   5.54414413e-04,
         8.91904902e-04,   1.20443468e-03,   3.54697849e-04,
         5.06722016e-03,   9.34151310e-04,   9.21305355e-04,
        -9.63311199e-05,  -4.01289476e-05,   1.86389695e-03,
        -1.20990079e-03,   4.22041316e-04,   8.72815469e-04,
         1.21560851e-03,   1.40193635e-02,   2.34611023e-03,
         2.26222357e-03,   9.08734738e-04,   1.82035206e-03,
        -1.00936364e-03,   1.04862447e-03,   5.28406653e-04,
        -3.26974272e-05,   1.09787505e-04,   9.85023084e-04,
         8.73005970e-04,   8.41191064e-04,   9.69970445e-05,
         8.21461751e-04,   1.01318665e-03,  -5.46502029e-04,
         7.36340834e-04,   1.04685885e-03,   6.55153137e-05,
        -6.63720698e-04,   7.60589931e-04,   6.78740356e-03,
         1.89701812e-02,   3.91762726e-02,   1.86938951e-03,
         1.19580792e-03,   8.43422524e-04,  -3.84624753e-04,
        -2.58957385e-04,   2.99464970e-03,   1.78203421e-02,
         4.33442331e-04,   1.68090974e-03,   9.23591414e-04,
         1.05418311e-03,   6.84316612e-03,   3.84411912e-04,
         3.59277658e-04,  -1.90503117e-03,  -1.40871443e-03,
         9.25043852e-05,  -5.87903234e-04,  -4.37491442e-04,
        -1.96137771e-03,   3.03976361e-03,  -3.76750133e-04,
         3.28785410e-03,   7.30940686e-02,   1.10917484e-02,
        -1.16330617e-03,  -2.78758962e-05,  -1.10360577e-03,
        -1.47714560e-03,  -1.06735123e-03,  -2.12922838e-03,
        -2.13081503e-03,  -1.09004185e-03,  -2.53347537e-03,
        -1.46207266e-03,  -2.07857273e-04,  -2.55391120e-03,
        -1.40053986e-04,  -1.02542332e-03,  -2.10186142e-03,
        -1.95914167e-03,  -2.08922950e-03,  -9.11918575e-04,
        -3.00001716e-03,  -2.66558385e-03,  -1.39071389e-03,
        -3.30660150e-03,   1.98573680e-03,   2.65184858e-03,
        -3.34334566e-03,  -1.80883987e-05,  -3.46083260e-03,
        -1.44629224e-03,  -2.93487228e-03,   7.32986674e-04,
        -2.97986944e-03,  -1.49993888e-03,  -2.11729060e-04,
         1.19584095e-03,  -3.17457207e-05,   1.48721477e-03,
         3.05211914e-03,   6.92587977e-03,   1.17328424e-02,
         1.99262702e-02,   3.29676858e-02,   5.03200798e-02,
         7.31324958e-02,   9.49930491e-02,   1.13176747e-01,
         1.33504513e-01,   1.47394023e-01,   1.58402786e-01,
         1.61492330e-01,   1.66053811e-01,   1.66113643e-01,
         1.69734072e-01,   1.75211778e-01,   1.79941166e-01,
         1.83604140e-01,   1.83340605e-01,   1.79948578e-01,
         1.78514096e-01,   1.73156980e-01,   1.65799760e-01,
         1.61594474e-01,   1.60392411e-01,   1.68304628e-01,
         1.79374645e-01,   1.91706243e-01,   2.06591448e-01,
         2.22706483e-01,   2.37849721e-01,   2.43209219e-01,
         2.44779113e-01,   2.50242336e-01,   3.89370689e-01,
         3.16484954e-01,   3.55083522e-01,   3.83546220e-01,
         3.85651556e-01,   3.71730626e-01,   3.61781239e-01,
         3.73204221e-01,   3.82702662e-01,   3.66880337e-01,
         3.48929634e-01,   3.42710786e-01,   3.15286467e-01,
         2.41968917e-01,   1.54397077e-01,   1.07667334e-01,
         9.59353547e-02,   9.75863711e-02,   1.08971929e-01,
         1.17761140e-01,   1.24932276e-01,   1.30658469e-01,
         1.33918634e-01,   1.44161524e-01,   1.76323175e-01,
         1.67870155e-01,   1.70642469e-01,   1.72734493e-01,
         1.77445844e-01,   1.74356635e-01,   1.54213299e-01,
         1.23043534e-01,   8.67018818e-02,   5.77365336e-02,
         3.90010280e-02,   2.31353959e-02,   1.68386705e-02,
         1.04028874e-02,   8.78735622e-03,   4.93641447e-03,
         5.78894964e-03,   3.46803465e-03,   2.81223472e-03,
         1.38392585e-03,   1.24857337e-03,   6.06178940e-04,
         1.11878019e-03,   1.92743562e-03,   3.32389033e-03,
         4.54101390e-03,   1.79537804e-03,  -1.16793826e-03,
         1.11823083e-03,   6.98729549e-04,   4.49944987e-04,
         3.22278408e-04,   4.41971515e-04,   2.98660001e-04,
        -8.91863426e-04,  -2.18473966e-03,  -2.08282576e-03,
         1.26336634e-03,  -4.08998746e-04,  -1.30953518e-03,
         2.51370156e-03,  -1.65870435e-04,   8.66083105e-04,
        -1.68215833e-03,  -1.53623269e-03,  -3.12943763e-03,
        -2.98311132e-03,  -1.76387984e-03,   2.54465231e-03,
         1.08604543e-02,  -3.23988762e-04,  -2.64568129e-03,
        -2.45218459e-03,  -1.34828657e-03,  -2.54984231e-03,
        -4.50148549e-04,  -2.01682844e-03,  -1.54943728e-03,
        -2.01518433e-03,   2.23121127e-04,  -3.69648522e-04,
         1.14095619e-03,  -4.28617434e-04,   3.53450584e-04,
         1.72737021e-03,  -7.59617336e-04,   1.27785240e-04,
        -5.04998464e-04,  -4.19433295e-04,  -1.59326282e-03,
        -6.18831740e-04,   1.32875829e-03,   5.39659948e-04,
         1.26300887e-02,   4.72198962e-04,  -2.05116111e-04,
         8.71247168e-04,  -2.31538431e-03,  -6.99718475e-04,
        -2.06387715e-03,  -1.07642649e-03,  -9.43057969e-04,
        -3.91769960e-04,  -2.21321513e-04,  -1.02677444e-03,
        -8.05589291e-04,  -4.36469297e-04,  -3.54482437e-05,
        -1.48488521e-03,  -2.38097610e-03,  -1.80689346e-03,
        -8.87101844e-04,  -7.57228346e-04,  -1.15027044e-03,
        -2.83648110e-03,  -1.10375981e-03,   3.10706710e-03,
         1.88309797e-02,   1.51455151e-04,  -6.82388816e-04,
         8.14991050e-04,   6.62049805e-04,  -1.59560361e-03,
        -9.52794812e-04,  -1.05646867e-03,  -1.18618136e-03,
        -2.45616293e-04,   2.45965091e-03,   2.02814769e-03,
        -2.33687410e-04,   1.11685597e-04,   6.61439014e-03,
         8.41952051e-03,   4.39104346e-03,   3.79687903e-03]))
