(array([ 1418.006836,  1418.019531,  1418.032227,  1418.044922,
        1418.057617,  1418.070312,  1418.083008,  1418.095703,
        1418.108398,  1418.121094,  1418.133789,  1418.146484,
        1418.15918 ,  1418.171875,  1418.18457 ,  1418.197266,
        1418.209961,  1418.222656,  1418.235352,  1418.248047,
        1418.260742,  1418.273438,  1418.286133,  1418.298828,
        1418.311523,  1418.324219,  1418.336914,  1418.349609,
        1418.362305,  1418.375   ,  1418.387695,  1418.400391,
        1418.413086,  1418.425781,  1418.438477,  1418.451172,
        1418.463867,  1418.476562,  1418.489258,  1418.501953,
        1418.514648,  1418.527344,  1418.540039,  1418.552734,
        1418.56543 ,  1418.578125,  1418.59082 ,  1418.603516,
        1418.616211,  1418.628906,  1418.641602,  1418.654297,
        1418.666992,  1418.679688,  1418.692383,  1418.705078,
        1418.717773,  1418.730469,  1418.743164,  1418.755859,
        1418.768555,  1418.78125 ,  1418.793945,  1418.806641,
        1418.819336,  1418.832031,  1418.844727,  1418.857422,
        1418.870117,  1418.882812,  1418.895508,  1418.908203,
        1418.920898,  1418.933594,  1418.946289,  1418.958984,
        1418.97168 ,  1418.984375,  1418.99707 ,  1419.009766,
        1419.022461,  1419.035156,  1419.047852,  1419.060547,
        1419.073242,  1419.085938,  1419.098633,  1419.111328,
        1419.124023,  1419.136719,  1419.149414,  1419.162109,
        1419.174805,  1419.1875  ,  1419.200195,  1419.212891,
        1419.225586,  1419.238281,  1419.250977,  1419.263672,
        1419.276367,  1419.289062,  1419.301758,  1419.314453,
        1419.327148,  1419.339844,  1419.352539,  1419.365234,
        1419.37793 ,  1419.390625,  1419.40332 ,  1419.416016,
        1419.428711,  1419.441406,  1419.454102,  1419.466797,
        1419.479492,  1419.492188,  1419.504883,  1419.517578,
        1419.530273,  1419.542969,  1419.555664,  1419.568359,
        1419.581055,  1419.59375 ,  1419.606445,  1419.619141,
        1419.631836,  1419.644531,  1419.657227,  1419.669922,
        1419.682617,  1419.695312,  1419.708008,  1419.720703,
        1419.733398,  1419.746094,  1419.758789,  1419.771484,
        1419.78418 ,  1419.796875,  1419.80957 ,  1419.822266,
        1419.834961,  1419.847656,  1419.860352,  1419.873047,
        1419.885742,  1419.898438,  1419.911133,  1419.923828,
        1419.936523,  1419.949219,  1419.961914,  1419.974609,
        1419.987305,  1420.      ,  1420.012695,  1420.025391,
        1420.038086,  1420.050781,  1420.063477,  1420.076172,
        1420.088867,  1420.101562,  1420.114258,  1420.126953,
        1420.139648,  1420.152344,  1420.165039,  1420.177734,
        1420.19043 ,  1420.203125,  1420.21582 ,  1420.228516,
        1420.241211,  1420.253906,  1420.266602,  1420.279297,
        1420.291992,  1420.304688,  1420.317383,  1420.330078,
        1420.342773,  1420.355469,  1420.368164,  1420.380859,
        1420.393555,  1420.40625 ,  1420.418945,  1420.431641,
        1420.444336,  1420.457031,  1420.469727,  1420.482422,
        1420.495117,  1420.507812,  1420.520508,  1420.533203,
        1420.545898,  1420.558594,  1420.571289,  1420.583984,
        1420.59668 ,  1420.609375,  1420.62207 ,  1420.634766,
        1420.647461,  1420.660156,  1420.672852,  1420.685547,
        1420.698242,  1420.710938,  1420.723633,  1420.736328,
        1420.749023,  1420.761719,  1420.774414,  1420.787109,
        1420.799805,  1420.8125  ,  1420.825195,  1420.837891,
        1420.850586,  1420.863281,  1420.875977,  1420.888672,
        1420.901367,  1420.914062,  1420.926758,  1420.939453,
        1420.952148,  1420.964844,  1420.977539,  1420.990234,
        1421.00293 ,  1421.015625,  1421.02832 ,  1421.041016,
        1421.053711,  1421.066406,  1421.079102,  1421.091797,
        1421.104492,  1421.117188,  1421.129883,  1421.142578,
        1421.155273,  1421.167969,  1421.180664,  1421.193359,
        1421.206055,  1421.21875 ,  1421.231445,  1421.244141,
        1421.256836,  1421.269531,  1421.282227,  1421.294922,
        1421.307617,  1421.320312,  1421.333008,  1421.345703,
        1421.358398,  1421.371094,  1421.383789,  1421.396484,
        1421.40918 ,  1421.421875,  1421.43457 ,  1421.447266,
        1421.459961,  1421.472656,  1421.485352,  1421.498047,
        1421.510742,  1421.523438,  1421.536133,  1421.548828,
        1421.561523,  1421.574219,  1421.586914,  1421.599609,
        1421.612305,  1421.625   ,  1421.637695,  1421.650391,
        1421.663086,  1421.675781,  1421.688477,  1421.701172,
        1421.713867,  1421.726562,  1421.739258,  1421.751953,
        1421.764648,  1421.777344,  1421.790039,  1421.802734,
        1421.81543 ,  1421.828125,  1421.84082 ,  1421.853516,
        1421.866211,  1421.878906,  1421.891602,  1421.904297,
        1421.916992,  1421.929688,  1421.942383,  1421.955078,
        1421.967773,  1421.980469,  1421.993164]),
 array([ 10019742.6985843,   9986266.5136973,  10005165.060636 ,
        10017754.8796471,  10004956.5440705,  10003327.3875344,
        10131021.2500827,  10029017.1328552,  10025479.895569 ,
        10015151.2269166,  10023535.9076301,  10012671.4663724,
        10028627.7012685,  10025434.2642397,  10017038.3020408,
        10034456.9328186,  10033124.8932523,  10036116.6932157,
        10037445.1350615,  10042921.1793344,  10048102.6312192,
        10098831.7799596,  10072761.7582642,  10027257.9265305,
        10060782.795661 ,  10046562.6304835,  10037485.4336459,
        10037210.7625666,  10043059.7830483,  10050099.5471226,
        10068198.3717594,  10071109.0485749,  10053484.5123001,
        10037011.8824784,  10048326.4641294,  10039032.0338299,
        10047828.4990623,  10039560.2138629,  10054384.9413496,
        10053219.4747563,  10044223.955286 ,  10045882.8466998,
        10036946.4339768,  10061199.4622541,  10052062.3143961,
        10109655.0654164,  10035400.4503768,  10055192.272109 ,
        10053776.1076668,  10062645.6316235,  10057881.1940431,
        10053816.2479868,  10075317.3904027,  10067201.4108478,
        10063823.22927  ,  10085771.5950727,  10086358.4094135,
        10075480.3621254,  10057287.2225042,  10080048.3071151,
        10075911.9538151,  10073752.2968193,  10084870.3723477,
        10082525.0512227,  10074060.5075934,  10103836.6105534,
        10110552.9575289,  10101621.4062879,  10102960.4206656,
        10098690.2421767,  10114999.4219526,  10123618.3463136,
        10099899.127928 ,  10114030.5373782,  10117172.2960838,
        10121871.0745357,  10143156.3702152,  10200119.809671 ,
        10352256.8613349,  10305629.258908 ,  10145214.6115095,
        10162173.531311 ,  10150428.6229087,  10184013.2294907,
        10152111.8740945,  10164121.9512409,  10196564.2548998,
        10174404.692039 ,  10191146.6213642,  10200731.9239565,
        10189011.6359625,  10256840.3962494,  10198928.9031072,
        10214877.4501195,  10195895.9249862,  10209749.5992648,
        10218394.9973156,  10217496.3774222,  10232254.3320464,
        10237400.9069315,  10261461.3097997,  10264189.5719065,
        10282276.9185512,  10442211.9483728,  10262789.5168965,
        10263510.1999631,  10251433.4646809,  10269157.7969478,
        10281346.6851997,  10262434.187461 ,  10278672.5612796,
        10288151.5996324,  10275281.9215298,  10309039.1163082,
        10324148.2954954,  10332724.3513882,  10340438.5041368,
        10355271.475492 ,  10336683.0284977,  10330377.7694429,
        10329609.3305386,  10331342.8086046,  10350899.5471226,
        10351891.4918182,  10336070.5223755,  10353942.4082369,
        10364581.2144882,  10406990.4756022,  10437520.3165286,
        10393621.3698106,  10383212.7005697,  10404302.8303732,
        10414929.2255192,  10414058.4354477,  10445860.577312 ,
        10433965.7195809,  10436297.9583012,  10464656.7313108,
        10457366.4929582,  10475597.1041737,  10485878.1022983,
        10502170.2271741,  10534066.5522338,  10556529.1743334,
        10612495.4428388,  10710566.3558742,  10843214.7815409,
        11020382.9662806,  11257214.000809 ,  11538700.6005515,
        11828673.8173929,  12085576.0885457,  12312278.4870748,
        12483722.9173008,  12637178.915536 ,  12725324.326972 ,
        12829414.3523441,  12908005.2103694,  12931503.5993382,
        12895210.1218607,  12803306.8108107,  12626609.4885089,
        12490110.7421216,  12455643.0567385,  12573016.3315314,
        12776747.7127414,  13161376.8672182,  13580704.0611877,
        13969553.0331311,  14230464.4836183,  14323827.8271741,
        14267162.624306 ,  14278023.5149107,  14204878.910388 ,
        14136718.0119875,  14229871.8076118,  14768998.7553593,
        14664595.5165288,  14932855.9161612,  15087649.6108844,
        14970947.6653796,  14883945.425262 ,  15050556.9629712,
        15221916.4652324,  15254017.6061775,  14910443.4068028,
        14616119.5502115,  14261824.1835631,  13694907.3297297,
        12986481.2749403,  12376527.8370289,  11945111.0560031,
        11860743.9544034,  11900833.2384629,  11986771.4359256,
        12118407.0254092,  12246397.9002022,  12307786.8796471,
        12373586.5222284,  12409911.5049089,  12536753.6185327,
        12519333.1062328,  12501190.1234785,  12444544.5701049,
        12380316.7958816,  12389823.3398786,  12411393.8838757,
        12375716.6520315,  12233853.4560031,  12044298.8567017,
        11804628.479647 ,  11587165.2359625,  11401362.0374332,
        11265588.2772569,  11171035.022026 ,  11114176.3077036,
        11096922.2801251,  11062743.3807687,  11059342.3732303,
        11061620.2672551,  11045955.6818533,  11014715.4003309,
        11050137.2040449,  11049704.0614819,  11064594.2574739,
        11131799.6514066,  11075802.6907888,  11068092.3846294,
        11067262.5114911,  11079437.2183121,  11072370.0433169,
        11067577.1240301,  11059572.724398 ,  11072714.4407428,
        11074006.2211433,  11073324.3187351,  11076909.4195257,
        11092785.7356132,  11081212.1792976,  11105463.0312924,
        11109637.8216583,  11142882.7428571,  11113771.4679906,
        11105733.0603419,  11109827.1041001,  11115174.0322852,
        11118424.810443 ,  11127800.7445485,  11147145.7541459,
        11208707.3494392,  11150084.8538335,  11142433.83975  ,
        11177950.112006 ,  11160581.9222651,  11154577.3361279,
        11188618.3772016,  11150386.6169518,  11139686.8953853,
        11162037.2262549,  11168064.8378012,  11165266.3051295,
        11144941.3483362,  11165586.0091928,  11164023.3672367,
        11180021.4009929,  11161499.9339585,  11205306.8155175,
        11158313.6353007,  11157040.2482809,  11164309.9422687,
        11152928.5465709,  11176594.4775143,  11178326.8336091,
        11217076.9161978,  11193388.9188454,  11161629.5407244,
        11164115.1052766,  11161446.3499909,  11148308.1642948,
        11166660.4784701,  11185545.8412207,  11155186.2274682,
        11178093.911969 ,  11175504.2994667,  11158923.9786725,
        11178648.5933444,  11176834.3557273,  11182894.0372861,
        11175359.0362934,  11149901.7719434,  11160975.2157381,
        11160325.8145982,  11154989.6648649,  11153501.784887 ,
        11160962.7922781,  11158337.3084759,  11248125.4689465,
        11284966.6824049,  11155149.4695349,  11162455.5708034,
        11156842.3401358,  11152546.7457988,  11182229.1638903,
        11157139.6718513,  11155094.530024 ,  11147375.4599008,
        11167731.5171171,  11193703.0148188,  11191322.5548814,
        11175954.7004965,  11172348.8953117,  11244300.5034749,
        11315943.224269 ,  11321739.4615187,  11315803.1767603]),
 array([ -5.97438299e-03,  -8.93855424e-03,  -6.71843811e-03,
        -5.13654738e-03,  -6.08886091e-03,  -5.94490169e-03,
         7.04114090e-03,  -2.81720871e-03,  -2.90065359e-03,
        -3.67250007e-03,  -2.59531544e-03,  -3.44606144e-03,
        -1.63964399e-03,  -1.75167426e-03,  -2.39422443e-03,
        -4.77894822e-04,  -4.41159455e-04,   1.43061392e-05,
         2.92120910e-04,   9.71436639e-04,   1.60967964e-03,
         6.77703802e-03,   4.27663689e-03,  -1.73649087e-04,
         3.24443148e-03,   1.89015235e-03,   1.03724104e-03,
         1.05088174e-03,   1.66408224e-03,   2.38495910e-03,
         4.19784053e-03,   4.48490430e-03,   2.71293465e-03,
         1.04513708e-03,   2.13802956e-03,   1.16495154e-03,
         1.98552004e-03,   1.09395087e-03,   2.49471071e-03,
         2.29078991e-03,   1.29616897e-03,   1.35368384e-03,
         3.45214089e-04,   2.63455118e-03,   1.58645495e-03,
         7.17692712e-03,  -3.77257821e-04,   1.42782732e-03,
         1.11105144e-03,   1.80903626e-03,   1.14035892e-03,
         5.32380467e-04,   2.45929423e-03,   1.43017615e-03,
         8.63792986e-04,   2.80700253e-03,   2.61709216e-03,
         1.27922878e-03,  -7.93259394e-04,   1.19464762e-03,
         5.02214325e-04,  -1.88609163e-06,   8.03756551e-04,
         2.65082110e-04,  -8.88154283e-04,   1.74276104e-03,
         2.07856480e-03,   8.56009431e-04,   6.43842506e-04,
        -1.31137650e-04,   1.12372263e-03,   1.60941901e-03,
        -1.11085697e-03,  -9.43064163e-05,  -1.71710615e-04,
        -1.02303913e-04,   1.59789548e-03,   6.81149300e-03,
         2.14042458e-02,   1.63750825e-02,   1.26242529e-04,
         1.36295975e-03,  -2.35072782e-04,   2.62471830e-03,
        -9.68576833e-04,  -2.45631711e-04,   2.47939145e-03,
        -1.69831688e-04,   9.98528979e-04,   1.45729751e-03,
        -1.80751538e-04,   5.97923124e-03,  -1.98845769e-04,
         8.60679640e-04,  -1.50699519e-03,  -6.63658936e-04,
        -3.35892193e-04,  -9.46793680e-04,  -3.20624846e-05,
        -6.20052358e-05,   1.74963311e-03,   1.47315900e-03,
         2.69000313e-03,   1.77257923e-02,  -3.15968284e-04,
        -8.04436331e-04,  -2.54183507e-03,  -1.38353788e-03,
        -7.68753376e-04,  -3.17967765e-03,  -2.17947792e-03,
        -1.84018167e-03,  -3.67206467e-03,  -9.87078360e-04,
        -1.15002447e-04,   1.20165907e-04,   2.68198180e-04,
         1.10082318e-03,  -1.29990227e-03,  -2.51489574e-03,
        -3.19724355e-03,  -3.64056064e-03,  -2.36841986e-03,
        -2.88891305e-03,  -5.03004321e-03,  -3.92984548e-03,
        -3.52903834e-03,  -7.87555522e-05,   2.22411215e-03,
        -2.62054025e-03,  -4.24968605e-03,  -2.86009415e-03,
        -2.47657878e-03,  -3.19605923e-03,  -7.91255655e-04,
        -2.56854343e-03,  -2.98616849e-03,  -9.20201677e-04,
        -2.25973873e-03,  -1.16569690e-03,  -8.32059475e-04,
         7.22462984e-05,   2.45905014e-03,   3.94434361e-03,
         8.61082683e-03,   1.72692209e-02,   2.91973001e-02,
         4.53319041e-02,   6.71002614e-02,   9.30696921e-02,
         1.19808055e-01,   1.43382191e-01,   1.64069799e-01,
         1.79508947e-01,   1.93229174e-01,   2.00768519e-01,
         2.09801390e-01,   2.16419524e-01,   2.17840688e-01,
         2.13632777e-01,   2.04200328e-01,   1.86810442e-01,
         1.73219411e-01,   1.69224333e-01,   1.79479297e-01,
         1.97817795e-01,   2.33081618e-01,   2.71549816e-01,
         3.07117864e-01,   3.30678137e-01,   3.38552425e-01,
         3.32406997e-01,   3.32573126e-01,   3.24905495e-01,
         3.17713885e-01,   3.25560163e-01,   3.74916367e-01,
         3.64341045e-01,   3.88430758e-01,   4.01949538e-01,
         3.90242241e-01,   3.81308300e-01,   3.95910368e-01,
         4.10937445e-01,   4.13049001e-01,   3.80381697e-01,
         3.52314021e-01,   3.18738125e-01,   2.65557264e-01,
         1.99374163e-01,   1.42362131e-01,   1.01890007e-01,
         9.34638592e-02,   9.65178490e-02,   1.03793392e-01,
         1.15269433e-01,   1.26400435e-01,   1.31399813e-01,
         1.36802324e-01,   1.39496126e-01,   1.50497512e-01,
         1.48258938e-01,   1.45960742e-01,   1.40141704e-01,
         1.33638914e-01,   1.33895553e-01,   1.35259770e-01,
         1.31393325e-01,   1.17833130e-01,   9.99363885e-02,
         7.74884479e-02,   5.70942940e-02,   3.96124792e-02,
         2.67124928e-02,   1.75849588e-02,   1.19030974e-02,
         9.83561038e-03,   6.23541824e-03,   5.44167634e-03,
         5.16962097e-03,   3.27307779e-03,  -3.06631220e-05,
         2.72286148e-03,   2.22690016e-03,   3.12590156e-03,
         8.77026605e-03,   3.25527962e-03,   2.12256996e-03,
         1.61909255e-03,   2.29812741e-03,   1.24228361e-03,
         3.98694825e-04,  -7.28523561e-04,   6.09173926e-05,
        -2.14066701e-04,  -6.60881405e-04,  -7.16294616e-04,
         3.43008798e-04,  -1.06667347e-03,   7.59301082e-04,
         7.81971682e-04,   3.42896272e-03,   4.67408237e-04,
        -5.89078976e-04,  -5.46657418e-04,  -3.84777449e-04,
        -4.04513163e-04,   1.33262514e-04,   1.57350728e-03,
         6.81210484e-03,   1.26262050e-03,   2.99453023e-04,
         3.21841706e-03,   1.39820284e-03,   6.05816828e-04,
         3.41276756e-03,  -2.53907951e-04,  -1.44315548e-03,
         3.37871655e-04,   6.63525026e-04,   2.06368866e-04,
        -1.81228213e-03,  -1.53327725e-04,  -4.75001260e-04,
         7.83673663e-04,  -1.03923216e-03,   2.72444609e-03,
        -1.62866300e-03,  -1.88181659e-03,  -1.36206331e-03,
        -2.50182207e-03,  -4.98301018e-04,  -4.47579657e-04,
         2.92187262e-03,   7.17667635e-04,  -2.19857408e-03,
        -2.04405871e-03,  -2.34101203e-03,  -3.56433917e-03,
        -1.96363862e-03,  -3.05905600e-04,  -3.03977574e-03,
        -1.00336272e-03,  -1.23594035e-03,  -2.70907026e-03,
        -9.27663817e-04,  -1.06124464e-03,  -4.81006613e-04,
        -1.10572267e-03,  -3.32234111e-03,  -2.26330238e-03,
        -2.24179747e-03,  -2.62889640e-03,  -2.66144421e-03,
        -1.88310583e-03,  -1.99605133e-03,   6.16832398e-03,
         9.60900087e-03,  -1.85065771e-03,  -1.03132875e-03,
        -1.35701974e-03,  -1.55371608e-03,   1.30328371e-03,
        -7.32708894e-04,  -6.93808801e-04,  -1.15180349e-03,
         9.17828020e-04,   3.50357564e-03,   3.56006086e-03,
         2.46352282e-03,   2.43361463e-03,   9.19712805e-03,
         1.59493008e-02,   1.68045487e-02,   1.66187288e-02]))
