(array([ 1418.006836,  1418.019531,  1418.032227,  1418.044922,
        1418.057617,  1418.070312,  1418.083008,  1418.095703,
        1418.108398,  1418.121094,  1418.133789,  1418.146484,
        1418.15918 ,  1418.171875,  1418.18457 ,  1418.197266,
        1418.209961,  1418.222656,  1418.235352,  1418.248047,
        1418.260742,  1418.273438,  1418.286133,  1418.298828,
        1418.311523,  1418.324219,  1418.336914,  1418.349609,
        1418.362305,  1418.375   ,  1418.387695,  1418.400391,
        1418.413086,  1418.425781,  1418.438477,  1418.451172,
        1418.463867,  1418.476562,  1418.489258,  1418.501953,
        1418.514648,  1418.527344,  1418.540039,  1418.552734,
        1418.56543 ,  1418.578125,  1418.59082 ,  1418.603516,
        1418.616211,  1418.628906,  1418.641602,  1418.654297,
        1418.666992,  1418.679688,  1418.692383,  1418.705078,
        1418.717773,  1418.730469,  1418.743164,  1418.755859,
        1418.768555,  1418.78125 ,  1418.793945,  1418.806641,
        1418.819336,  1418.832031,  1418.844727,  1418.857422,
        1418.870117,  1418.882812,  1418.895508,  1418.908203,
        1418.920898,  1418.933594,  1418.946289,  1418.958984,
        1418.97168 ,  1418.984375,  1418.99707 ,  1419.009766,
        1419.022461,  1419.035156,  1419.047852,  1419.060547,
        1419.073242,  1419.085938,  1419.098633,  1419.111328,
        1419.124023,  1419.136719,  1419.149414,  1419.162109,
        1419.174805,  1419.1875  ,  1419.200195,  1419.212891,
        1419.225586,  1419.238281,  1419.250977,  1419.263672,
        1419.276367,  1419.289062,  1419.301758,  1419.314453,
        1419.327148,  1419.339844,  1419.352539,  1419.365234,
        1419.37793 ,  1419.390625,  1419.40332 ,  1419.416016,
        1419.428711,  1419.441406,  1419.454102,  1419.466797,
        1419.479492,  1419.492188,  1419.504883,  1419.517578,
        1419.530273,  1419.542969,  1419.555664,  1419.568359,
        1419.581055,  1419.59375 ,  1419.606445,  1419.619141,
        1419.631836,  1419.644531,  1419.657227,  1419.669922,
        1419.682617,  1419.695312,  1419.708008,  1419.720703,
        1419.733398,  1419.746094,  1419.758789,  1419.771484,
        1419.78418 ,  1419.796875,  1419.80957 ,  1419.822266,
        1419.834961,  1419.847656,  1419.860352,  1419.873047,
        1419.885742,  1419.898438,  1419.911133,  1419.923828,
        1419.936523,  1419.949219,  1419.961914,  1419.974609,
        1419.987305,  1420.      ,  1420.012695,  1420.025391,
        1420.038086,  1420.050781,  1420.063477,  1420.076172,
        1420.088867,  1420.101562,  1420.114258,  1420.126953,
        1420.139648,  1420.152344,  1420.165039,  1420.177734,
        1420.19043 ,  1420.203125,  1420.21582 ,  1420.228516,
        1420.241211,  1420.253906,  1420.266602,  1420.279297,
        1420.291992,  1420.304688,  1420.317383,  1420.330078,
        1420.342773,  1420.355469,  1420.368164,  1420.380859,
        1420.393555,  1420.40625 ,  1420.418945,  1420.431641,
        1420.444336,  1420.457031,  1420.469727,  1420.482422,
        1420.495117,  1420.507812,  1420.520508,  1420.533203,
        1420.545898,  1420.558594,  1420.571289,  1420.583984,
        1420.59668 ,  1420.609375,  1420.62207 ,  1420.634766,
        1420.647461,  1420.660156,  1420.672852,  1420.685547,
        1420.698242,  1420.710938,  1420.723633,  1420.736328,
        1420.749023,  1420.761719,  1420.774414,  1420.787109,
        1420.799805,  1420.8125  ,  1420.825195,  1420.837891,
        1420.850586,  1420.863281,  1420.875977,  1420.888672,
        1420.901367,  1420.914062,  1420.926758,  1420.939453,
        1420.952148,  1420.964844,  1420.977539,  1420.990234,
        1421.00293 ,  1421.015625,  1421.02832 ,  1421.041016,
        1421.053711,  1421.066406,  1421.079102,  1421.091797,
        1421.104492,  1421.117188,  1421.129883,  1421.142578,
        1421.155273,  1421.167969,  1421.180664,  1421.193359,
        1421.206055,  1421.21875 ,  1421.231445,  1421.244141,
        1421.256836,  1421.269531,  1421.282227,  1421.294922,
        1421.307617,  1421.320312,  1421.333008,  1421.345703,
        1421.358398,  1421.371094,  1421.383789,  1421.396484,
        1421.40918 ,  1421.421875,  1421.43457 ,  1421.447266,
        1421.459961,  1421.472656,  1421.485352,  1421.498047,
        1421.510742,  1421.523438,  1421.536133,  1421.548828,
        1421.561523,  1421.574219,  1421.586914,  1421.599609,
        1421.612305,  1421.625   ,  1421.637695,  1421.650391,
        1421.663086,  1421.675781,  1421.688477,  1421.701172,
        1421.713867,  1421.726562,  1421.739258,  1421.751953,
        1421.764648,  1421.777344,  1421.790039,  1421.802734,
        1421.81543 ,  1421.828125,  1421.84082 ,  1421.853516,
        1421.866211,  1421.878906,  1421.891602,  1421.904297,
        1421.916992,  1421.929688,  1421.942383,  1421.955078,
        1421.967773,  1421.980469,  1421.993164]),
 array([ 10150432.21376467,  10134260.73714533,  10139339.08046867,
        10172970.048906  ,  10196346.16951633,  10168325.17742233,
        10318385.04038733,  10241656.99871334,  10185339.912974  ,
        10211542.36293467,  10166232.61236767,  10206788.36354733,
        10178839.818104  ,  10166400.11766867,  10221238.17662567,
        10222140.942575  ,  10232434.72893333,  10229916.41698833,
        10275973.820678  ,  10238822.38352633,  10323868.33462033,
        10286958.62033433,  10305333.24508167,  10317970.785806  ,
        10309804.31795067,  10323765.17840267,  10353576.31721533,
        10341644.39639633,  10357701.49120567,  10380627.58595367,
        10415017.913587  ,  10441936.858001  ,  10438905.91064533,
        10429527.97695667,  10435153.98958133,  10435381.71183433,
        10474255.94410767,  10457831.43273867,  10507052.16302   ,
        10508958.93705967,  10552465.54440167,  10530833.212968  ,
        10558020.46356567,  10566521.79297633,  10536283.071643  ,
        10600438.81399767,  10584145.86406833,  10666206.825274  ,
        10585436.27774733,  10641974.02953967,  10609428.48808   ,
        10627375.57933467,  10609174.33743933,  10576247.35527367,
        10612616.438806  ,  10639789.50444333,  10626735.83624433,
        10633712.21670633,  10645171.72519467,  10620886.32763367,
        10621031.68768767,  10598530.51811033,  10618051.23196667,
        10610503.877919  ,  10582266.45388267,  10583546.74020967,
        10576875.03340066,  10582730.53330866,  10587043.64969033,
        10615028.80382433,  10608590.87724467,  10630625.07666834,
        10622018.56517733,  10594439.80535633,  10648474.720598  ,
        10662831.032175  ,  10661504.62952767,  10663020.80235333,
        10686957.66525733,  10872351.65483867,  10681458.36023767,
        10694303.10375667,  10694977.01195067,  10706897.20512367,
        10688356.39688667,  10687459.56340033,  10706567.664154  ,
        10670619.544279  ,  10703588.93031833,  10710293.02739467,
        10696221.01906   ,  10728473.067353  ,  10677174.18054767,
        10718709.67653367,  10686125.720169  ,  10701600.30397733,
        10719120.56579033,  10710120.74278367,  10700788.52730267,
        10692369.224735  ,  10745416.17405133,  10713303.065024  ,
        10748553.466446  ,  11049481.20757467,  10780725.55494233,
        10691075.97524033,  10750074.08714833,  10678489.075198  ,
        10706380.99062333,  10696474.50095   ,  10730314.59802633,
        10724073.13305133,  10712636.06202133,  10671828.53318633,
        10743407.27339567,  10715346.646565  ,  10702765.541705  ,
        10729027.382975  ,  10693264.208862  ,  10731517.29754233,
        10671757.690752  ,  10719270.74633833,  10717011.591837  ,
        10694695.41508867,  10683952.94233   ,  10709534.44677333,
        10707571.44867333,  10774983.17190633,  10762932.68223333,
        10762114.967212  ,  10772207.29104633,  10770107.967886  ,
        10790885.22056767,  10818862.25948433,  10862462.40755033,
        10873320.62707567,  10916905.735123  ,  11010097.84641767,
        11060950.29821633,  11180722.37004367,  11229838.390881  ,
        11300158.64877133,  11435428.41257567,  11501079.66317367,
        11571417.45369867,  11591679.87448667,  11636953.98713033,
        11631718.89930767,  11646408.99184933,  11612559.651897  ,
        11640987.03634267,  11698641.92094133,  11770318.841944  ,
        11771012.667525  ,  11809781.292149  ,  11885196.770975  ,
        11913018.718637  ,  11998563.061347  ,  11988385.10216334,
        12017965.04357433,  12049661.372066  ,  12076370.15235667,
        12151821.38285233,  12188712.327021  ,  12259286.833609  ,
        12223550.134951  ,  12314549.925599  ,  12365057.86504867,
        12472032.619722  ,  12553976.10050867,  12727990.725746  ,
        12878823.473923  ,  13088274.16608467,  13358015.190047  ,
        13721492.96659933,  14184275.395722  ,  15235875.02604667,
        15130774.49825333,  15551797.382362  ,  15956681.993994  ,
        16313723.06575967,  16289481.076178  ,  15937028.914629  ,
        15613099.25893233,  15373525.01170567,  15100709.76772667,
        15151453.613287  ,  15285716.37629467,  15461952.10197934,
        14551448.094625  ,  13710615.467059  ,  13097886.29184267,
        12950735.683275  ,  12889616.20493967,  12905103.69896433,
        12924444.18949533,  13027739.93062467,  13113243.544279  ,
        13150769.263958  ,  13148503.11209167,  13180429.816265  ,
        12865369.24581733,  12545402.20873933,  12168224.37261767,
        11961675.01771167,  11781825.429675  ,  11684382.44481233,
        11605555.39768367,  11526015.12532967,  11486195.148618  ,
        11495830.01188967,  11479304.37801067,  11443332.57142833,
        11494927.04982533,  11453617.78169967,  11410494.525219  ,
        11389780.056628  ,  11441555.56241967,  11432483.424159  ,
        11409059.47318733,  11402362.497028  ,  11383081.06833366,
        11360265.73904533,  11373020.62486967,  11429279.05668934,
        11385052.29539733,  11340434.12293933,  11360599.722008  ,
        11360421.58141834,  11382235.37562033,  11361452.95532267,
        11355046.487467  ,  11333506.95740633,  11294289.35220934,
        11348635.667831  ,  11306343.55040767,  11291681.02175633,
        11305278.18986333,  11336687.89507867,  11317751.049335  ,
        11269876.203714  ,  11291316.80382434,  11337453.33774567,
        11314461.73291667,  11304100.292946  ,  11296794.39700933,
        11316770.81032067,  11358635.22755433,  11356527.46558833,
        11420598.63553367,  11352006.15799434,  11349614.03003   ,
        11371045.11270467,  11377110.30802233,  11348993.419869  ,
        11411561.92339267,  11373285.72458167,  11381660.695471  ,
        11446576.10296033,  11430587.68940367,  11425233.24042433,
        11479678.442851  ,  11450437.240179  ,  11508848.624625  ,
        11491185.495373  ,  11467710.25458133,  11493253.832445  ,
        11506383.449899  ,  11526327.098364  ,  11528473.04185833,
        11562809.13403233,  11528535.414108  ,  11537864.891831  ,
        11617270.329595  ,  11581152.67267233,  11547395.66145734,
        11570923.400135  ,  11524902.48942833,  11546950.638475  ,
        11559129.65373533,  11565293.769198  ,  11516577.614022  ,
        11526401.272783  ,  11507907.661457  ,  11531302.797328  ,
        11515142.916958  ,  11520690.94858133,  11527470.52227767,
        11470078.997855  ,  11505238.533554  ,  11536708.04388067,
        11510093.159282  ,  11494321.29925833,  11496149.92952133,
        11489561.46742667,  11446504.19562433,  11479023.48912167,
        11639720.77808433,  11471087.44205433,  11473081.228167  ,
        11445604.41061467,  11451870.56640333,  11425461.407857  ,
        11403967.38223933,  11407465.39976733,  11412091.25402933,
        11406573.37893   ,  11428642.40240267,  11411004.369921  ,
        11377060.69105833,  11406055.29349767,  11411177.86455867,
        11474338.54948867,  11478637.937856  ,  11371063.833793  ]),
 array([ -6.27417890e-03,  -8.40617862e-03,  -8.45714609e-03,
        -5.71668076e-03,  -3.98030208e-03,  -7.26308268e-03,
         6.83491867e-03,  -1.19893034e-03,  -7.23386975e-03,
        -5.22280083e-03,  -1.01759229e-02,  -6.76734042e-03,
        -1.00244423e-02,  -1.17697660e-02,  -6.97630799e-03,
        -7.42455322e-03,  -6.96022953e-03,  -7.73846688e-03,
        -3.80612576e-03,  -7.93957066e-03,  -2.34308881e-04,
        -4.34056469e-03,  -3.09369938e-03,  -2.40219137e-03,
        -3.72113226e-03,  -2.90093214e-03,  -5.50841107e-04,
        -2.22997411e-03,  -1.20773590e-03,   4.76158214e-04,
         3.26327807e-03,   5.32876657e-03,   4.51079297e-03,
         3.08390450e-03,   3.10141539e-03,   2.60096166e-03,
         5.81280602e-03,   3.71455622e-03,   7.91629504e-03,
         7.57802641e-03,   1.12272241e-02,   8.63433436e-03,
         1.07183145e-02,   1.10129383e-02,   7.60310837e-03,
         1.32199648e-02,   1.11461629e-02,   1.84664601e-02,
         1.02399033e-02,   1.51199798e-02,   1.15025366e-02,
         1.27009935e-02,   1.04560088e-02,   6.81208888e-03,
         9.76590191e-03,   1.18428700e-02,   1.00947796e-02,
         1.02520124e-02,   1.08354974e-02,   8.02652165e-03,
         7.53853195e-03,   4.90448797e-03,   6.25606640e-03,
         5.04299884e-03,   1.87300353e-03,   1.49999712e-03,
         3.75865664e-04,   4.37793491e-04,   3.54578850e-04,
         2.50774316e-03,   1.41001370e-03,   3.00039820e-03,
         1.70034366e-03,  -1.38612052e-03,   3.22013812e-03,
         4.08617591e-03,   3.47591515e-03,   3.13435631e-03,
         4.90201551e-03,   2.18432187e-02,   3.42028613e-03,
         4.14573145e-03,   3.72886167e-03,   4.36804886e-03,
         2.15122756e-03,   1.59066270e-03,   2.90522264e-03,
        -9.35591016e-04,   1.67741041e-03,   1.83172642e-03,
         4.41231734e-05,   2.58788887e-03,  -2.67438320e-03,
         7.36308292e-04,  -2.77235682e-03,  -1.79440969e-03,
        -6.25963947e-04,  -1.92934871e-03,  -3.26187135e-03,
        -4.50747912e-03,  -3.12359225e-05,  -3.47981787e-03,
        -6.61538671e-04,   2.68446199e-02,   1.40895708e-03,
        -7.37343973e-03,  -2.35204573e-03,  -9.44767339e-03,
        -7.31280282e-03,  -8.68224065e-03,  -5.99732716e-03,
        -7.02551261e-03,  -8.53294840e-03,  -1.27554244e-02,
        -6.58138512e-03,  -9.62150821e-03,  -1.12281892e-02,
        -9.24593824e-03,  -1.29898209e-02,  -9.90091756e-03,
        -1.58528365e-02,  -1.19105947e-02,  -1.25570869e-02,
        -1.50495619e-02,  -1.64737967e-02,  -1.45537253e-02,
        -1.51681230e-02,  -9.40342332e-03,  -1.09452541e-02,
        -1.14533173e-02,  -1.09586363e-02,  -1.15825932e-02,
        -1.01068050e-02,  -7.97148232e-03,  -4.40547770e-03,
        -3.84153579e-03,  -2.80463340e-04,   7.81896685e-03,
         1.20381746e-02,   2.25576031e-02,   2.66093957e-02,
         3.25960340e-02,   4.45107011e-02,   5.00596055e-02,
         5.60322003e-02,   5.74323545e-02,   6.11126503e-02,
         6.01868274e-02,   6.10778053e-02,   5.75482238e-02,
         5.96914426e-02,   6.44930361e-02,   7.05666595e-02,
         7.01823010e-02,   7.32591786e-02,   7.96632178e-02,
         8.17409404e-02,   8.90568756e-02,   8.76827514e-02,
         8.99160913e-02,   9.23401794e-02,   9.43110198e-02,
         1.00695933e-01,   1.03585040e-01,   1.09521003e-01,
         1.05835108e-01,   1.13613765e-01,   1.17726620e-01,
         1.26939038e-01,   1.33883830e-01,   1.49136335e-01,
         1.62285147e-01,   1.80712078e-01,   2.04561676e-01,
         2.36842244e-01,   2.78045351e-01,   3.72249370e-01,
         3.62240135e-01,   3.99588319e-01,   4.35455971e-01,
         4.66993818e-01,   4.64234688e-01,   4.31988084e-01,
         4.02329631e-01,   3.80269016e-01,   3.55243279e-01,
         3.59265143e-01,   3.70774439e-01,   3.86038120e-01,
         3.03911369e-01,   2.28089893e-01,   1.72751777e-01,
         1.59127891e-01,   1.53212327e-01,   1.54153279e-01,
         1.55438733e-01,   1.64226612e-01,   1.71419110e-01,
         1.74322542e-01,   1.73672605e-01,   1.76074899e-01,
         1.47526551e-01,   1.18563150e-01,   8.45233248e-02,
         6.57118154e-02,   4.92930827e-02,   4.02237655e-02,
         3.28185821e-02,   2.53561830e-02,   2.14322169e-02,
         2.19080246e-02,   2.00595149e-02,   1.64856652e-02,
         2.06905163e-02,   1.66466063e-02,   1.24453719e-02,
         1.02354588e-02,   1.44550382e-02,   1.32791706e-02,
         1.08332467e-02,   9.87117603e-03,   7.79631588e-03,
         5.41084437e-03,   6.17462010e-03,   1.07858871e-02,
         6.51093085e-03,   2.20507591e-03,   3.62615685e-03,
         3.25027548e-03,   4.81673230e-03,   2.62365172e-03,
         1.70099282e-03,  -5.54884744e-04,  -4.36694257e-03,
         6.94409032e-05,  -4.00968719e-03,  -5.65226597e-03,
        -4.80535308e-03,  -2.39093475e-03,  -4.40646538e-03,
        -8.96464020e-03,  -7.42576312e-03,  -3.71719575e-03,
        -6.08310166e-03,  -7.33762853e-03,  -8.32245965e-03,
        -6.91183501e-03,  -3.58146614e-03,  -4.10882569e-03,
         1.16623468e-03,  -5.18740095e-03,  -5.73669902e-03,
        -4.19874275e-03,  -4.00636506e-03,  -6.80489949e-03,
        -1.66738953e-03,  -5.35204754e-03,  -4.95510165e-03,
         3.83578117e-04,  -1.34896032e-03,  -2.15096735e-03,
         2.26918515e-03,  -6.17075130e-04,   4.14692860e-03,
         2.27310103e-03,  -1.05650800e-04,   1.79046974e-03,
         2.60428311e-03,   4.01170752e-03,   3.86908697e-03,
         6.52930633e-03,   3.21793797e-03,   3.70251813e-03,
         1.02814821e-02,   6.81371852e-03,   3.55401825e-03,
         5.27391600e-03,   9.52918054e-04,   2.54534182e-03,
         3.28077532e-03,   3.49446784e-03,  -1.05168827e-03,
        -5.18164967e-04,  -2.43903186e-03,  -7.28111242e-04,
        -2.44427020e-03,  -2.27875826e-03,  -2.00612877e-03,
        -7.28690449e-03,  -4.55613980e-03,  -2.14565054e-03,
        -4.75839276e-03,  -6.43161223e-03,  -6.58225593e-03,
        -7.45932947e-03,  -1.14846453e-02,  -8.98210861e-03,
         4.58206033e-03,  -1.02760596e-02,  -1.04072713e-02,
        -1.30789710e-02,  -1.28397273e-02,  -1.54157926e-02,
        -1.75662692e-02,  -1.75624309e-02,  -1.74608777e-02,
        -1.82318689e-02,  -1.66280576e-02,  -1.84401437e-02,
        -2.16527246e-02,  -1.94521164e-02,  -1.93038100e-02,
        -1.41685652e-02,  -1.40914133e-02,  -2.36197233e-02]))
