(array([ 1418.006836,  1418.019531,  1418.032227,  1418.044922,
        1418.057617,  1418.070312,  1418.083008,  1418.095703,
        1418.108398,  1418.121094,  1418.133789,  1418.146484,
        1418.15918 ,  1418.171875,  1418.18457 ,  1418.197266,
        1418.209961,  1418.222656,  1418.235352,  1418.248047,
        1418.260742,  1418.273438,  1418.286133,  1418.298828,
        1418.311523,  1418.324219,  1418.336914,  1418.349609,
        1418.362305,  1418.375   ,  1418.387695,  1418.400391,
        1418.413086,  1418.425781,  1418.438477,  1418.451172,
        1418.463867,  1418.476562,  1418.489258,  1418.501953,
        1418.514648,  1418.527344,  1418.540039,  1418.552734,
        1418.56543 ,  1418.578125,  1418.59082 ,  1418.603516,
        1418.616211,  1418.628906,  1418.641602,  1418.654297,
        1418.666992,  1418.679688,  1418.692383,  1418.705078,
        1418.717773,  1418.730469,  1418.743164,  1418.755859,
        1418.768555,  1418.78125 ,  1418.793945,  1418.806641,
        1418.819336,  1418.832031,  1418.844727,  1418.857422,
        1418.870117,  1418.882812,  1418.895508,  1418.908203,
        1418.920898,  1418.933594,  1418.946289,  1418.958984,
        1418.97168 ,  1418.984375,  1418.99707 ,  1419.009766,
        1419.022461,  1419.035156,  1419.047852,  1419.060547,
        1419.073242,  1419.085938,  1419.098633,  1419.111328,
        1419.124023,  1419.136719,  1419.149414,  1419.162109,
        1419.174805,  1419.1875  ,  1419.200195,  1419.212891,
        1419.225586,  1419.238281,  1419.250977,  1419.263672,
        1419.276367,  1419.289062,  1419.301758,  1419.314453,
        1419.327148,  1419.339844,  1419.352539,  1419.365234,
        1419.37793 ,  1419.390625,  1419.40332 ,  1419.416016,
        1419.428711,  1419.441406,  1419.454102,  1419.466797,
        1419.479492,  1419.492188,  1419.504883,  1419.517578,
        1419.530273,  1419.542969,  1419.555664,  1419.568359,
        1419.581055,  1419.59375 ,  1419.606445,  1419.619141,
        1419.631836,  1419.644531,  1419.657227,  1419.669922,
        1419.682617,  1419.695312,  1419.708008,  1419.720703,
        1419.733398,  1419.746094,  1419.758789,  1419.771484,
        1419.78418 ,  1419.796875,  1419.80957 ,  1419.822266,
        1419.834961,  1419.847656,  1419.860352,  1419.873047,
        1419.885742,  1419.898438,  1419.911133,  1419.923828,
        1419.936523,  1419.949219,  1419.961914,  1419.974609,
        1419.987305,  1420.      ,  1420.012695,  1420.025391,
        1420.038086,  1420.050781,  1420.063477,  1420.076172,
        1420.088867,  1420.101562,  1420.114258,  1420.126953,
        1420.139648,  1420.152344,  1420.165039,  1420.177734,
        1420.19043 ,  1420.203125,  1420.21582 ,  1420.228516,
        1420.241211,  1420.253906,  1420.266602,  1420.279297,
        1420.291992,  1420.304688,  1420.317383,  1420.330078,
        1420.342773,  1420.355469,  1420.368164,  1420.380859,
        1420.393555,  1420.40625 ,  1420.418945,  1420.431641,
        1420.444336,  1420.457031,  1420.469727,  1420.482422,
        1420.495117,  1420.507812,  1420.520508,  1420.533203,
        1420.545898,  1420.558594,  1420.571289,  1420.583984,
        1420.59668 ,  1420.609375,  1420.62207 ,  1420.634766,
        1420.647461,  1420.660156,  1420.672852,  1420.685547,
        1420.698242,  1420.710938,  1420.723633,  1420.736328,
        1420.749023,  1420.761719,  1420.774414,  1420.787109,
        1420.799805,  1420.8125  ,  1420.825195,  1420.837891,
        1420.850586,  1420.863281,  1420.875977,  1420.888672,
        1420.901367,  1420.914062,  1420.926758,  1420.939453,
        1420.952148,  1420.964844,  1420.977539,  1420.990234,
        1421.00293 ,  1421.015625,  1421.02832 ,  1421.041016,
        1421.053711,  1421.066406,  1421.079102,  1421.091797,
        1421.104492,  1421.117188,  1421.129883,  1421.142578,
        1421.155273,  1421.167969,  1421.180664,  1421.193359,
        1421.206055,  1421.21875 ,  1421.231445,  1421.244141,
        1421.256836,  1421.269531,  1421.282227,  1421.294922,
        1421.307617,  1421.320312,  1421.333008,  1421.345703,
        1421.358398,  1421.371094,  1421.383789,  1421.396484,
        1421.40918 ,  1421.421875,  1421.43457 ,  1421.447266,
        1421.459961,  1421.472656,  1421.485352,  1421.498047,
        1421.510742,  1421.523438,  1421.536133,  1421.548828,
        1421.561523,  1421.574219,  1421.586914,  1421.599609,
        1421.612305,  1421.625   ,  1421.637695,  1421.650391,
        1421.663086,  1421.675781,  1421.688477,  1421.701172,
        1421.713867,  1421.726562,  1421.739258,  1421.751953,
        1421.764648,  1421.777344,  1421.790039,  1421.802734,
        1421.81543 ,  1421.828125,  1421.84082 ,  1421.853516,
        1421.866211,  1421.878906,  1421.891602,  1421.904297,
        1421.916992,  1421.929688,  1421.942383,  1421.955078,
        1421.967773,  1421.980469,  1421.993164]),
 array([  9873392.8813384,   9853042.0209597,   9859727.1068947,
         9852322.8340503,   9843109.4645339,   9865302.3458724,
         9999644.0404485,   9907682.4475087,   9870003.5618312,
         9856171.1479317,   9852983.4754919,   9865338.6578414,
         9847005.1859534,   9853147.3438499,   9850943.8487956,
         9840672.4559661,   9867989.7239934,   9851708.4687628,
         9850810.6037139,   9867224.7474902,   9851055.4593123,
         9898600.9987131,   9875990.2246736,   9856166.4923698,
         9859394.5940061,   9861064.7004228,   9864755.8907153,
         9865618.1727523,   9877213.8101858,   9869713.7968009,
         9873539.0805663,   9905541.3015628,   9874870.1375989,
         9874489.4093769,   9861059.7018571,   9868771.7430411,
         9885065.7347306,   9868825.3952564,   9885792.7519029,
         9875544.0932522,   9890181.5998529,   9891537.2025739,
         9885039.22221  ,   9901222.702997 ,   9894877.2000734,
         9924217.5423424,   9876926.9150947,   9897480.7751424,
         9902628.9709137,   9890554.237176 ,   9913927.4907887,
         9894993.3114176,   9921025.8915242,   9900556.1310534,
         9910878.0396397,   9950916.7055709,   9922219.8145247,
         9926196.8120611,   9915860.717926 ,   9927261.1606546,
         9938736.1547344,   9929688.5274498,   9937021.4836551,
         9933140.3531531,   9926001.2578781,   9937516.9982717,
         9946715.153815 ,   9964482.4639824,   9945885.882552 ,
         9952506.3807319,   9966004.1095789,   9963206.4117668,
         9966489.423497 ,   9967229.7166391,   9983505.7662069,
         9975294.062585 ,   9989959.0054054,  10051298.7104982,
        10186282.7996323,  10150185.015775 ,   9984991.8329106,
         9997609.8847581,   9988206.833315 ,  10004993.8338664,
        10002446.987461 ,  10033129.8600477,  10042276.5602498,
        10013742.0643501,  10054944.3788931,  10022164.4361098,
        10041277.5183674,  10056521.2846479,  10035211.4185695,
        10058591.1880861,  10041519.8758595,  10045419.1608752,
        10061344.772495 ,  10045955.3488508,  10051894.834786 ,
        10068312.6686522,  10091768.2868176,  10075061.9905129,
        10085528.0703069,  10367780.4390513,  10137575.384887 ,
        10109552.793087 ,  10080123.7680456,  10123602.3551388,
        10124273.7038427,  10116352.4247841,  10126162.6799043,
        10124506.0271372,  10118016.3112337,  10132967.7755469,
        10137919.941754 ,  10145718.0116933,  10161681.3025923,
        10173590.050524 ,  10146494.269682 ,  10171515.1526383,
        10184059.8845374,  10170396.4911197,  10187698.7781576,
        10177957.4362934,  10204912.3430042,  10199558.2899798,
        10197228.3363853,  10277605.3739289,  10274160.7360176,
        10225360.5965802,  10232623.1769075,  10219922.6287184,
        10249588.0013238,  10241701.3133296,  10251962.7925721,
        10247613.1994852,  10244200.5150947,  10263428.5779003,
        10276919.9991173,  10282480.2641662,  10291358.3232212,
        10280307.8777716,  10300807.9779372,  10303010.4698657,
        10316321.4149659,  10345174.2187901,  10365701.0821106,
        10383160.9375253,  10403766.3470489,  10427561.4687993,
        10498890.5719434,  10601329.0390145,  10765556.1372311,
        10936528.4359627,  11225035.9810258,  11565807.2563339,
        11983435.3109028,  12369361.4537967,  12647623.8990991,
        12863252.1631182,  13044051.2611877,  13241718.4753079,
        13466290.7446222,  13709360.4394925,  13898571.6397868,
        14026167.2936936,  14125325.7513514,  14116223.2663358,
        14034943.3345835,  13941771.6845008,  13890576.7513145,
        14024807.5855122,  14373959.4890237,  14874835.4306305,
        15309244.0545687,  15585331.0776246,  15945774.799191 ,
        15425507.134694 ,  15126751.9799963,  14906052.7161611,
        14622554.1742232,  14387922.2357052,  14444886.1705461,
        14672825.6305939,  14656613.7940063,  14561441.101379 ,
        14688928.3541827,  14372071.3478212,  13434661.8322486,
        12538527.3439971,  11953920.7095423,  11545525.6639823,
        11428852.6949808,  11404971.7615737,  11441350.1505423,
        11531553.5161611,  11656367.6634674,  11874083.9395478,
        12226391.617871 ,  12608541.3859901,  13044761.5170435,
        13112789.1268248,  13072706.2562971,  12890044.6229085,
        12753539.6889136,  12698551.5831588,  12723645.4006986,
        12784944.8113255,  12805134.720353 ,  12808943.3528223,
        12632709.6469202,  12278421.105056 ,  11813749.6180915,
        11459025.7462035,  11181964.9723845,  11044671.3057549,
        10951098.0795   ,  10891310.376172 ,  10847602.8481705,
        10846969.2158117,  10824781.58485  ,  10815223.1271925,
        10813994.6719617,  10819872.1217871,  10826335.8652691,
        10878223.0215849,  10838760.24328  ,  10812877.8478397,
        10822147.7612796,  10834080.2576944,  10827692.173414 ,
        10824601.6276521,  10816560.1111971,  10801432.0491266,
        10813366.5665013,  10823557.8599008,  10829850.2930686,
        10839589.3227431,  10837167.2698659,  10826786.3227798,
        10854905.8070968,  10852567.1118956,  10838827.8056996,
        10856196.4661153,  10860833.4679169,  10832302.7162346,
        10854792.14385  ,  10874312.1273765,  10861918.6662255,
        10935742.197904 ,  10876049.8756388,  10863614.0802353,
        10861864.6645339,  10881585.7638536,  10887981.1041736,
        10891101.8990255,  10867751.8437947,  10886247.8249677,
        10884480.7713181,  10882146.1639272,  10885052.8088252,
        10878202.2642397,  10909965.1765399,  10888008.685126 ,
        10899699.5600662,  10915339.9286633,  10897523.7212725,
        10885124.4561133,  10899915.769222 ,  10888497.6985475,
        10899963.1026293,  10901201.2196359,  10914273.6079426,
        10980818.3121898,  10915933.3495128,  10885708.1110499,
        10897911.7220077,  10914436.3266778,  10901000.9869461,
        10901770.4142673,  10897405.3159772,  10889017.0446038,
        10891542.1040632,  10902175.7781946,  10880977.764442 ,
        10898504.6639456,  10899021.0300423,  10900914.7587424,
        10877310.3038059,  10872379.1867622,  10914900.6526201,
        10896582.977165 ,  10886591.7746646,  10885490.8658209,
        10873472.3847765,  10897476.1131091,  10985976.9740026,
        11023954.5845927,  10894452.9509101,  10892646.8294908,
        10883199.8417356,  10884690.6522522,  10880872.799853 ,
        10869912.0032358,  10851362.8828829,  10880325.7716492,
        10870235.084979 ,  10871805.473065 ,  10876217.1534474,
        10863370.8996506,  10835363.3847399,  10852745.5888214,
        10872335.0257034,  10979995.1532266,  10951955.3288473]),
 array([ -2.19317178e-03,  -4.00945036e-03,  -3.10426221e-03,
        -3.63472016e-03,  -4.35949691e-03,  -1.91818876e-03,
         1.18614048e-02,   2.73132455e-03,  -9.18016232e-04,
        -2.16506529e-03,  -2.34535517e-03,  -9.62312768e-04,
        -2.69759786e-03,  -1.96459168e-03,  -2.08724491e-03,
        -3.03759007e-03,  -1.89911531e-04,  -1.76963831e-03,
        -1.80083706e-03,  -8.77254017e-05,  -1.68645309e-03,
         3.16193544e-03,   8.90667557e-04,  -1.10796401e-03,
        -7.80040831e-04,  -6.19601794e-04,  -2.63854459e-04,
        -2.04248792e-04,   9.33676617e-04,   1.27191842e-04,
         4.59129318e-04,   3.63678658e-03,   4.55265065e-04,
         3.33813300e-04,  -1.11834436e-03,  -4.37697564e-04,
         1.10317948e-03,  -6.59494355e-04,   9.31909605e-04,
        -2.40873362e-04,   1.09722152e-03,   1.08230890e-03,
         2.64393289e-04,   1.73325639e-03,   9.14512751e-04,
         3.69712067e-03,  -1.27802141e-03,   5.99690599e-04,
         9.11662738e-04,  -5.24716942e-04,   1.61316521e-03,
        -5.30912393e-04,   1.85937434e-03,  -4.53812195e-04,
         3.34684434e-04,   4.11407482e-03,   9.50180223e-04,
         1.07603403e-03,  -2.48351173e-04,   6.11931663e-04,
         1.47226280e-03,   2.57907947e-04,   6.87085727e-04,
        -1.96739646e-05,  -1.06046030e-03,  -2.30335078e-04,
         3.59655731e-04,   1.80439516e-03,  -4.12859108e-04,
        -1.01314922e-04,   8.94494654e-04,   2.47548976e-04,
         2.05302799e-04,  -9.79648029e-05,   1.15109894e-03,
        -6.12859385e-05,   1.01382398e-03,   6.75750535e-03,
         1.98643452e-02,   1.58329552e-02,  -1.11508872e-03,
        -2.73773880e-04,  -1.63955226e-03,  -3.92624065e-04,
        -1.08269457e-03,   1.53988561e-03,   2.00636604e-03,
        -1.29054623e-03,   2.36269504e-03,  -1.36396538e-03,
         7.65760126e-05,   1.12601585e-03,  -1.46725781e-03,
         3.82181891e-04,  -1.79563997e-03,  -1.89202671e-03,
        -7.98119664e-04,  -2.81779342e-03,  -2.72343702e-03,
        -1.59402145e-03,   2.27913784e-04,  -1.93436500e-03,
        -1.40781301e-03,   2.60109551e-02,   2.71045880e-03,
        -5.81908661e-04,  -4.01319896e-03,  -2.44248390e-04,
        -7.07796321e-04,  -2.02168379e-03,  -1.58902200e-03,
        -2.28992296e-03,  -3.46902042e-03,  -2.53913479e-03,
        -2.59690491e-03,  -2.37749269e-03,  -1.35856985e-03,
        -7.41670404e-04,  -3.95688181e-03,  -2.05773200e-03,
        -1.38646396e-03,  -3.28674632e-03,  -2.15411623e-03,
        -3.67225636e-03,  -1.60063166e-03,  -2.69249311e-03,
        -3.48953470e-03,   3.79022062e-03,   2.87789009e-03,
        -2.45981065e-03,  -2.32699184e-03,  -4.14113092e-03,
        -1.82881277e-03,  -3.17555356e-03,  -2.75680662e-03,
        -3.76023531e-03,  -4.67268323e-03,  -3.38676514e-03,
        -2.66009981e-03,  -2.70452675e-03,  -2.42827614e-03,
        -4.08375617e-03,  -2.68338049e-03,  -3.05592975e-03,
        -2.35438812e-03,  -1.52141695e-04,   1.24275251e-03,
         2.33955094e-03,   3.73817899e-03,   5.44238737e-03,
         1.17250342e-02,   2.09962472e-02,   3.62037620e-02,
         5.20422341e-02,   7.91619502e-02,   1.11271662e-01,
         1.50724217e-01,   1.87088557e-01,   2.13084366e-01,
         2.33046301e-01,   2.49648926e-01,   2.67848001e-01,
         2.88601249e-01,   3.11100408e-01,   3.28426736e-01,
         3.39848357e-01,   3.48543083e-01,   3.46899487e-01,
         3.38376341e-01,   3.28731063e-01,   3.23096793e-01,
         3.35122641e-01,   3.67584848e-01,   4.14439640e-01,
         4.54926869e-01,   4.80332963e-01,   5.13720957e-01,
         4.63515538e-01,   4.34373135e-01,   4.12663179e-01,
         3.85031610e-01,   3.62059153e-01,   3.66704064e-01,
         3.87514841e-01,   3.85230725e-01,   3.75493378e-01,
         3.86791215e-01,   3.56151834e-01,   2.67024002e-01,
         1.81884453e-01,   1.26186946e-01,   8.71431024e-02,
         7.55976462e-02,   7.27955342e-02,   7.56646435e-02,
         8.35918125e-02,   9.47648044e-02,   1.14650821e-01,
         1.47148436e-01,   1.82415923e-01,   2.22720511e-01,
         2.28494742e-01,   2.24143972e-01,   2.06456863e-01,
         1.93108994e-01,   1.87400578e-01,   1.89186599e-01,
         1.94357649e-01,   1.95689851e-01,   1.95496552e-01,
         1.78511862e-01,   1.44943980e-01,   1.01122422e-01,
         6.75876539e-02,   4.13192807e-02,   2.80883925e-02,
         1.89413286e-02,   1.29487577e-02,   8.46073127e-03,
         7.98379365e-03,   5.50973037e-03,   4.21507177e-03,
         3.69937545e-03,   3.84817091e-03,   4.05616080e-03,
         8.48000099e-03,   4.43999412e-03,   1.66621462e-03,
         2.15484226e-03,   2.89481516e-03,   1.94423208e-03,
         1.30474922e-03,   2.13326129e-04,  -1.52695332e-03,
        -7.59683396e-04,  -1.48337778e-04,   1.08222112e-04,
         6.88583890e-04,   1.52070425e-04,  -1.11253400e-03,
         1.18061371e-03,   6.70008167e-04,  -8.85127261e-04,
         4.33500040e-04,   5.84680361e-04,  -2.31279708e-03,
        -5.04491169e-04,   1.03594378e-03,  -3.54963963e-04,
         6.19415163e-03,   4.64965825e-04,  -9.08820168e-04,
        -1.29267608e-03,   3.04178298e-04,   6.82517272e-04,
         7.66756264e-04,  -1.57387783e-03,  -6.28386719e-05,
        -4.06096697e-04,  -7.94108160e-04,  -6.93521177e-04,
        -1.48122881e-03,   1.28253712e-03,  -8.76482242e-04,
         5.98451737e-05,   1.36587153e-03,  -3.89621087e-04,
        -1.64010783e-03,  -3.88910283e-04,  -1.53343962e-03,
        -5.71588642e-04,  -5.39550960e-04,   5.85517293e-04,
         6.62045693e-03,   6.15373058e-04,  -2.20381171e-03,
        -1.12546839e-03,   3.57268415e-04,  -8.97459739e-04,
        -8.41685662e-04,  -1.24785498e-03,  -2.01404352e-03,
        -1.77124906e-03,  -7.76427217e-04,  -2.69021104e-03,
        -1.04564528e-03,  -9.51142527e-04,  -7.21247181e-04,
        -2.81968988e-03,  -3.19717565e-03,   7.85509403e-04,
        -8.00546503e-04,  -1.61384634e-03,  -1.60239085e-03,
        -2.58278900e-03,  -2.49059229e-04,   8.01296221e-03,
         1.16508796e-02,  -7.18564381e-05,  -6.62177722e-05,
        -7.52082863e-04,  -4.23670117e-04,  -5.72572088e-04,
        -1.36751055e-03,  -2.84981647e-03,   4.45331715e-05,
        -6.39671388e-04,  -2.41376472e-04,   4.29071827e-04,
        -4.77299847e-04,  -2.76882909e-03,  -8.72234532e-04,
         1.23964879e-03,   1.14769235e-02,   9.22717469e-03]))
