2          315.7        315.774     -0.0737796
3         317.45        316.803        0.64654
4          317.5        317.474      0.0260596
5         317.26        317.059       0.201438
6         315.86        315.409       0.451237
7         314.93        313.275        1.65489
8          313.2        311.819        1.38099
9         312.44        311.733       0.706854
10         313.33        312.775       0.555362
11         314.67        314.117       0.552711
12         315.62        315.141       0.478657
13         316.38        315.881       0.499231
14         316.71        316.727     -0.0169976
15         317.72        317.756     -0.0356513
16         318.29        318.425      -0.135064
17         318.16        318.009       0.151423
18         316.54        316.358       0.182369
19          314.8        314.223       0.577208
20         313.84        312.765        1.07453
21         313.26        312.678       0.581645
22          314.8        313.719        1.08144
23         315.58         315.06       0.520109
24         316.43        316.083       0.347405
25         316.97        316.821       0.149358
26         317.58        317.665     -0.0854642
27         319.02        318.693       0.327315
28         320.03        319.361       0.669359
29         319.59        318.943       0.647326
30         318.18         317.29       0.889774
31         315.91        315.154       0.756135
32         314.16        313.695       0.464994
33         313.84        313.606        0.23367
34            315        314.645       0.355038
35         316.19        315.985       0.205294
36         316.93        317.006     -0.0758103
37          317.7        317.742     -0.0422471
38         318.54        318.585     -0.0454489
39         319.48        319.611      -0.131042
40         320.58        320.277       0.302637
41         319.77        319.858     -0.0877574
42         318.57        318.204       0.366332
43         316.79        316.066       0.724337
44          314.8        314.605       0.194839
45         315.38        314.515       0.865157
46          316.1        315.552       0.548165
47         317.01         316.89       0.120055
48         317.94        317.909      0.0305793
49         318.56        318.644     -0.0842369
50         319.68        319.486       0.194173
51         320.63         320.51        0.12018
52         321.01        321.175      -0.164553
53         320.55        320.753      -0.203373
54         319.58        319.098       0.482275
55          317.4        316.958       0.441821
56         316.25        315.496       0.753847
57         315.42        315.404      0.0156682
58         316.69         316.44       0.250158
59          317.7        317.776     -0.0764934
60         318.74        318.795     -0.0545352
61         319.08        319.528      -0.447943
62         319.86        320.368      -0.508153
63         321.39        321.391   -0.000793659
64         322.24        322.054       0.185795
65         321.47        321.632      -0.161735
66         319.74        319.975       -0.23483
67         317.77        317.834      -0.064061
68         316.21        316.371      -0.160848
69         315.99        316.278      -0.287878
70         317.12        317.312      -0.192278
71         318.31        318.648      -0.337858
72         319.57        319.665       -0.09487
76         322.24        322.921      -0.680859
77         321.89        322.498      -0.607584
78         320.44         320.84      -0.399923
79          318.7        318.698      0.0015513
80          316.7        317.235      -0.534581
81         316.79        317.141      -0.351008
82         317.79        318.175      -0.384858
83         318.71         319.51      -0.799943
84         319.44        320.527       -1.08652
85         320.44        321.259      -0.818552
86         320.89        322.097       -1.20749
87         322.13        323.119      -0.988968
88         322.16        323.781       -1.62132
89         321.87        323.358        -1.4879
90         321.39          321.7      -0.310148
91          318.8        319.559      -0.758649
92         317.81        318.095       -0.28482
93          317.3        318.001      -0.701348
94         318.87        319.035      -0.165365
95         319.42        320.371      -0.950682
96         320.62        321.388      -0.767552
97         321.59         322.12      -0.529954
98         322.39        322.959      -0.569326
99         323.87        323.981      -0.111302
100         324.01        324.644      -0.634221
101         323.75        324.221      -0.471437
102         322.39        322.564      -0.174398
103         320.37        320.424     -0.0536767
104         318.64        318.961      -0.320697
105          318.1        318.868      -0.768146
106         319.79        319.903      -0.113156
107         321.08         321.24      -0.159537
108         322.06        322.258      -0.197545
109          322.5        322.991      -0.491157
110         323.04        323.832      -0.791813
111         324.42        324.855      -0.435146
112            325        325.519      -0.519496
113         324.09        325.098       -1.00822
114         322.55        323.443      -0.892756
115         320.92        321.304      -0.383689
116         319.31        319.842      -0.532437
117         319.31        319.752      -0.441688
118         320.72        320.789     -0.0685746
119         321.96        322.127      -0.166907
120         322.57        323.147      -0.576941
121         323.15        323.883      -0.732654
122         323.89        324.725      -0.835485
123         325.02        325.751      -0.731066
124         325.57        326.418       -0.84774
125         325.36        325.999      -0.638858
126         324.14        324.346      -0.205869
127         322.03        322.209      -0.179346
128         320.41        320.751      -0.340711
129         320.25        320.663      -0.412654
130         321.31        321.702      -0.392304
131         322.84        323.043      -0.203472
132            324        324.066     -0.0664131
133         324.42        324.805      -0.385105
134         325.64        325.651     -0.0109855
135         326.66         326.68     -0.0196873
136         327.34         327.35    -0.00955161
137         326.76        326.934      -0.173929
138         325.88        325.284       0.595732
139         323.67        323.151       0.518859
140         322.38        321.696       0.684029
141         321.78        321.611       0.168556
142         322.85        322.655       0.195309
143         324.12            324       0.120478
144         325.03        325.026     0.00381038
145         325.99        325.769       0.221328
146         326.87        326.618       0.251594
147         328.14        327.651       0.488976
148         328.07        328.325      -0.254865
149         327.66        327.913       -0.25328
150         326.35        326.268      0.0822841
151         324.69        324.139       0.551255
152          323.1        322.688       0.412213
153         323.16        322.608        0.55247
154         323.98        323.655       0.324899
155         325.13        325.004       0.125689
156         326.17        326.035       0.134589
157         326.68        326.782      -0.102378
158         327.18        327.637      -0.456649
159         327.78        328.674      -0.893852
160         328.92        329.352      -0.432328
161         328.57        328.945      -0.375424
162         327.34        327.305      0.0354113
163         325.46         325.18       0.279609
164         323.36        323.734      -0.374251
165         323.57        323.659     -0.0888535
166          324.8        324.711      0.0886739
167         326.01        326.065     -0.0554774
168         326.77        327.102      -0.331558
169         327.63        327.854      -0.223542
170         327.75        328.713      -0.962865
171         329.72        329.755     -0.0351567
172         330.07        330.439      -0.368754
173         329.09        330.037      -0.947003
174         328.05        328.401      -0.351351
175         326.32        326.282      0.0376347
176         324.93        324.841      0.0885352
177         325.06        324.771       0.288667
178          326.5        325.829       0.670904
179         327.55        327.189       0.361439
180         328.55         328.23       0.320024
181         329.56        328.987       0.572684
182          330.3        329.852       0.447987
183          331.5          330.9       0.600305
184         332.48        331.589       0.891302
185         332.07        331.192       0.877632
186         330.87        329.562        1.30785
187         329.31        327.449        1.86139
188         327.51        326.013        1.49684
189         327.18        325.948        1.23151
190         328.16        327.012        1.14828
191         328.64        328.377       0.263344
192         329.35        329.424     -0.0735469
193         330.71        330.186       0.523637
194         331.48        331.057       0.423463
195         332.65         332.11       0.540305
196         333.09        332.804        0.28583
197         332.25        332.413      -0.163308
198         331.18        330.789        0.39145
199          329.4         328.68       0.719538
200         327.43         327.25        0.17954
201         327.37        327.191       0.178777
202         328.46         328.26       0.200126
203         329.57         329.63     -0.0602184
204          330.4        330.683      -0.282501
205         331.41        331.451     -0.0406924
206         332.04        332.326      -0.286223
207         333.31        333.385     -0.0747168
208         333.96        334.085      -0.124507
209          333.6        333.699     -0.0989371
210         331.91        332.079      -0.169447
211         330.06        329.977      0.0833998
212         328.56        328.552     0.00818841
213         328.34        328.498       -0.15776
214         329.49        329.572     -0.0815667
215         330.76        330.947      -0.187034
216         331.75        332.004      -0.254407
217         332.56        332.778      -0.217654
218          333.5        333.658      -0.158204
219         334.58        334.722      -0.141681
220         334.87        335.426      -0.556415
221         334.34        335.046      -0.705749
222         333.05        333.431      -0.381121
223         330.94        331.333      -0.393096
224          329.3        329.913      -0.613083
225         328.94        329.864      -0.923763
226         330.31        330.942      -0.632255
227         331.68        332.322      -0.642361
228         332.93        333.384      -0.454322
229         333.42        334.162      -0.742109
230          334.7        335.047      -0.347147
231         336.07        336.115     -0.0450598
232         336.74        336.824     -0.0841772
233         336.27        336.448       -0.17784
234         334.93        334.837       0.092515
235         332.75        332.744     0.00632427
236         331.59        331.328       0.262177
237         331.16        331.283      -0.122604
238          332.4        332.365      0.0348628
239         333.85        333.749       0.100776
240         334.97        334.815       0.154894
241         335.39        335.597       -0.20675
242         336.64        336.486       0.154417
243         337.76        337.557       0.202773
244         338.01         338.27      -0.260011
245         337.89        337.897    -0.00727501
246         336.54         336.29       0.249544
247         334.68          334.2       0.479885
248         332.76        332.788     -0.0276634
249         332.55        332.746      -0.195777
250         333.92        333.832       0.088425
251         334.95        335.219      -0.268856
252         336.23        336.288     -0.0578634
253         336.76        337.073      -0.312562
254         337.96        337.964    -0.00437965
255         338.89        339.039      -0.148936
256         339.47        339.755      -0.284561
257         339.29        339.385     -0.0945927
258         337.73         337.78     -0.0504693
259         336.09        335.693       0.397249
260         333.91        334.283      -0.372849
261         333.86        334.243      -0.383439
262         335.29        335.332     -0.0416395
263         336.73        336.721     0.00875067
264         338.01        337.793       0.217489
265         338.36        338.579      -0.219389
266         340.08        339.473       0.606688
267         340.77         340.55       0.220101
268         341.46        341.267       0.192519
269         341.17        340.899       0.270605
270         339.56        339.297       0.262921
271          337.6        337.211       0.388906
272         335.88        335.803        0.07715
273         336.02        335.765       0.254976
274          337.1        336.855       0.245266
275         338.21        338.246     -0.0357798
276         339.23        339.318     -0.0884032
277         340.47        340.107       0.363429
278         341.38        341.002       0.378291
279         342.51        342.079       0.430561
280         342.91        342.798        0.11191
281         342.25        342.431      -0.181001
282         340.49         340.83      -0.339611
283         338.43        338.744       -0.31448
284         336.69        337.337       -0.64702
285         336.86          337.3      -0.439907
286         338.36         338.39     -0.0302599
287         339.61        339.782      -0.171879
288         340.75        340.855      -0.105008
289         341.61        341.644     -0.0336119
290          342.7        342.539       0.160881
291         343.57        343.617     -0.0471515
292         344.13        344.336      -0.206039
293         343.35        343.969      -0.619121
294         342.06        342.368      -0.307837
295         339.81        340.283      -0.472749
296         337.98        338.875      -0.895269
297         337.86        338.838      -0.978073
298         339.26        339.928      -0.668282
299         340.49         341.32      -0.829698
300         341.37        342.393       -1.02256
301         342.52        343.181      -0.660845
302          343.1        344.076      -0.975972
303         344.94        345.154      -0.213568
304         345.75        345.872      -0.121964
305         345.32        345.505      -0.184501
306         343.99        343.903      0.0873822
307         342.39        341.817       0.573122
308         339.86        340.409      -0.548695
309         339.99        340.371      -0.380747
310         341.15         341.46      -0.310155
311         342.99        342.851       0.139278
312          343.7        343.923      -0.222691
313          344.5         344.71      -0.210033
314         345.28        345.604      -0.324177
315         347.08        346.681       0.399254
316         347.43        347.398      0.0319262
317         346.79         347.03      -0.239502
318          345.4        345.426     -0.0264724
319         343.28         343.34     -0.0595489
320         341.07         341.93      -0.860146
321         341.35        341.891      -0.540943
322         342.98        342.979    0.000936824
323         344.22        344.368       -0.14831
324         344.97        345.439       -0.46893
325            346        346.225      -0.224892
326         347.43        347.118        0.31237
327         348.35        348.193       0.157233
328         348.93        348.909      0.0213628
329         348.25        348.539      -0.288586
330         346.56        346.934      -0.374054
331         344.68        344.846      -0.165608
332         343.09        343.435      -0.344665
333          342.8        343.394      -0.593905
334         344.24         344.48      -0.240452
335         345.55        345.868      -0.318111
336          346.3        346.937      -0.637131
337         346.96        347.721      -0.761483
338         347.86        348.613      -0.752601
339         349.55        349.686       -0.13611
340         350.21          350.4      -0.190346
341         349.54        350.029      -0.488656
342         347.94        348.422      -0.482482
343          345.9        346.332      -0.432393
344         344.85         344.92     -0.0698055
345         344.17        344.877      -0.707403
346         345.66        345.962      -0.302311
347          346.9        347.348      -0.448336
348         348.02        348.416      -0.395728
349         348.47        349.198       -0.72846
350         349.42        350.088      -0.667966
351         350.99         351.16      -0.169874
352         351.84        351.873     -0.0325226
353         351.25        351.499      -0.249258
354         349.52        349.892      -0.371526
355          348.1          347.8       0.300105
356         346.45        346.386      0.0642158
357         346.36        346.342      0.0181214
358         347.81        347.425       0.384695
359         348.96         348.81       0.150129
360         350.43        349.876       0.554171
361         351.73        350.657        1.07285
362         352.22        351.545       0.674723
363         353.59        352.616       0.974166
364         354.22        353.327        0.89284
365         353.79        352.953       0.837394
366         352.38        351.344        1.03638
367         350.43        349.251        1.17924
368         348.72        347.835       0.884534
369         348.88         347.79        1.08959
370         350.07        348.873        1.19727
371         351.34        350.256        1.08378
372         352.76        351.321        1.43885
373         353.07        352.101       0.968514
374         353.68        352.989       0.691332
375         355.42        354.058        1.36167
376         355.67        354.769       0.901199
377         355.13        354.393       0.736558
378          353.9        352.784         1.1163
379         351.67         350.69       0.979863
380          349.8        349.274       0.525815
381         349.99        349.229       0.761473
382         351.29         350.31       0.979707
383         352.52        351.693       0.826707
384         353.66        352.758       0.902219
385          354.7        353.538        1.16227
386         355.39        354.425        0.96541
387          356.2        355.494        0.70602
388         357.16        356.204       0.955753
389         356.23        355.829        0.40126
390         354.82        354.219       0.601092
391         352.91        352.125       0.784676
392         350.96        350.709        0.25059
393         351.18        350.664       0.516146
394         352.83        351.746        1.08421
395         354.21        353.129        1.08098
396         354.72        354.194       0.526196
397         355.75        354.974       0.775878
398         357.16        355.861        1.29859
399          358.6        356.931         1.6687
400         359.33        357.642        1.68786
401         358.24        357.267       0.972733
402         356.17        355.658       0.511857
403         354.02        353.565       0.454662
404         352.15         352.15   -0.000273298
405         352.21        352.106       0.104362
406         353.75        353.189       0.561437
407         354.99        354.573        0.41714
408         355.98        355.639       0.341216
409         356.72         356.42       0.299689
410         357.81        357.309       0.501117
411         359.15         358.38       0.769869
412         359.66        359.092       0.567603
413         359.25        358.719       0.530967
414         357.02        357.111     -0.0914882
415            355         355.02     -0.0203362
416         353.01        353.607      -0.596999
417         353.31        353.564      -0.254167
418         354.16        354.649      -0.488968
419          355.4        356.035      -0.635217
420          356.7        357.103      -0.403166
421         357.16        357.887      -0.726794
422         358.38        358.778      -0.397541
423         359.46        359.851      -0.391038
424         360.28        360.566      -0.285627
425          359.6        360.195      -0.594661
426         357.57         358.59       -1.01959
427         355.52        356.501      -0.980979
428         353.69         355.09       -1.40026
429         353.99         355.05       -1.06012
430         355.34        356.138      -0.797684
431          356.8        357.527      -0.726768
432         358.37        358.598      -0.227624
433         358.91        359.384      -0.474232
434         359.97        360.278      -0.308028
435         361.26        361.355     -0.0946452
436         361.68        362.072      -0.392425
437         360.95        361.705      -0.754718
438         359.55        360.103      -0.552972
439         357.48        358.018      -0.537761
440         355.84        356.611      -0.770506
441         355.99        356.574      -0.583895
442         357.58        357.665     -0.0850574
443         359.04        359.058     -0.0178038
444         359.97        360.132      -0.162387
445            361        360.923      0.0772149
446         361.64         361.82      -0.180435
447         363.45        362.901       0.549032
448         363.79        363.623       0.167275
449         363.26        363.259    0.000944726
450          361.9        361.661       0.238593
451         359.46         359.58      -0.120351
452         358.05        358.177      -0.127309
453         357.76        358.145      -0.384967
454         359.56         359.24       0.319546
455          360.7        360.638      0.0624206
456         362.05        361.717       0.333405
457         363.25        362.511       0.738522
458         364.02        363.414       0.606336
459         364.72        364.499       0.221218
460         365.41        365.225       0.184826
461         364.97        364.866       0.103814
462         363.65        363.273       0.376734
463         361.48        361.197       0.283016
464         359.45        359.799      -0.348759
465          359.6        359.771      -0.171277
466         360.76        360.872      -0.111665
467         362.33        362.274       0.056268
468         363.18        363.358      -0.177728
469            364        364.158      -0.157628
470         364.56        365.065      -0.504867
471         366.35        366.155       0.194927
472         366.79        366.887     -0.0965859
473         365.62        366.533      -0.912751
474         364.47        364.945      -0.475014
475         362.51        362.874      -0.363944
476         360.19        361.481       -1.29096
477         360.77        361.459      -0.688743
478         362.43        362.564      -0.134422
479         364.28        363.972       0.308198
480         365.33        365.061       0.268867
481         366.15        365.866       0.283612
482         367.31        366.779          0.531
483         368.61        367.875       0.735402
484          369.3        368.612       0.688483
485         368.87        368.263       0.606898
486         367.64        366.681       0.959202
487         365.77        364.615        1.15483
488          363.9        363.228        0.67236
489         364.23        363.211        1.01911
490         365.46        364.322        1.13797
491         366.97        365.735        1.23512
492         368.15         366.83        1.32031
493         368.87         367.64        1.22958
494         369.59        368.559        1.03149
495         371.14         369.66        1.48042
496            371        370.402       0.598025
497         370.35        370.059       0.290971
498         369.27        368.482       0.787814
499         366.93        366.422       0.507986
500         364.63         365.04      -0.409927
501         365.13        365.029       0.101395
502         366.67        366.145       0.524828
503         368.01        367.563       0.446568
504         369.14        368.664        0.47637
505         369.46         369.48     -0.0197371
506         370.52        370.403       0.116817
507         371.66         371.51       0.150407
508         371.82        372.257      -0.437299
509          371.7         371.92      -0.219644
510         370.12        370.348      -0.228069
511         368.12        368.293      -0.173138
512         366.62        366.916      -0.296265
513         366.73         366.91      -0.180129
514         368.29        368.032       0.258149
515         369.53        369.455      0.0747659
516         370.28        370.561      -0.280522
517          371.5        371.382       0.118315
518         372.12         372.31      -0.190151
519         372.87        373.422      -0.551543
520         374.02        374.174      -0.154193
521          373.3        373.841      -0.541442
522         371.62        372.275       -0.65473
523         369.55        370.225       -0.67462
524         367.96        368.853      -0.892523
525         368.09        368.851      -0.761119
526         369.68        369.978      -0.297526
527         371.24        371.406      -0.165547
528         372.43        372.515     -0.0854242
529         373.09        373.341      -0.251126
530         373.52        374.274       -0.75408
531         374.86         375.39      -0.529908
532         375.55        376.147      -0.596941
533         375.41        375.819      -0.408519
534         374.02        374.256       -0.23608
535         371.49         372.21      -0.720186
536          370.7        370.842      -0.142249
537         370.25        370.845      -0.594945
538         372.08        371.975       0.104606
539         373.78        373.407       0.372604
540         374.68        374.521       0.158806
541         375.63        375.351       0.279247
542         376.11        376.288      -0.177503
543         377.65        377.407       0.242938
544         378.35        378.168       0.182239
545         378.13        377.843       0.287059
546         376.62        376.284       0.335963
547          374.5        374.242       0.258388
548         372.99        372.877       0.112924
549         373.01        372.883       0.126895
550         374.35        374.017       0.333182
551          375.7        375.452       0.247985
552         376.79        376.569       0.221062
553         377.37        377.402     -0.0315522
554         378.41        378.341      0.0687149
555         380.52        379.464        1.05624
556         380.63        380.227       0.402703
557         379.57        379.905      -0.335245
558         377.79        378.349      -0.559037
559         375.86        376.309      -0.449235
560         374.07        374.947      -0.877248
561         374.24        374.956      -0.715754
562         375.86        376.092      -0.231869
563         377.47        377.529     -0.0593945
564         378.37        378.649      -0.278571
565         379.69        379.483       0.206634
566         380.41        380.425      -0.015204
567          382.1         381.55       0.550293
568         382.28        382.315     -0.0352035
569         382.13        381.995       0.134967
570         380.66        380.441       0.219368
571         378.71        378.403       0.307437
572         376.42        377.042      -0.622235
573         376.88        377.052      -0.172325
574         378.32         378.19        0.13005
575         380.04        379.629       0.411089
576         381.38        380.749        0.63055
577         382.03        381.586       0.444467
578         382.64        382.529       0.111413
579         384.62        383.654       0.965768
580         384.95        384.421       0.529201
581         384.06        384.102     -0.0416258
582         382.29        382.548      -0.258151
583         380.47        380.511     -0.0409358
584         378.67        379.151      -0.481391
585         379.06        379.162      -0.102194
586         380.14          380.3      -0.160462
587         381.74         381.74    2.82928e-06
588         382.45        382.861      -0.411041
589         383.68        383.698     -0.0175608
590         384.23        384.641      -0.410984
591         386.26        385.767       0.493069
592         386.39        386.534      -0.143734
593         385.87        386.215      -0.344732
594         384.39        384.661      -0.271364
595         381.78        382.624      -0.844191
596         380.73        381.265      -0.534626
597         380.81        381.275      -0.465346
598         382.33        382.413      -0.083471
599         383.69        383.853      -0.162802
600         385.07        384.974       0.096418
601         385.72         385.81     -0.0897797
602         385.85        386.753      -0.902823
603         386.71        387.878       -1.16833
604         388.45        388.645      -0.194646
605         387.64        388.325      -0.685098
606          386.1        386.771      -0.671131
607         383.95        384.733      -0.783307
608         382.91        383.373      -0.463039
609         382.73        383.383      -0.653007
610         383.96         384.52       -0.56033
611         385.02        385.959      -0.938812
