8.629395852119027543e-02
8.845807033363392580e-02
9.053201082055908899e-02
9.819657348963035937e-02
9.756537421100090757e-02
8.223624887285843621e-02
7.808836789900817921e-02
8.782687105500454339e-02
8.908926961226329433e-02
8.836789900811543863e-02
8.358881875563574371e-02
7.763751127141568786e-02
7.935076645626693015e-02
9.098286744815149707e-02
1.006311992786294573e-01
1.056807935076645999e-01
9.981965734896303122e-02
9.422903516681699343e-02
8.845807033363392580e-02
8.016230838593327301e-02
8.295761947700636130e-02
8.854824165915239909e-02
8.908926961226329433e-02
9.332732191163210789e-02
1.017132551848512340e-01
1.061316501352570080e-01
9.549143372407574437e-02
9.368800721370611206e-02
9.197475202885486978e-02
9.098286744815149707e-02
9.422903516681699343e-02
8.557258791704241974e-02
7.962128043282237777e-02
8.250676284941395322e-02
8.196573489630298859e-02
7.276825969341751965e-02
6.221821460775473628e-02
7.069431920649235646e-02
7.700631199278631933e-02
7.123534715960323782e-02
5.816050495942296644e-02
6.230838593327321651e-02
7.926059513074844298e-02
8.187556357078450142e-02
7.583408476104605556e-02
7.457168620378723523e-02
8.061316501352575048e-02
8.557258791704241974e-02
9.035166816952211466e-02
9.116321009918845752e-02
8.836789900811543863e-02
8.845807033363392580e-02
9.188458070333639649e-02
9.477006311992788867e-02
9.350766456266906834e-02
8.602344454463482781e-02
8.890892696122633387e-02
9.819657348963035937e-02
1.086564472497745792e-01
1.072137060414788678e-01
1.028854824165915810e-01
1.078449053201082364e-01
1.078449053201082364e-01
1.078449053201082364e-01
1.073940486925158283e-01
1.047790802524797837e-01
1.043282236248872924e-01
1.051397655545537047e-01
1.033363390441839891e-01
1.046889089269612966e-01
1.062218214607754951e-01
9.882777276825974178e-02
9.233543733092880457e-02
9.422903516681699343e-02
9.513074842200182346e-02
9.729486023444545995e-02
1.013525698827773130e-01
9.990982867448151838e-02
9.404869251578003297e-02
9.413886384129852014e-02
9.837691614066731982e-02
9.531109107303878392e-02
9.098286744815149707e-02
1.008115419296664178e-01
9.945897204688911031e-02
8.773669972948607010e-02
8.196573489630298859e-02
9.197475202885486978e-02
9.819657348963035937e-02
9.774571686203786802e-02
1.011722272317403387e-01
1.000000000000000056e-01
9.341749323715058118e-02
9.134355275022541798e-02
9.404869251578003297e-02
9.386834986474307252e-02
9.648331830477913096e-02
9.422903516681699343e-02
9.197475202885486978e-02
9.576194770063119199e-02
9.630297565374215663e-02
9.170423805229942216e-02
8.088367899008119810e-02
7.718665464382327979e-02
7.412082957619482715e-02
5.752930568079351464e-02
5.347159603246167542e-02
6.898106402164111417e-02
7.529305680793509092e-02
7.240757439134358486e-02
6.943192064923360551e-02
6.789900811541933756e-02
7.069431920649235646e-02
8.394950405770966462e-02
8.791704238052303055e-02
8.548241659152393257e-02
8.277727682596940084e-02
7.871956717763756162e-02
7.926059513074844298e-02
8.385933273219117745e-02
8.710550045085668769e-02
8.890892696122633387e-02
9.062218214607756228e-02
9.477006311992788867e-02
9.377817853922458535e-02
9.233543733092880457e-02
9.323715058611362072e-02
9.206492335437335695e-02
9.711451758340849949e-02
1.048692515779982570e-01
1.075743913435528026e-01
1.009918845807033783e-01
9.368800721370611206e-02
9.792605951307484236e-02
1.117222723174031290e-01
1.209197475202885980e-01
1.257889990982867801e-01
1.220919747520288617e-01
1.240757439134355378e-01
1.287646528403967594e-01
1.250676284941389105e-01
1.196573489630297638e-01
1.229035166816952740e-01
1.260595130748422277e-01
1.189359783588819081e-01
1.170423805229937192e-01
1.199278629395852114e-01
1.256988277727683068e-01
1.329125338142470858e-01
1.331830477908025334e-01
1.232642019837692088e-01
1.121731289449955371e-01
1.156898106402164117e-01
1.197475202885482509e-01
1.124436429215509847e-01
1.038773669972948843e-01
9.630297565374215663e-02
8.999098286744819375e-02
8.331830477908029609e-02
8.277727682596940084e-02
8.367899008115421700e-02
8.674481514878268351e-02
8.908926961226329433e-02
8.638412984670876260e-02
7.691614066726784604e-02
7.204688908926966395e-02
7.862939585211907445e-02
7.682596934174935888e-02
7.628494138863846363e-02
8.412984670874662507e-02
8.485121731289456404e-02
7.745716862037872741e-02
7.583408476104605556e-02
7.844905320108211400e-02
8.106402164111817243e-02
7.475202885482419568e-02
7.087466185752931691e-02
7.799819657348962265e-02
8.710550045085668769e-02
8.638412984670876260e-02
7.808836789900817921e-02
7.844905320108211400e-02
8.539224526600545928e-02
8.854824165915239909e-02
8.593327321911634065e-02
8.836789900811543863e-02
9.053201082055908899e-02
8.458070333633903315e-02
8.575293056807938019e-02
8.476104598737607687e-02
7.817853922452666637e-02
8.187556357078450142e-02
8.376916140667270416e-02
7.808836789900817921e-02
8.376916140667270416e-02
8.972046889089274613e-02
8.593327321911634065e-02
8.503155996393152449e-02
8.476104598737607687e-02
9.314697926059513355e-02
1.062218214607754951e-01
1.009918845807033783e-01
8.611361587015331498e-02
8.034265103697031674e-02
7.745716862037872741e-02
7.565374211000901183e-02
7.619477006311999034e-02
7.637511271415695080e-02
8.178539224526601426e-02
7.547339945897205138e-02
6.293958521190266830e-02
6.555455365193872674e-02
6.627592425608658244e-02
5.590622182146084279e-02
5.329125338142470802e-02
5.933273219116323716e-02
5.518485121731291076e-02
5.455365193868353529e-02
5.743913435527503442e-02
5.987376014427412546e-02
7.132551848512172499e-02
7.132551848512172499e-02
5.816050495942296644e-02
5.518485121731291076e-02
6.889089269612262700e-02
7.926059513074844298e-02
7.412082957619482715e-02
6.546438232642023958e-02
5.716862037871958679e-02
6.122633002705143296e-02
8.088367899008119810e-02
8.926961226330033805e-02
7.799819657348962265e-02
6.140667267808839341e-02
4.887285843101893401e-02
5.293056807935078018e-02
6.122633002705143296e-02
6.564472497745720003e-02
7.376014427412089236e-02
7.547339945897205138e-02
7.159603246167724200e-02
7.366997294860240519e-02
7.700631199278631933e-02
7.348963029756537535e-02
6.907123534715960134e-02
6.465284039675382732e-02
5.834084761045993384e-02
6.366095581605052400e-02
7.276825969341751965e-02
7.538322813345356421e-02
6.934174932371511835e-02
6.753832281334540277e-02
6.302975653742115547e-02
6.528403967538327912e-02
7.024346257889993450e-02
6.672678088367899052e-02
6.221821460775473628e-02
6.528403967538327912e-02
6.411181244364293208e-02
5.329125338142470802e-02
4.562669071235350704e-02
4.905320108205590141e-02
5.455365193868353529e-02
5.635707844905325087e-02
6.447249774571686687e-02
6.438232642019837970e-02
6.393146979260597162e-02
6.880072137060415371e-02
6.699729486023450753e-02
6.528403967538327912e-02
6.248872858431017696e-02
6.185752930568080843e-02
6.672678088367899052e-02
7.231740306582509770e-02
7.403065825067633998e-02
7.529305680793509092e-02
6.898106402164111417e-02
6.348061316501356355e-02
6.438232642019837970e-02
6.600541027953113482e-02
6.438232642019837970e-02
5.734896302975655419e-02
5.798016230838592272e-02
7.421100090171330044e-02
8.106402164111817243e-02
6.862037871956719326e-02
5.374211000901719937e-02
5.834084761045993384e-02
6.501352569882783150e-02
6.284941388638418114e-02
6.059513074842205749e-02
6.077547339945902488e-02
5.996393146979260569e-02
5.536519386834987122e-02
6.005410279531108592e-02
6.230838593327321651e-02
5.834084761045993384e-02
6.501352569882783150e-02
7.718665464382327979e-02
7.105500450856627737e-02
5.843101893597841406e-02
6.591523895401264765e-02
8.412984670874662507e-02
8.737601442741213531e-02
7.366997294860240519e-02
5.554553651938683861e-02
5.446348061316505507e-02
6.077547339945902488e-02
6.501352569882783150e-02
7.403065825067633998e-02
7.754733994589721457e-02
7.556357078449053855e-02
7.087466185752931691e-02
7.006311992786297405e-02
7.628494138863846363e-02
8.367899008115421700e-02
7.619477006311999034e-02
6.501352569882783150e-02
7.871956717763756162e-02
9.035166816952211466e-02
8.494138863841305120e-02
7.980162308385933823e-02
7.989179440937782539e-02
8.602344454463482781e-02
9.089269612263300990e-02
9.422903516681699343e-02
9.134355275022541798e-02
8.422001803426511224e-02
8.881875563570784671e-02
9.891794409377821506e-02
1.080252479711452107e-01
1.076645626690712759e-01
9.648331830477913096e-02
9.603246167718672288e-02
1.013525698827773130e-01
1.081154192966636840e-01
1.193868349864743161e-01
1.228133453561767868e-01
1.184851217312895000e-01
1.211902614968440456e-01
1.271415689810640737e-01
1.267808836789900695e-01
1.223624887285843094e-01
1.155094679891794374e-01
1.012623985572588259e-01
9.449954914337244105e-02
9.567177637511270483e-02
9.558160504959423154e-02
9.242560865644727786e-02
8.557258791704241974e-02
8.728584310189364814e-02
9.098286744815149707e-02
8.665464382326419635e-02
7.998196573489629868e-02
8.178539224526601426e-02
6.997294860234450076e-02
5.238954012623989187e-02
5.572587917042379907e-02
5.788999098286744249e-02
4.968440036068535320e-02
3.688007213706044618e-02
4.120829576194773997e-02
5.671776375112717872e-02
5.338142470694318825e-02
4.427412082957619954e-02
4.436429215509467977e-02
5.013525698827776128e-02
5.843101893597841406e-02
6.032461677186661680e-02
5.545536519386835145e-02
6.321009918845811593e-02
7.195671776375117679e-02
6.871055004508566655e-02
6.825969341749325847e-02
7.330928764652840102e-02
7.385031559963937953e-02
6.961226330027056597e-02
6.979260595130752642e-02
7.998196573489629868e-02
8.431018935978359941e-02
8.485121731289456404e-02
8.818755635707847818e-02
8.773669972948607010e-02
9.026149684400364137e-02
9.449954914337244105e-02
9.549143372407574437e-02
1.017132551848512340e-01
1.134355275022542742e-01
1.161406672678088892e-01
1.042380522993688052e-01
1.003606853020740097e-01
1.044183949504057657e-01
1.058611361587015604e-01
1.100090171325518867e-01
1.182146077547340524e-01
1.202885482416592156e-01
1.105500450856627820e-01
1.002705139765555226e-01
1.086564472497745792e-01
1.110910730387736772e-01
9.945897204688911031e-02
9.576194770063119199e-02
9.621280432822368334e-02
9.540126239855727108e-02
8.827772768259695146e-02
8.800721370604150384e-02
8.746618575293062248e-02
8.575293056807938019e-02
7.222723174030662441e-02
6.321009918845811593e-02
6.537421100090175241e-02
7.141568981064028154e-02
6.077547339945902488e-02
5.211902614968444425e-02
5.689810640216414611e-02
5.969341749323715807e-02
5.960324616771867784e-02
5.680793507664565894e-02
5.861136158701538146e-02
5.816050495942296644e-02
5.617673579801629041e-02
5.428313796212808767e-02
5.284039675383229995e-02
5.383228133453567960e-02
5.302073940486926040e-02
5.211902614968444425e-02
5.401262398557264005e-02
5.770964833183048204e-02
5.220919747520292448e-02
4.986474301172231366e-02
5.058611361587016936e-02
4.382326420198379147e-02
4.238052299368800374e-02
4.679891794409377082e-02
4.418394950405771932e-02
4.562669071235350704e-02
5.626690712353477064e-02
6.221821460775473628e-02
6.239855725879169673e-02
6.149684400360688058e-02
5.392245266005415982e-02
4.833183047790804571e-02
5.229936880072140470e-02
5.807033363390440989e-02
5.365193868349871220e-02
4.679891794409377082e-02
5.103697024346258437e-02
5.689810640216414611e-02
4.878268710550045378e-02
4.382326420198379147e-02
4.598737601442743489e-02
4.815148782687107831e-02
4.616771866546440228e-02
4.815148782687107831e-02
4.860234445446349333e-02
4.824165915238956548e-02
4.995491433724080083e-02
5.969341749323715807e-02
6.122633002705143296e-02
5.788999098286744249e-02
6.429215509467989254e-02
6.672678088367899052e-02
6.059513074842205749e-02
6.149684400360688058e-02
5.545536519386835145e-02
5.482416591523898292e-02
5.482416591523898292e-02
5.202885482416596402e-02
4.905320108205590141e-02
5.094679891794409721e-02
6.095581605049598534e-02
7.394048692515785282e-02
7.213706041478813724e-02
5.897204688908930931e-02
5.915238954012626976e-02
7.006311992786297405e-02
7.637511271415695080e-02
7.394048692515785282e-02
6.871055004508566655e-02
6.654643823264203006e-02
6.176735798016232126e-02
5.852119026149689429e-02
5.725879170423807396e-02
6.077547339945902488e-02
6.492335437330934433e-02
6.492335437330934433e-02
6.456266907123534016e-02
6.122633002705143296e-02
6.005410279531108592e-02
6.059513074842205749e-02
5.356176735798015565e-02
5.779981965734896227e-02
6.140667267808839341e-02
5.374211000901719937e-02
4.842200180342652593e-02
5.193868349864747685e-02
5.365193868349871220e-02
5.816050495942296644e-02
6.907123534715960134e-02
6.844003606853021893e-02
6.681695220919746381e-02
7.078449053201082974e-02
7.736699729486025412e-02
8.286744815148788801e-02
7.935076645626693015e-02
6.690712353471595097e-02
6.916140667267807463e-02
8.169522091974754097e-02
8.548241659152393257e-02
8.818755635707847818e-02
9.395852119026155969e-02
9.783588818755635519e-02
1.018034265103697211e-01
1.183047790802525395e-01
1.238052299368800901e-01
1.194770063119928033e-01
1.284039675383228385e-01
1.329125338142470858e-01
1.281334535617673909e-01
1.243462578899909854e-01
1.291253381424707636e-01
1.360685302073941227e-01
1.330027051397655591e-01
1.327321911632101115e-01
1.322813345356177173e-01
1.318304779080252953e-01
1.346257889990983281e-01
1.366997294860234913e-01
1.339945897204689595e-01
1.305680793507664750e-01
1.309287646528403959e-01
1.307484220018034493e-01
1.245266005410279458e-01
1.213706041478810060e-01
1.238052299368800901e-01
1.306582506762849483e-01
1.312894499549144001e-01
1.275924256086564956e-01
1.297565374211001321e-01
1.311992786293958435e-01
1.302975653742110274e-01
1.348963029756537757e-01
1.288548241659152327e-01
1.170423805229937192e-01
1.060414788097385208e-01
9.882777276825974178e-02
9.269612263300272548e-02
8.503155996393152449e-02
7.998196573489629868e-02
7.799819657348962265e-02
8.052299368800727719e-02
8.070333633904423765e-02
7.204688908926966395e-02
6.284941388638418114e-02
6.907123534715960134e-02
7.574391343552749900e-02
6.384129846708748446e-02
5.473399458972049575e-02
5.888187556357082214e-02
7.114517583408476453e-02
7.772768259693417503e-02
8.079350766456272481e-02
8.160504959422905380e-02
7.826871055004515354e-02
7.556357078449053855e-02
7.781785392245266220e-02
8.286744815148788801e-02
7.376014427412089236e-02
6.961226330027056597e-02
8.205590622182146188e-02
1.016230838593327468e-01
1.134355275022542742e-01
1.161406672678088892e-01
1.118124436429216023e-01
1.100991884580703739e-01
1.184851217312895000e-01
1.289449954914337337e-01
1.368800721370604379e-01
1.403967538322813957e-01
1.436429215509468227e-01
1.431920649233544285e-01
1.423805229936880856e-01
1.470694319206493073e-01
1.587015329125338603e-01
1.639314697926059772e-01
1.614066726780883920e-01
1.532010820559062403e-01
1.530207394048692660e-01
1.552750225428313757e-01
1.540126239855726387e-01
1.536519386834987178e-01
1.499549143372407856e-01
1.510369702434625760e-01
1.591523895401262823e-01
1.713255184851218138e-01
1.778178539224526677e-01
1.774571686203787191e-01
1.725879170423805509e-01
1.690712353471596763e-01
1.600541027953110984e-01
1.484220018034265176e-01
1.384129846708747058e-01
1.341749323715059061e-01
1.253381424706943581e-01
1.169522091974752320e-01
1.040577096483318448e-01
9.531109107303878392e-02
9.954914337240758360e-02
1.116321009918846419e-01
1.103697024346258215e-01
1.023444544634806025e-01
9.071235347159604945e-02
7.565374211000901183e-02
7.412082957619482715e-02
7.556357078449053855e-02
7.844905320108211400e-02
8.620378719567178827e-02
8.349864743011725654e-02
7.006311992786297405e-02
6.465284039675382732e-02
6.438232642019837970e-02
5.392245266005415982e-02
4.616771866546440228e-02
4.932371505861142535e-02
5.924256086564474999e-02
6.321009918845811593e-02
6.528403967538327912e-02
6.654643823264203006e-02
5.906221821460778953e-02
4.472497745716860762e-02
4.211000901713255612e-02
5.275022542831381972e-02
5.834084761045993384e-02
5.951307484220019761e-02
6.284941388638418114e-02
6.266907123534722068e-02
6.257889990982874739e-02
6.068530207394054465e-02
6.257889990982874739e-02
6.528403967538327912e-02
6.546438232642023958e-02
6.825969341749325847e-02
7.186654643823268962e-02
7.150586113615876871e-02
6.609558160504960811e-02
6.420198376916141925e-02
6.167718665464384104e-02
6.194770063119928866e-02
6.546438232642023958e-02
7.303877366997295340e-02
7.276825969341751965e-02
7.222723174030662441e-02
7.574391343552749900e-02
7.484220018034268285e-02
6.212804328223624911e-02
4.806131650135259809e-02
4.138863841298470042e-02
4.436429215509467977e-02
4.697926059513073821e-02
5.617673579801629041e-02
6.429215509467989254e-02
5.698827772768262634e-02
5.347159603246167542e-02
5.211902614968444425e-02
4.860234445446349333e-02
4.607754733994591512e-02
4.544634806131654658e-02
4.174932371505862827e-02
3.742110009017134142e-02
3.940486925157801745e-02
4.120829576194773997e-02
3.706041478809741357e-02
3.065825067628495659e-02
2.984670874661862067e-02
3.002705139765558459e-02
2.957619477006317305e-02
3.137962128043281229e-02
3.489630297565376321e-02
3.471596032461680276e-02
3.949504057709650462e-02
4.770063119927867024e-02
5.311091073038774757e-02
5.365193868349871220e-02
4.968440036068535320e-02
5.320108205590622780e-02
5.581605049594227930e-02
5.076645626690713675e-02
4.824165915238956548e-02
4.995491433724080083e-02
6.104598737601447250e-02
7.385031559963937953e-02
7.168620378719572916e-02
7.042380522993690883e-02
6.907123534715960134e-02
7.105500450856627737e-02
7.276825969341751965e-02
8.043282236248879002e-02
8.935978358881881134e-02
9.531109107303878392e-02
9.125338142470694469e-02
8.331830477908029609e-02
8.124436429215513289e-02
9.143372407574397454e-02
1.042380522993688052e-01
1.045085662759242529e-01
1.034265103697024762e-01
1.001803426510369660e-01
1.014427412082957863e-01
1.073940486925158283e-01
1.139765554553652527e-01
1.259693417493237266e-01
1.292155094679892369e-01
1.241659152389540249e-01
1.292155094679892369e-01
1.382326420198377592e-01
1.403065825067629224e-01
1.350766456266907223e-01
1.359783588818756217e-01
1.500450856627592866e-01
1.531109107303877392e-01
1.479711451758341234e-01
1.506762849413886551e-01
1.592425608656447555e-01
1.648331830477908766e-01
1.627592425608657134e-01
1.616771866546438396e-01
1.599639314697925974e-01
1.609558160504959978e-01
1.607754733994590235e-01
1.620378719567177606e-01
1.568079350766456714e-01
1.478809738503156224e-01
1.427412082957620065e-01
1.400360685302073915e-01
1.432822362488729018e-01
1.472497745716862538e-01
1.390441839495041021e-01
1.237150586113616169e-01
1.122633002705140104e-01
1.089269612263300269e-01
1.018034265103697211e-01
1.024346257889990897e-01
1.038773669972948843e-01
9.729486023444545995e-02
8.187556357078450142e-02
6.564472497745720003e-02
6.330027051397658922e-02
6.528403967538327912e-02
6.573489630297568720e-02
6.780883678990085039e-02
6.979260595130752642e-02
7.159603246167724200e-02
7.348963029756537535e-02
7.123534715960323782e-02
7.078449053201082974e-02
7.448151487826874806e-02
7.745716862037872741e-02
7.736699729486025412e-02
9.107303877366997036e-02
1.086564472497745792e-01
1.178539224526600482e-01
1.280432822362488898e-01
1.436429215509468227e-01
1.570784490532011191e-01
1.686203787195671988e-01
1.736699729486024246e-01
1.812443642921551246e-01
1.988277727682597473e-01
2.155996393146979995e-01
2.169522091974752376e-01
2.085662759242561115e-01
2.045085662759243417e-01
2.129846708746618578e-01
2.308385933273219282e-01
2.427412082957620121e-01
2.482416591523895766e-01
2.516681695220920334e-01
2.514878268710550868e-01
2.514878268710550868e-01
2.599639314697926862e-01
2.676284941388638594e-01
2.669071235347160176e-01
2.572587917042380434e-01
2.559062218214608331e-01
2.550045085662759337e-01
2.556357078449054132e-01
2.558160504959423598e-01
2.559963931469793064e-01
2.562669071235347817e-01
2.520288548241659821e-01
2.520288548241659821e-01
2.515779981965735601e-01
2.455365193868350171e-01
2.428313796212804854e-01
2.401262398557259536e-01
2.215509467989179582e-01
2.119927862939585683e-01
2.150586113615870210e-01
2.192966636609558484e-01
2.110910730387736689e-01
1.885482416591524046e-01
1.797114517583408566e-01
1.820559062218214674e-01
1.754733994589720569e-01
1.630297565374211610e-01
1.495942290351668646e-01
1.295761947700631855e-01
1.199278629395852114e-01
1.120829576194770499e-01
1.044183949504057657e-01
9.945897204688911031e-02
9.224526600541031740e-02
8.683498647430117068e-02
8.376916140667270416e-02
7.835888187556362683e-02
7.565374211000901183e-02
7.294860234445448011e-02
7.439134355275026089e-02
7.276825969341751965e-02
6.952209197475207880e-02
7.664562669071239842e-02
8.917944093778185088e-02
9.585211902614974855e-02
9.909828674481517552e-02
1.091073038773670706e-01
1.201983769161407423e-01
1.281334535617673909e-01
1.369702434625789389e-01
1.375112714156898064e-01
1.359783588818756217e-01
1.501352569882777599e-01
1.743011722272317932e-01
1.880072137060415094e-01
1.921550946798918358e-01
1.944093778178539733e-01
1.926961226330027310e-01
1.916140667267809405e-01
1.963029756537421622e-01
2.055004508566276311e-01
2.119927862939585683e-01
2.178539224526601370e-01
2.161406672678088947e-01
2.091073038773670623e-01
2.057709648331830787e-01
2.119026149684400950e-01
2.128043282236249112e-01
2.070333633904418991e-01
2.037871956717763888e-01
2.039675383228133632e-01
1.899909828674481993e-01
1.767357980162308773e-01
1.851217312894500033e-01
1.944093778178539733e-01
1.958521190261497402e-01
1.945897204688909199e-01
1.909828674481514887e-01
1.754733994589720569e-01
1.651036970243463242e-01
1.651938683498647975e-01
1.666366095581605089e-01
1.640216411181244505e-01
1.512173128944995504e-01
1.334535617673579810e-01
1.249774571686204372e-01
1.300270513976555797e-01
1.322813345356177173e-01
1.174932371505861273e-01
1.110009017132551901e-01
1.072137060414788678e-01
1.065825067628494160e-01
1.050495942290352175e-01
9.017132551848515420e-02
7.457168620378723523e-02
6.627592425608658244e-02
6.564472497745720003e-02
6.744815148782691561e-02
6.726780883678995515e-02
6.762849413886388994e-02
7.051397655545538212e-02
7.096483318304779020e-02
6.582506762849417437e-02
5.915238954012626976e-02
5.924256086564474999e-02
6.672678088367899052e-02
6.546438232642023958e-02
6.221821460775473628e-02
6.041478809738509703e-02
6.041478809738509703e-02
6.330027051397658922e-02
7.177637511271421633e-02
7.817853922452666637e-02
7.655545536519391125e-02
7.412082957619482715e-02
7.556357078449053855e-02
8.431018935978359941e-02
8.431018935978359941e-02
7.628494138863846363e-02
7.862939585211907445e-02
8.295761947700636130e-02
9.125338142470694469e-02
1.009017132551849050e-01
1.081154192966636840e-01
1.090171325518485140e-01
1.085662759242560921e-01
1.200180342651036985e-01
1.241659152389540249e-01
1.228133453561767868e-01
1.289449954914337337e-01
1.363390441839495426e-01
1.382326420198377592e-01
1.408476104598738177e-01
1.497745716862038390e-01
1.605049594229035759e-01
1.743011722272317932e-01
1.856627592425608986e-01
1.929666366095581786e-01
1.977457168620378736e-01
2.032461677186654936e-01
2.080252479711452163e-01
2.103697024346258271e-01
2.154192966636609696e-01
2.114517583408476731e-01
2.100991884580703795e-01
2.146077547339946268e-01
2.103697024346258271e-01
2.008115419296664095e-01
1.964833183047791365e-01
1.927862939585212043e-01
1.913435527502254929e-01
1.846708746618576091e-01
1.807935076645627304e-01
1.824165915238954716e-01
1.752930568079350826e-01
1.660955816050496137e-01
1.640216411181244505e-01
1.692515779981966506e-01
1.661857529305680869e-01
1.621280432822362616e-01
1.584310189359784127e-01
1.533814247069431869e-01
1.440937781785392446e-01
1.411181244364292653e-01
1.425608656447250322e-01
1.414788097385031862e-01
1.410279531109107642e-01
1.446348061316501954e-01
1.510369702434625760e-01
1.602344454463481283e-01
1.719567177637511823e-01
1.807033363390442293e-01
1.870153291253382200e-01
1.926961226330027310e-01
1.963029756537421622e-01
2.048692515779982626e-01
2.175834084761046061e-01
2.287646528403967650e-01
2.468890892696123385e-01
2.726780883678990297e-01
2.989179440937781984e-01
3.243462578899909965e-01
3.429215509467988809e-01
3.571686203787196590e-01
3.668169522091974666e-01
3.770063119927863360e-01
3.891794409377817843e-01
3.980162308385933323e-01
4.105500450856628403e-01
4.255184851217313491e-01
4.361587015329125294e-01
4.400360685302074915e-01
4.511271415689811493e-01
4.666366095581604978e-01
4.698827772768260358e-01
4.660955816050496026e-01
4.769161406672678960e-01
4.942290351668170989e-01
4.983769161406672588e-01
5.045085662759243306e-01
5.167718665464383632e-01
5.229035166816953240e-01
5.299368800721371286e-01
5.348963029756537146e-01
5.322813345356176562e-01
5.347159603246167681e-01
5.428313796212804743e-01
5.494138863841299125e-01
5.446348061316501621e-01
5.381424706943193081e-01
5.302975653742111328e-01
5.156898106402164617e-01
5.052299368800722279e-01
4.925157799819658289e-01
4.823264201983770150e-01
4.744815148782688397e-01
4.684400360685302966e-01
4.584310189359784293e-01
4.511271415689811493e-01
4.454463480613165549e-01
4.364292155094680603e-01
4.174030658250676429e-01
4.002705139765554421e-01
3.910730387736700009e-01
3.776375112714157600e-01
3.568079350766457658e-01
3.355275022542832386e-01
3.152389540126239731e-01
2.989179440937781984e-01
2.938683498647430836e-01
2.857529305680793774e-01
2.724977457168620831e-01
2.611361587015329500e-01
2.547339945897205138e-01
2.522993688007214019e-01
2.508566275924256073e-01
2.491433724075744482e-01
2.577998196573490497e-01
2.744815148782687730e-01
2.921550946798918136e-01
3.172227231740306630e-01
3.389540126239856677e-01
3.579801623083859186e-01
3.642921550946799925e-01
3.879170423805230472e-01
4.282236248872859363e-01
4.582506762849414272e-01
4.903516681695221369e-01
5.290351668169521737e-01
5.520288548241659710e-01
5.696122633002705937e-01
5.901713255184851681e-01
6.192064923354374528e-01
6.526600541027953728e-01
6.871055004508567210e-01
7.115419296663662019e-01
7.280432822362490342e-01
7.414788097385031085e-01
7.623985572587919091e-01
7.915238954012625561e-01
8.205590622182148408e-01
8.357078449053201297e-01
8.432822362488728851e-01
8.520288548241659043e-01
8.589720468890892358e-01
8.596032461677186598e-01
8.530207394048692215e-01
8.483318304779081664e-01
8.458070333633903592e-01
8.405770964833182424e-01
8.376014427412085128e-01
8.354373309287645988e-01
8.460775473399458901e-01
8.526600541027953284e-01
8.533814247069432257e-01
8.605951307484220880e-01
8.738503155996393268e-01
8.826871055004510414e-01
8.741208295761948577e-01
8.544634806131650162e-01
8.327321911632102891e-01
8.284039675383227941e-01
8.116321009918847640e-01
7.739404869251578223e-01
7.354373309287647320e-01
7.026149684400361251e-01
6.688007213706042009e-01
6.260595130748421999e-01
5.939585211902616013e-01
5.677186654643824326e-01
5.248872858431018473e-01
4.797114517583409565e-01
4.489630297565374017e-01
4.256086564472498779e-01
4.063119927862939851e-01
3.835888187556357187e-01
3.555455365193868622e-01
3.378719567177637662e-01
3.226330027051397265e-01
3.090171325518485945e-01
3.036068530207394200e-01
3.035166816952209468e-01
3.073940486925158533e-01
3.216411181244365203e-01
3.330928764652841267e-01
3.445446348061317332e-01
3.622182146077548293e-01
3.840396753832282517e-01
4.170423805229936942e-01
4.559062218214607887e-01
5.116321009918846086e-01
5.569882777276826680e-01
5.768259693417493450e-01
5.984670874661858209e-01
6.415689810640217150e-01
6.837691614066726542e-01
7.063119927862939740e-01
7.353471596032463697e-01
7.722272317403066078e-01
8.036970243462580044e-01
8.289449954914338559e-01
8.543733092876465429e-01
8.838593327321911941e-01
9.056807935076646165e-01
9.192966636609557485e-01
9.267808836789901417e-01
9.249774571686205649e-01
9.342651036970245348e-01
9.551848512173130024e-01
9.742110009017134198e-01
9.893597835888189307e-01
9.948602344454462454e-01
9.932371505861137262e-01
9.906221821460775567e-01
9.968440036068531018e-01
1.000000000000000000e+00
9.977457168620380568e-01
9.935076645626692571e-01
9.844905320108208180e-01
9.820559062218217061e-01
9.756537421100091034e-01
9.623083859332735024e-01
9.480613165013525023e-01
9.396753832281334873e-01
9.270513976555456725e-01
9.158701532912536525e-01
9.048692515779983570e-01
8.841298467087467250e-01
8.597835888187558284e-01
8.305680793507663751e-01
8.012623985572588925e-01
7.639314697926059550e-01
7.183047790802526977e-01
6.839495040577097118e-01
6.532010820559063236e-01
6.173128944995492917e-01
5.753832281334536614e-01
5.362488728584310360e-01
5.008115419296664816e-01
4.612263300270514343e-01
4.174030658250676429e-01
3.932371505861136929e-01
3.725879170423806452e-01
3.484220018034265287e-01
3.267808836789900528e-01
3.176735798016231405e-01
3.156898106402165061e-01
3.073940486925158533e-01
3.031559963931469981e-01
3.099188458070333829e-01
3.096483318304779631e-01
3.110910730387737577e-01
3.208295761947700941e-01
3.391343552750226698e-01
3.640216411181244616e-01
3.871055004508566211e-01
4.048692515779982459e-01
4.250676284941388161e-01
4.556357078449053688e-01
4.967538322813345730e-01
5.366997294860235135e-01
5.731289449954914961e-01
6.115419296663662241e-01
6.383228133453562325e-01
6.826871055004508637e-01
7.195671776375113238e-01
7.425608656447252320e-01
7.723174030658249700e-01
7.987376014427414184e-01
8.202885482416593099e-01
8.386834986474301923e-01
8.563570784490532883e-01
8.687105500450855722e-01
8.757439134355275989e-01
8.807033363390441849e-01
8.850315599639316799e-01
8.853020739404868777e-01
8.739404869251580221e-01
8.601442741208297216e-01
8.526600541027953284e-01
8.602344454463480838e-01
8.622182146077549403e-01
8.571686203787195479e-01
8.526600541027953284e-01
8.447249774571685688e-01
8.353471596032461255e-01
8.177637511271415027e-01
8.009918845807033616e-01
7.938683498647431946e-01
7.849413886384131178e-01
7.710550045085664550e-01
7.546438232642019850e-01
7.385031559963932679e-01
7.258791704238052311e-01
7.106402164111811359e-01
6.930568079350767352e-01
6.725879170423806341e-01
6.464382326420199387e-01
5.935978358881875971e-01
5.543733092876466095e-01
5.302975653742111328e-01
5.024346257889992229e-01
4.619477006311992762e-01
4.186654643823265465e-01
3.899909828674482104e-01
3.793507664562670301e-01
3.651938683498647809e-01
3.499549143372407967e-01
3.348061316501353413e-01
3.159603246167719259e-01
2.940486925157800302e-01
2.818755635707845264e-01
2.707844905320108131e-01
2.538322813345356699e-01
2.392245266005410542e-01
2.312894499549144056e-01
2.341749323715059117e-01
2.412082957619477441e-01
2.517583408476105067e-01
2.664562669071235401e-01
2.781785392245266775e-01
2.901713255184851792e-01
3.113615870153291776e-01
3.250676284941388383e-01
3.344454463480614481e-01
3.482416591523895821e-01
3.712353471596033239e-01
3.935978358881876416e-01
4.014427412082958169e-01
4.040577096483318198e-01
4.145175834084762201e-01
4.382326420198376926e-01
4.495040577096482970e-01
4.535617673579802056e-01
4.706943192064924064e-01
4.805229936880072161e-01
4.803426510369702140e-01
4.902614968440037191e-01
5.091974752028854967e-01
5.177637511271415693e-01
5.191163210099188907e-01
5.168620378719567254e-01
5.218214607754735335e-01
5.340847610459874550e-01
5.477908025247972823e-01
5.540126239855727164e-01
5.528403967538323416e-01
5.463480613165013766e-01
5.371505861136158799e-01
5.251577998196573782e-01
5.099188458070333940e-01
4.998196573489631089e-01
5.027953110910731160e-01
4.954012623985572517e-01
4.777276825969341556e-01
4.621280432822362783e-01
4.435527502254283383e-01
4.267808836789900861e-01
4.045085662759243528e-01
3.808836789900812980e-01
3.744815148782688063e-01
3.755635707844905968e-01
3.698827772768260025e-01
3.660955816050496248e-01
3.610459873760144545e-01
3.522091974752029064e-01
3.387736699729487211e-01
3.227231740306583108e-01
3.117222723174031263e-01
2.992786293958521471e-01
2.779080252479712021e-01
2.523895401262398752e-01
2.295761947700631633e-01
2.155094679891794429e-01
2.033363390441839946e-01
1.885482416591524046e-01
1.667267808836789822e-01
1.494138863841299181e-01
1.432822362488729018e-01
1.328223624887286125e-01
1.186654643823264743e-01
1.161406672678088892e-01
1.183047790802525395e-01
1.149684400360685560e-01
1.155996393146979245e-01
1.186654643823264743e-01
1.201082055906221718e-01
1.195671776375112905e-01
1.209197475202885980e-01
1.253381424706943581e-01
1.360685302073941227e-01
1.510369702434625760e-01
1.577096483318304876e-01
1.672678088367899607e-01
1.761045987376015087e-01
1.787195671776375672e-01
1.886384129846708779e-01
2.036068530207394423e-01
2.076645626690712676e-01
2.024346257889991785e-01
2.045987376014428150e-01
2.105500450856627737e-01
2.114517583408476731e-01
2.051397655545537102e-01
1.977457168620378736e-01
1.972948602344454516e-01
1.962128043282236889e-01
1.911632100991884631e-01
1.857529305680793719e-01
1.844003606853020782e-01
1.826871055004509192e-01
1.786293958521190661e-01
1.723174030658251032e-01
1.690712353471596763e-01
1.634806131650135552e-01
1.617673579801623129e-01
1.574391343552750400e-01
1.502254283137962332e-01
1.486925157799819652e-01
1.422001803426510280e-01
1.340847610459874328e-01
1.322813345356177173e-01
1.270513976555456004e-01
1.166816952209197844e-01
1.095581605049594787e-01
1.080252479711452107e-01
1.074842200180343155e-01
1.018034265103697211e-01
9.017132551848515420e-02
7.763751127141568786e-02
7.908025247971148253e-02
8.449053201082055986e-02
7.484220018034268285e-02
6.618575293056809528e-02
6.645626690712354290e-02
6.465284039675382732e-02
5.491433724075746314e-02
4.517583408476109896e-02
4.661857529305681036e-02
5.184851217312899663e-02
5.843101893597841406e-02
5.590622182146084279e-02
4.688908926961225798e-02
4.779080252479715046e-02
5.112714156898106460e-02
5.193868349864747685e-02
4.977457168620383343e-02
4.616771866546440228e-02
4.265103697024352769e-02
3.660955816050499856e-02
4.797114517583411786e-02
6.050495942290357726e-02
5.960324616771867784e-02
5.734896302975655419e-02
6.898106402164111417e-02
7.817853922452666637e-02
7.574391343552749900e-02
7.141568981064028154e-02
8.097385031559968527e-02
8.827772768259695146e-02
8.854824165915239909e-02
9.008115419296666704e-02
9.116321009918845752e-02
9.873760144274125461e-02
1.052299368800721918e-01
1.157799819657349683e-01
1.312894499549144001e-01
1.400360685302073915e-01
1.417493237150586338e-01
1.490532010820559694e-01
1.559062218214608553e-01
1.563570784490532495e-01
1.587917042380523336e-01
1.654643823264202451e-01
1.743913435527502664e-01
1.747520288548241874e-01
1.713255184851218138e-01
1.717763751127142080e-01
1.651036970243463242e-01
1.700631199278629657e-01
1.723174030658251032e-01
1.687105500450856721e-01
1.678990081154193292e-01
1.724075743913435765e-01
1.786293958521190661e-01
1.798917944093778309e-01
1.781785392245266719e-01
1.822362488728584418e-01
1.811541929666366513e-01
1.823264201983769983e-01
1.794409377817854090e-01
1.771866546438232715e-01
1.826871055004509192e-01
1.849413886384130568e-01
1.853020739404869777e-01
1.816050495942290455e-01
1.776375112714156934e-01
1.731289449954914461e-01
1.760144274120830077e-01
1.779080252479712243e-01
1.688908926961226464e-01
1.615870153291253664e-01
1.579801623083860185e-01
1.497745716862038390e-01
1.413886384129847129e-01
1.350766456266907223e-01
1.299368800721371064e-01
1.180342651036970919e-01
9.585211902614974855e-02
7.908025247971148253e-02
6.979260595130752642e-02
6.663660955816050335e-02
6.230838593327321651e-02
5.473399458972049575e-02
4.869251577998197356e-02
5.599639314697932302e-02
6.257889990982874739e-02
6.348061316501356355e-02
6.546438232642023958e-02
6.979260595130752642e-02
7.484220018034268285e-02
8.133453561767360618e-02
8.674481514878268351e-02
9.224526600541031740e-02
1.005410279531109702e-01
1.098286744815149263e-01
1.224526600541028659e-01
1.287646528403967594e-01
1.343552750225428805e-01
1.449053201082056430e-01
1.540126239855726387e-01
1.543733092876465596e-01
1.587917042380523336e-01
1.682596934174932501e-01
1.772768259693417725e-01
1.807033363390442293e-01
1.861136158701533205e-01
1.987376014427412463e-01
2.041478809738503375e-01
2.111812443642922255e-01
2.221821460775473545e-01
2.266907123534716850e-01
2.306582506762849538e-01
2.323715058611361961e-01
2.297565374211001377e-01
2.309287646528404014e-01
2.361587015329126016e-01
2.392245266005410542e-01
2.394950405770965018e-01
2.385031559963932124e-01
2.391343552750225809e-01
2.394048692515780286e-01
2.348963029756537535e-01
2.323715058611361961e-01
2.322813345356177228e-01
2.308385933273219282e-01
2.243462578899909909e-01
2.225428313796213586e-01
2.258791704238052589e-01
2.223624887285843843e-01
2.131650135256988321e-01
2.095581605049594842e-01
2.129846708746618578e-01
2.135256988277728363e-01
2.087466185752930581e-01
1.979260595130749034e-01
1.881875563570784837e-01
1.846708746618576091e-01
1.688007213706041454e-01
1.514878268710550813e-01
1.409377817853922910e-01
1.326420198376916382e-01
1.222723174030658222e-01
1.112714156898106377e-01
9.486023444544637584e-02
7.628494138863846363e-02
6.149684400360688058e-02
5.275022542831381972e-02
4.328223624887289622e-02
3.985572587917042553e-02
4.589720468890895466e-02
4.535617673579805942e-02
3.850315599639320130e-02
4.201983769161407589e-02
4.580703336339047443e-02
4.661857529305681036e-02
5.275022542831381972e-02
6.158701532912536081e-02
6.609558160504960811e-02
6.853020739404870609e-02
7.691614066726784604e-02
9.197475202885486978e-02
9.116321009918845752e-02
8.890892696122633387e-02
1.013525698827773130e-01
1.047790802524797837e-01
9.792605951307484236e-02
9.314697926059513355e-02
1.070333633904419074e-01
1.201983769161407423e-01
1.221821460775473350e-01
1.155996393146979245e-01
1.067628494138863765e-01
1.071235347159603807e-01
1.145175834084761479e-01
1.200180342651036985e-01
1.222723174030658222e-01
1.243462578899909854e-01
1.212804328223625189e-01
1.210099188458070713e-01
1.281334535617673909e-01
1.329125338142470858e-01
1.357980162308386751e-01
1.353471596032461699e-01
1.371505861136158855e-01
1.403967538322813957e-01
1.372407574391343865e-01
1.338142470694319852e-01
1.375112714156898064e-01
1.429215509467989809e-01
1.383228133453562325e-01
1.312894499549144001e-01
1.323715058611361906e-01
1.310189359783588969e-01
1.183949504057710267e-01
1.138863841298467655e-01
1.131650135256988404e-01
1.033363390441839891e-01
9.738503155996394711e-02
8.494138863841305120e-02
7.177637511271421633e-02
6.997294860234450076e-02
7.339945897204688818e-02
8.070333633904423765e-02
7.457168620378723523e-02
6.952209197475207880e-02
6.546438232642023958e-02
6.663660955816050335e-02
7.502254283137964330e-02
7.790802524797113549e-02
6.636609558160505573e-02
5.635707844905325087e-02
5.139765554553651222e-02
5.428313796212808767e-02
5.788999098286744249e-02
5.103697024346258437e-02
3.805229936880070996e-02
3.372407574391349944e-02
3.444544634806135514e-02
4.003606853020739292e-02
4.337240757439138339e-02
3.904418394950408960e-02
3.579801623083858630e-02
3.345356176735797549e-02
3.318304779080252787e-02
3.724075743913437403e-02
4.084761045987381212e-02
4.382326420198379147e-02
4.454463480613164716e-02
3.435527502254287491e-02
3.282236248872860002e-02
3.372407574391349944e-02
3.733092876465285426e-02
3.417493237150590751e-02
2.515779981965740250e-02
1.956717763751128839e-02
2.515779981965740250e-02
4.057709648331836449e-02
4.030658250676284055e-02
2.732191163210104592e-02
1.686203787195674972e-02
2.019837691614066039e-02
2.587917042380525820e-02
2.587917042380525820e-02
1.947700631199280469e-02
1.496844003606855045e-02
1.415689810640221452e-02
1.929666366095584076e-02
2.524797114517588273e-02
2.705139765554560177e-02
2.488728584310195835e-02
2.497745716862043858e-02
3.724075743913437403e-02
4.418394950405771932e-02
4.174932371505862827e-02
3.904418394950408960e-02
3.678990081154196595e-02
3.579801623083858630e-02
3.868349864743016175e-02
4.274120829576200792e-02
4.688908926961225798e-02
4.580703336339047443e-02
5.103697024346258437e-02
6.275924256086570785e-02
6.140667267808839341e-02
5.347159603246167542e-02
4.833183047790804571e-02
4.878268710550045378e-02
4.905320108205590141e-02
5.734896302975655419e-02
6.618575293056809528e-02
6.465284039675382732e-02
5.942290351668171738e-02
5.897204688908930931e-02
6.880072137060415371e-02
7.727682596934176695e-02
7.123534715960323782e-02
5.933273219116323716e-02
5.329125338142470802e-02
5.112714156898106460e-02
5.040577096483320890e-02
4.896302975653742118e-02
4.625788999098288251e-02
4.463480613165012739e-02
5.202885482416596402e-02
5.266005410279533255e-02
4.454463480613164716e-02
3.498647430117225038e-02
2.858431018935979340e-02
2.795311091073042140e-02
2.506762849413892227e-02
3.336339044183949526e-02
4.625788999098288251e-02
4.247069431920648397e-02
3.525698827772769106e-02
3.237150586113619194e-02
3.408476104598742729e-02
3.967538322813346507e-02
4.959422903516687298e-02
5.094679891794409721e-02
5.166816952209203617e-02
5.401262398557264005e-02
5.509467989179442360e-02
5.689810640216414611e-02
6.104598737601447250e-02
7.042380522993690883e-02
8.187556357078450142e-02
8.151487826871058051e-02
7.926059513074844298e-02
9.017132551848515420e-02
1.006311992786294573e-01
9.981965734896303122e-02
9.603246167718672288e-02
9.477006311992788867e-02
9.413886384129852014e-02
9.783588818755635519e-02
9.864743011722276744e-02
9.585211902614974855e-02
1.054102795311091523e-01
1.091974752028855439e-01
1.111812443642921505e-01
1.154192966636609641e-01
1.211902614968440456e-01
1.269612263300271271e-01
1.281334535617673909e-01
1.281334535617673909e-01
1.238052299368800901e-01
1.194770063119928033e-01
1.130748422001803533e-01
1.165013525698828240e-01
1.289449954914337337e-01
1.329125338142470858e-01
1.272317403065825747e-01
1.216411181244364537e-01
1.198376916140667381e-01
1.180342651036970919e-01
1.110009017132551901e-01
1.145175834084761479e-01
1.200180342651036985e-01
1.192966636609558428e-01
1.086564472497745792e-01
9.990982867448151838e-02
8.575293056807938019e-02
7.258791704238054532e-02
7.538322813345356421e-02
7.808836789900817921e-02
7.691614066726784604e-02
6.663660955816050335e-02
5.247971145175837210e-02
4.824165915238956548e-02
4.472497745716860762e-02
4.093778178539229234e-02
3.453561767357983536e-02
2.858431018935979340e-02
2.642019837691614997e-02
3.210099188458074432e-02
2.939585211902620912e-02
2.461677186654643093e-02
2.569882777276829428e-02
2.137060414788100396e-02
2.146077547339948766e-02
1.208295761947705133e-02
5.500450856627633889e-03
6.672678088367898531e-03
2.795311091073097391e-03
0.000000000000000000e+00
3.606853020739276866e-04
9.107303877366988709e-03
1.704238052299371364e-02
2.082957619477011219e-02
2.777276825969345747e-02
3.904418394950408960e-02
4.986474301172231366e-02
5.338142470694318825e-02
6.014427412082957308e-02
6.194770063119928866e-02
6.041478809738509703e-02
5.716862037871958679e-02
6.293958521190266830e-02
6.546438232642023958e-02
6.005410279531108592e-02
5.428313796212808767e-02
5.437330928764656790e-02
6.158701532912536081e-02
7.222723174030662441e-02
8.169522091974754097e-02
8.809738503155999101e-02
8.566275924256090690e-02
8.881875563570784671e-02
9.477006311992788867e-02
9.179440937781790932e-02
8.394950405770966462e-02
8.584310189359786736e-02
8.476104598737607687e-02
8.376916140667270416e-02
8.196573489630298859e-02
8.800721370604150384e-02
8.854824165915239909e-02
7.826871055004515354e-02
7.565374211000901183e-02
8.449053201082055986e-02
8.872858431018935954e-02
8.999098286744819375e-02
8.467087466185752032e-02
7.953110910730389060e-02
7.736699729486025412e-02
7.466185752930570851e-02
7.556357078449053855e-02
7.213706041478813724e-02
6.221821460775473628e-02
5.888187556357082214e-02
6.239855725879169673e-02
6.068530207394054465e-02
5.969341749323715807e-02
5.266005410279533255e-02
4.183949504057710850e-02
3.994589720468891270e-02
3.805229936880070996e-02
3.390441839495046683e-02
3.174030658250681647e-02
3.381424706943197966e-02
3.516681695220921083e-02
4.102795311091077257e-02
4.752028854824170978e-02
4.274120829576200792e-02
2.948602344454469282e-02
2.461677186654643093e-02
3.020739404869254852e-02
2.272317403065831146e-02
1.523895401262399633e-02
1.064021641118126187e-02
9.197475202885470671e-03
1.406672678088373256e-02
2.155094679891796788e-02
2.578899909828677450e-02
2.272317403065831146e-02
2.037871956717770411e-02
2.380522993688009500e-02
2.001803426510369646e-02
1.415689810640221452e-02
1.668169522091978579e-02
1.929666366095584076e-02
2.091974752028859588e-02
1.064021641118126187e-02
7.484220018034315122e-03
6.582506762849416569e-03
1.334535617673579706e-02
7.484220018034315122e-03
2.524797114517572574e-03
6.221821460775489587e-03
1.379621280432828667e-02
1.298467087466186921e-02
7.664562669071279047e-03
1.217312894499553329e-02
1.722272317403067757e-02
9.467989179440996356e-03
4.508566275924884162e-04
3.246167718665506768e-03
1.361587015329124295e-02
1.226330027051401525e-02
7.664562669071279047e-03
1.009918845807037009e-02
8.295761947700652783e-03
5.229936880072188002e-03
7.935076645626724934e-03
9.017132551848508482e-03
8.926961226330026519e-03
1.055004508566277990e-02
7.484220018034315122e-03
6.311992786293970682e-03
1.695220919747523342e-02
1.821460775473405722e-02
1.749323715058612519e-02
1.262398557258794136e-02
1.118124436429215190e-02
6.672678088367898531e-03
6.041478809738525663e-03
9.017132551848508482e-03
1.118124436429215190e-02
1.541929666366096026e-02
2.263300270513983123e-02
1.893597835888191291e-02
4.238052299368808354e-03
3.697024346257916580e-03
9.197475202885470671e-03
1.100090171325518798e-02
1.695220919747523342e-02
2.407574391343553916e-02
2.488728584310195835e-02
2.425608656447250308e-02
2.750225428313800985e-02
2.407574391343553916e-02
2.146077547339948766e-02
2.380522993688009500e-02
2.470694319206491463e-02
2.515779981965740250e-02
2.362488728584313108e-02
2.335437330928768346e-02
2.055906221821466803e-02
1.956717763751128839e-02
2.209197475202885966e-02
2.714156898106408200e-02
2.660054102795311390e-02
2.236248872858430381e-02
1.875563570784494899e-02
1.154192966636615955e-02
5.229936880072188002e-03
5.229936880072188002e-03
1.406672678088373256e-02
1.902614968440039661e-02
1.244364292155097917e-02
1.460775473399462260e-02
1.848512173128950484e-02
2.326420198376920323e-02
2.975653742110013697e-02
3.300270513976556741e-02
2.488728584310195835e-02
2.218214607754733989e-02
2.308385933273223931e-02
2.894499549143372125e-02
4.030658250676284055e-02
5.536519386834987122e-02
6.348061316501356355e-02
5.779981965734896227e-02
5.058611361587016936e-02
5.626690712353477064e-02
6.402164111812444491e-02
6.979260595130752642e-02
6.952209197475207880e-02
6.203787195671776888e-02
6.104598737601447250e-02
6.645626690712354290e-02
7.294860234445448011e-02
7.186654643823268962e-02
6.528403967538327912e-02
6.032461677186661680e-02
6.330027051397658922e-02
5.906221821460778953e-02
5.536519386834987122e-02
5.590622182146084279e-02
5.419296663660960744e-02
4.986474301172231366e-02
5.284039675383229995e-02
5.816050495942296644e-02
6.158701532912536081e-02
5.437330928764656790e-02
5.094679891794409721e-02
5.094679891794409721e-02
5.734896302975655419e-02
6.744815148782691561e-02
6.582506762849417437e-02
5.545536519386835145e-02
4.562669071235350704e-02
4.445446348061316694e-02
4.292155094679897531e-02
3.552750225428313868e-02
2.768259693417497377e-02
2.912533814247068517e-02
3.155996393146985601e-02
1.821460775473405722e-02
1.568981064021640615e-02
2.335437330928768346e-02
2.146077547339948766e-02
1.532912533814247830e-02
1.469792605951310456e-02
2.082957619477011219e-02
2.633002705139766628e-02
2.488728584310195835e-02
1.893597835888191291e-02
1.541929666366096026e-02
1.433724075743917671e-02
1.559963931469792418e-02
1.704238052299371364e-02
2.046889089269618434e-02
1.992786293958521276e-02
2.019837691614066039e-02
2.182146077547341204e-02
2.894499549143372125e-02
3.020739404869254852e-02
3.300270513976556741e-02
4.066726780883684472e-02
4.418394950405771932e-02
4.120829576194773997e-02
4.211000901713255612e-02
5.130748422001802506e-02
5.067628494138865652e-02
5.031559963931472867e-02
5.662759242560869849e-02
6.257889990982874739e-02
6.257889990982874739e-02
6.339044183949507638e-02
7.051397655545538212e-02
7.700631199278631933e-02
7.574391343552749900e-02
8.557258791704241974e-02
9.350766456266906834e-02
8.764652840396758293e-02
7.808836789900817921e-02
7.357980162308384864e-02
7.691614066726784604e-02
7.862939585211907445e-02
7.511271415689811659e-02
8.034265103697031674e-02
7.962128043282237777e-02
6.862037871956719326e-02
6.663660955816050335e-02
7.466185752930570851e-02
7.249774571686207203e-02
6.871055004508566655e-02
7.520288548241660376e-02
7.790802524797113549e-02
8.286744815148788801e-02
8.124436429215513289e-02
7.357980162308384864e-02
6.600541027953113482e-02
6.546438232642023958e-02
6.528403967538327912e-02
5.816050495942296644e-02
5.617673579801629041e-02
5.689810640216414611e-02
5.572587917042379907e-02
4.724977457168626216e-02
3.597835888187563003e-02
3.255184851217315933e-02
3.318304779080252787e-02
2.966636609558165674e-02
2.804328223624890162e-02
3.192064923354378386e-02
3.273219116321011979e-02
2.542831379621284665e-02
2.470694319206491463e-02
3.291253381424708718e-02
3.219116321009923148e-02
3.128944995491433206e-02
2.813345356176738532e-02
1.307484220018035118e-02
1.424706943192069648e-02
1.884580703336343269e-02
1.704238052299371364e-02
2.506762849413892227e-02
2.930568079350772889e-02
2.533814247069436643e-02
2.091974752028859588e-02
2.596934174932373843e-02
2.515779981965740250e-02
2.633002705139766628e-02
2.353471596032464738e-02
1.550946798917944222e-02
1.749323715058612519e-02
2.380522993688009500e-02
2.524797114517588273e-02
2.443642921550946701e-02
2.885482416591524102e-02
3.660955816050499856e-02
4.057709648331836449e-02
3.814247069431927345e-02
2.678088367899007782e-02
1.668169522091978579e-02
1.650135256988282187e-02
2.010820559062217669e-02
2.209197475202885966e-02
1.956717763751128839e-02
2.389540126239857523e-02
3.327321911632101503e-02
3.119927862939584837e-02
3.201082055906226409e-02
3.597835888187563003e-02
4.445446348061316694e-02
3.958521190261498485e-02
2.164111812443644811e-02
1.496844003606855045e-02
1.929666366095584076e-02
2.642019837691614997e-02
2.795311091073042140e-02
1.929666366095584076e-02
1.776375112714156934e-02
2.046889089269618434e-02
2.560865644724981058e-02
2.578899909828677450e-02
1.785392245266005304e-02
2.371505861136161131e-02
2.813345356176738532e-02
2.930568079350772889e-02
2.984670874661862067e-02
2.578899909828677450e-02
2.434625788999098678e-02
2.209197475202885966e-02
1.514878268710551437e-02
1.307484220018035118e-02
1.776375112714156934e-02
2.524797114517588273e-02
2.741208295761952962e-02
2.200180342651037596e-02
2.488728584310195835e-02
2.524797114517588273e-02
2.488728584310195835e-02
2.434625788999098678e-02
2.028854824165914061e-02
2.317403065825072300e-02
1.893597835888191291e-02
1.118124436429215190e-02
7.033363390441826381e-03
9.467989179440996356e-03
1.568981064021640615e-02
2.840396753832282947e-02
2.939585211902620912e-02
2.128043282236252373e-02
1.749323715058612519e-02
1.902614968440039661e-02
1.722272317403067757e-02
8.836789900811544557e-03
1.000901713255188813e-02
1.650135256988282187e-02
1.902614968440039661e-02
1.469792605951310456e-02
1.073038773669974383e-02
1.361587015329124295e-02
1.541929666366096026e-02
1.253381424706946114e-02
1.424706943192069648e-02
1.045987376014429794e-02
2.434625788999090611e-03
7.123534715960387273e-03
1.523895401262399633e-02
1.307484220018035118e-02
1.550946798917944222e-02
1.469792605951310456e-02
1.244364292155097917e-02
1.442741208295765867e-02
1.776375112714156934e-02
1.884580703336343269e-02
1.478809738503158652e-02
1.614066726780889402e-02
1.758340847610460542e-02
1.983769161406673254e-02
1.956717763751128839e-02
1.541929666366096026e-02
1.289449954914338725e-02
1.199278629395856936e-02
1.776375112714156934e-02
2.299368800721375908e-02
1.596032461677193010e-02
5.951307484220043700e-03
4.508566275924254241e-03
8.836789900811544557e-03
1.532912533814247830e-02
1.496844003606855045e-02
1.199278629395856936e-02
1.749323715058612519e-02
1.992786293958521276e-02
1.893597835888191291e-02
1.632100991884585794e-02
1.478809738503158652e-02
2.281334535617679515e-02
2.849413886384131317e-02
2.732191163210104592e-02
2.813345356176738532e-02
3.183047790802530363e-02
4.201983769161407589e-02
5.004508566275928105e-02
4.355275022542834384e-02
4.220018034265103635e-02
4.301172227231745554e-02
4.120829576194773997e-02
3.814247069431927345e-02
3.678990081154196595e-02
3.940486925157801745e-02
3.976555455365194530e-02
3.309287646528404764e-02
3.399458972046894706e-02
3.453561767357983536e-02
3.165013525698833624e-02
3.273219116321011979e-02
2.362488728584313108e-02
1.199278629395856936e-02
1.352569882777276099e-02
3.065825067628495659e-02
3.615870153291259048e-02
3.056807935076647637e-02
2.245266005410278751e-02
1.550946798917944222e-02
2.001803426510369646e-02
3.083859332732192052e-02
3.480613165013528298e-02
3.426510369702439468e-02
3.624887285843107071e-02
2.993688007213710089e-02
2.642019837691614997e-02
1.866546438232646876e-02
1.226330027051401525e-02
2.055906221821466803e-02
3.237150586113619194e-02
3.688007213706044618e-02
4.156898106402166088e-02
4.715960324616778193e-02
5.031559963931472867e-02
4.679891794409377082e-02
4.743011722272322261e-02
5.022542831379624151e-02
4.688908926961225798e-02
5.482416591523898292e-02
6.744815148782691561e-02
6.871055004508566655e-02
6.672678088367899052e-02
7.186654643823268962e-02
7.457168620378723523e-02
6.853020739404870609e-02
6.023444544634805331e-02
6.483318304779087105e-02
7.457168620378723523e-02
7.917042380522996969e-02
7.538322813345356421e-02
7.835888187556362683e-02
7.808836789900817921e-02
7.114517583408476453e-02
6.681695220919746381e-02
7.195671776375117679e-02
7.231740306582509770e-02
6.889089269612262700e-02
7.105500450856627737e-02
6.284941388638418114e-02
5.247971145175837210e-02
5.635707844905325087e-02
6.023444544634805331e-02
6.068530207394054465e-02
6.465284039675382732e-02
5.779981965734896227e-02
5.076645626690713675e-02
4.616771866546440228e-02
4.211000901713255612e-02
3.832281334535623391e-02
3.877366997294864892e-02
4.129846708746622019e-02
4.211000901713255612e-02
4.021641118124435338e-02
3.579801623083858630e-02
3.146979260595137579e-02
2.470694319206491463e-02
2.227231740306582358e-02
2.425608656447250308e-02
3.192064923354378386e-02
3.895401262398560938e-02
3.796212804328222973e-02
3.363390441839494288e-02
3.372407574391349944e-02
3.002705139765558459e-02
2.687105500450855805e-02
3.056807935076647637e-02
3.841298467087472107e-02
4.364292155094682407e-02
4.292155094679897531e-02
3.011722272317406482e-02
2.245266005410278751e-02
3.101893597835888444e-02
4.012623985572587315e-02
2.768259693417497377e-02
2.380522993688009500e-02
3.092876465284040421e-02
3.408476104598742729e-02
3.823264201983775368e-02
3.931469792605953723e-02
3.588818755635706653e-02
3.011722272317406482e-02
2.506762849413892227e-02
2.371505861136161131e-02
2.506762849413892227e-02
2.804328223624890162e-02
3.128944995491433206e-02
3.363390441839494288e-02
3.381424706943197966e-02
3.390441839495046683e-02
2.993688007213710089e-02
3.029756537421102874e-02
3.913435527502257677e-02
3.787195671776374950e-02
3.697024346257892641e-02
3.300270513976556741e-02
3.146979260595137579e-02
3.922452660054105700e-02
4.571686203787198727e-02
4.382326420198379147e-02
4.652840396753833013e-02
4.715960324616778193e-02
3.796212804328222973e-02
2.948602344454469282e-02
3.552750225428313868e-02
4.310189359783593577e-02
4.418394950405771932e-02
4.463480613165012739e-02
4.382326420198379147e-02
4.301172227231745554e-02
4.102795311091077257e-02
4.274120829576200792e-02
4.211000901713255612e-02
3.886384129846712915e-02
3.805229936880070996e-02
4.328223624887289622e-02
4.292155094679897531e-02
3.660955816050499856e-02
3.399458972046894706e-02
4.039675383228139710e-02
3.967538322813346507e-02
3.300270513976556741e-02
3.210099188458074432e-02
3.047790802524799267e-02
3.002705139765558459e-02
3.038773669972951244e-02
3.624887285843107071e-02
4.174932371505862827e-02
4.454463480613164716e-02
4.815148782687107831e-02
4.941388638412990558e-02
5.139765554553651222e-02
4.670874661857529059e-02
4.427412082957619954e-02
4.481514878268717111e-02
3.922452660054105700e-02
3.002705139765558459e-02
3.092876465284040421e-02
3.543733092876465846e-02
3.706041478809741357e-02
3.453561767357983536e-02
2.948602344454469282e-02
2.524797114517588273e-02
3.309287646528404764e-02
3.949504057709650462e-02
3.985572587917042553e-02
3.633904418394955788e-02
3.678990081154196595e-02
3.372407574391349944e-02
3.570784490532010608e-02
4.833183047790804571e-02
5.482416591523898292e-02
4.896302975653742118e-02
4.229035166816951657e-02
4.066726780883684472e-02
4.012623985572587315e-02
3.805229936880070996e-02
3.606853020739411025e-02
3.318304779080252787e-02
3.002705139765558459e-02
3.336339044183949526e-02
3.751127141568982165e-02
3.489630297565376321e-02
3.516681695220921083e-02
3.155996393146985601e-02
2.335437330928768346e-02
1.632100991884585794e-02
1.650135256988282187e-02
2.055906221821466803e-02
1.938683498647432446e-02
1.199278629395856936e-02
1.091073038773670602e-02
1.451758340847614064e-02
2.046889089269618434e-02
2.822362488728586555e-02
2.903516681695220494e-02
2.849413886384131317e-02
2.948602344454469282e-02
3.516681695220921083e-02
3.958521190261498485e-02
4.851217312894500616e-02
5.121731289449954483e-02
4.932371505861142535e-02
4.743011722272322261e-02
4.589720468890895466e-02
5.482416591523898292e-02
6.501352569882783150e-02
5.861136158701538146e-02
5.527502254283139099e-02
4.824165915238956548e-02
4.643823264201984297e-02
5.347159603246167542e-02
5.085662759242561698e-02
4.860234445446349333e-02
5.752930568079351464e-02
6.230838593327321651e-02
6.140667267808839341e-02
4.950405770964838581e-02
3.606853020739411025e-02
3.101893597835888444e-02
3.110910730387736814e-02
2.921550946798916887e-02
2.975653742110013697e-02
4.030658250676284055e-02
4.571686203787198727e-02
3.706041478809741357e-02
3.165013525698833624e-02
3.228133453561771171e-02
3.354373309287645571e-02
2.786293958521193770e-02
2.804328223624890162e-02
3.336339044183949526e-02
3.796212804328222973e-02
4.337240757439138339e-02
3.904418394950408960e-02
3.841298467087472107e-02
4.544634806131654658e-02
4.129846708746622019e-02
3.128944995491433206e-02
3.237150586113619194e-02
4.670874661857529059e-02
4.968440036068535320e-02
5.193868349864747685e-02
4.706943192064929476e-02
3.534715960324617823e-02
3.327321911632101503e-02
3.291253381424708718e-02
3.237150586113619194e-02
3.255184851217315933e-02
3.174030658250681647e-02
3.219116321009923148e-02
3.552750225428313868e-02
3.922452660054105700e-02
4.706943192064929476e-02
4.652840396753833013e-02
4.490532010820565134e-02
4.472497745716860762e-02
4.319206492335441600e-02
4.211000901713255612e-02
4.093778178539229234e-02
4.652840396753833013e-02
4.941388638412990558e-02
4.274120829576200792e-02
3.615870153291259048e-02
3.318304779080252787e-02
3.399458972046894706e-02
3.498647430117225038e-02
3.787195671776374950e-02
4.400360685302075192e-02
4.274120829576200792e-02
3.453561767357983536e-02
2.786293958521193770e-02
3.552750225428313868e-02
4.310189359783593577e-02
4.174932371505862827e-02
3.678990081154196595e-02
3.814247069431927345e-02
3.498647430117225038e-02
2.245266005410278751e-02
1.812443642921549719e-02
2.894499549143372125e-02
3.543733092876465846e-02
2.894499549143372125e-02
2.524797114517588273e-02
3.128944995491433206e-02
3.453561767357983536e-02
3.399458972046894706e-02
3.228133453561771171e-02
3.327321911632101503e-02
3.579801623083858630e-02
3.426510369702439468e-02
3.570784490532010608e-02
4.156898106402166088e-02
5.022542831379624151e-02
5.220919747520292448e-02
4.851217312894500616e-02
4.283137962128048815e-02
3.543733092876465846e-02
3.390441839495046683e-02
4.220018034265103635e-02
4.743011722272322261e-02
4.084761045987381212e-02
3.615870153291259048e-02
3.570784490532010608e-02
4.138863841298470042e-02
4.274120829576200792e-02
3.516681695220921083e-02
3.020739404869254852e-02
2.714156898106408200e-02
3.534715960324617823e-02
4.427412082957619954e-02
4.147880973850318065e-02
3.985572587917042553e-02
3.624887285843107071e-02
3.273219116321011979e-02
