7.049192204593204836e-02
7.128885024994566222e-02
7.795406795624137963e-02
8.172136492066940650e-02
7.889589219734842451e-02
7.556328334420053805e-02
7.237557052814604097e-02
7.418677099181335277e-02
7.556328334420053805e-02
7.715713975222776577e-02
7.375208288053321237e-02
7.288270665797288994e-02
7.715713975222776577e-02
7.889589219734842451e-02
7.527349127001378704e-02
6.969499384191843450e-02
7.288270665797288994e-02
8.041730058682892979e-02
8.172136492066940650e-02
8.186626095776278200e-02
8.635803810765775579e-02
8.773455046004494107e-02
8.215605303194958853e-02
7.498369919582696663e-02
7.165109034267913568e-02
7.614286749257405396e-02
7.896834021589509145e-02
7.563573136274720499e-02
6.998478591610519939e-02
6.889806563790482064e-02
7.107150619430556426e-02
7.063681808302542386e-02
6.926030573063825246e-02
7.382453089907993482e-02
7.715713975222776577e-02
7.614286749257405396e-02
7.049192204593204836e-02
6.839092950807797167e-02
6.672462508150402150e-02
6.810113743389116514e-02
6.969499384191843450e-02
6.897051365645148757e-02
7.034702600883867285e-02
6.991233789755847694e-02
6.571035282185032356e-02
6.636238498877054803e-02
7.440411504745345073e-02
7.940302832717523185e-02
7.085416213866552182e-02
6.846337752662463860e-02
6.991233789755847694e-02
6.766644932261102474e-02
6.273998406143591056e-02
6.331956820980948197e-02
6.926030573063825246e-02
7.034702600883867285e-02
7.281025863942622300e-02
7.846120408606822860e-02
7.657755560385424987e-02
6.969499384191843450e-02
6.368180830254289992e-02
6.694196913714411945e-02
7.281025863942622300e-02
6.962254582337172593e-02
6.353691226544952442e-02
6.331956820980948197e-02
6.926030573063825246e-02
7.491125117728031357e-02
8.092443671665579263e-02
7.795406795624137963e-02
6.882561761935811206e-02
6.426139245091647134e-02
6.694196913714411945e-02
7.310005071361298790e-02
7.179598637977251119e-02
6.686952111859741088e-02
6.433384046946313828e-02
6.433384046946313828e-02
6.788379337825112270e-02
6.897051365645148757e-02
6.708686517423750884e-02
6.955009780482505899e-02
7.541838730710716254e-02
7.621531551112077640e-02
6.795624139679777576e-02
6.360936028399623299e-02
6.433384046946313828e-02
6.875316960081138962e-02
6.926030573063825246e-02
6.476852858074333419e-02
6.571035282185032356e-02
6.802868941534449820e-02
6.628993697022389497e-02
6.926030573063825246e-02
6.911540969354486308e-02
6.353691226544952442e-02
6.252264000579581260e-02
6.440628848800984685e-02
6.955009780482505899e-02
6.810113743389116514e-02
6.005940737520831102e-02
6.614504093313046396e-02
7.657755560385424987e-02
7.795406795624137963e-02
7.867854814170832656e-02
7.889589219734842451e-02
7.817141201188147759e-02
7.505614721437368908e-02
7.099905817575891120e-02
6.447873650655656930e-02
5.643700644787366660e-02
5.911758313410126614e-02
6.737665724842425985e-02
6.563790480330360111e-02
6.107367963486196732e-02
5.824820691154099228e-02
5.984206331956822000e-02
6.071143954212854243e-02
4.940954864884447573e-02
4.542490762877636479e-02
5.397377381728611645e-02
6.223284793160905465e-02
6.187060783887558119e-02
6.092878359776859182e-02
6.056654350503511836e-02
5.853799898572775023e-02
5.919003115264798165e-02
6.042164746794173591e-02
6.542056074766355867e-02
6.773889734115773331e-02
6.759400130406435780e-02
6.614504093313046396e-02
6.194305585742229669e-02
5.759617474462075393e-02
6.027675143084836040e-02
6.194305585742229669e-02
6.302977613562267545e-02
6.223284793160905465e-02
6.389915235818299788e-02
6.411649641382309583e-02
6.723176121133088434e-02
7.237557052814604097e-02
6.969499384191843450e-02
6.462363254364994480e-02
6.418894443236976277e-02
5.962471926392812205e-02
5.643700644787366660e-02
6.397160037672972033e-02
6.737665724842425985e-02
6.201550387596901220e-02
5.636455842932695803e-02
5.281460552053902913e-02
4.948199666739114266e-02
5.237991740925884016e-02
5.752372672607404536e-02
5.730638267043394740e-02
5.737883068898066291e-02
5.940737520828807960e-02
6.310222415416938402e-02
5.955227124538145511e-02
5.571252626240671968e-02
5.600231833659347763e-02
6.013185539375497796e-02
6.389915235818299788e-02
6.223284793160905465e-02
6.353691226544952442e-02
7.288270665797288994e-02
8.085198869810912570e-02
7.983771643845541388e-02
7.650510758530752742e-02
7.324494675070636340e-02
8.041730058682892979e-02
8.787944649713831657e-02
9.121205535028614753e-02
9.686300079692820864e-02
9.142939940592624548e-02
8.295298123596320239e-02
8.708251829312470271e-02
9.048757516481925611e-02
9.251611968412661036e-02
9.490690429616750745e-02
9.048757516481925611e-02
8.418459755125695665e-02
8.708251829312470271e-02
9.005288705353906020e-02
8.222850105049625546e-02
7.780917191914800413e-02
8.077954067956240325e-02
8.099688473520250120e-02
7.918568427153518940e-02
7.621531551112077640e-02
7.396942693617331033e-02
7.331739476925308585e-02
7.375208288053321237e-02
7.512859523292039765e-02
7.367963486198650380e-02
7.556328334420053805e-02
7.288270665797288994e-02
6.331956820980948197e-02
6.440628848800984685e-02
6.897051365645148757e-02
6.505832065493008520e-02
6.071143954212854243e-02
5.976961530102150449e-02
5.882779105991450819e-02
5.621966239223357559e-02
5.817575889299427677e-02
6.020430341230169347e-02
5.701659059624718945e-02
5.520539013257987071e-02
5.564007824386000417e-02
5.506049409548648826e-02
5.266970948344564668e-02
5.672679852206043150e-02
6.194305585742229669e-02
6.520321669202346071e-02
6.382670433963633094e-02
6.614504093313046396e-02
6.592769687749042151e-02
6.455118452510323623e-02
6.375425632108962237e-02
6.353691226544952442e-02
6.223284793160905465e-02
6.143591972759544773e-02
5.890023907846122370e-02
5.592987031804681763e-02
5.549518220676662866e-02
5.687169455915380700e-02
5.542273418821996173e-02
5.520539013257987071e-02
6.194305585742229669e-02
6.208795189451567914e-02
6.100123161631530733e-02
6.607259291458379702e-02
7.194088241686590057e-02
7.230312250959937403e-02
7.230312250959937403e-02
7.744693182641453066e-02
8.077954067956240325e-02
8.150402086502936405e-02
7.621531551112077640e-02
6.955009780482505899e-02
7.273781062087951443e-02
7.556328334420053805e-02
7.759182786350796168e-02
7.954792436426866287e-02
8.085198869810912570e-02
7.715713975222776577e-02
7.389697891762660176e-02
7.556328334420053805e-02
8.092443671665579263e-02
8.244584510613635342e-02
7.701224371513439027e-02
7.273781062087951443e-02
7.049192204593204836e-02
6.484097659928998725e-02
6.063899152358183386e-02
6.063899152358183386e-02
6.607259291458379702e-02
7.809896399333475514e-02
7.809896399333475514e-02
7.223067449105265159e-02
6.216039991306239465e-02
5.861044700427441717e-02
5.933492718974136410e-02
5.694414257770052251e-02
5.353908570600592748e-02
5.172788524233860180e-02
5.947982322683474654e-02
6.389915235818299788e-02
6.273998406143591056e-02
6.201550387596901220e-02
6.368180830254289992e-02
6.013185539375497796e-02
5.774107078171413637e-02
5.933492718974136410e-02
5.868289502282113268e-02
5.774107078171413637e-02
5.535028616967324622e-02
5.629211041078029110e-02
5.701659059624718945e-02
5.281460552053902913e-02
4.969934072303124062e-02
4.672897196261682762e-02
4.173005868289500486e-02
4.136781859016157997e-02
4.296167499818880769e-02
4.100557849742810651e-02
3.803520973701370045e-02
4.042599434905453509e-02
4.723610809244368353e-02
4.875751648192419574e-02
4.694631601825692557e-02
4.441063536912265297e-02
4.513511555458959990e-02
4.499021951749617582e-02
4.571469970296312274e-02
5.049626892704485448e-02
4.803303629645729739e-02
3.962906614504092123e-02
3.991885821922768612e-02
4.419329131348256195e-02
4.499021951749617582e-02
4.332391509092228116e-02
4.499021951749617582e-02
5.056871694559151448e-02
5.107585307541837039e-02
4.622183583278997865e-02
4.520756357313626683e-02
4.846772440773743779e-02
5.455335796565963236e-02
5.817575889299427677e-02
5.730638267043394740e-02
5.448090994711296542e-02
5.426356589147287440e-02
5.643700644787366660e-02
5.904513511555460614e-02
5.549518220676662866e-02
5.100340505687170345e-02
5.027892487140475652e-02
5.085850901977832794e-02
5.346663768745926054e-02
5.281460552053902913e-02
5.064116496413822999e-02
5.027892487140475652e-02
5.274215750199231362e-02
5.382887778019273400e-02
5.085850901977832794e-02
5.607476635514019314e-02
6.158081576468882323e-02
5.723393465188728046e-02
4.817793233355067983e-02
4.875751648192419574e-02
5.564007824386000417e-02
5.455335796565963236e-02
5.049626892704485448e-02
4.752590016663044148e-02
4.723610809244368353e-02
4.745345214808372597e-02
4.832282837064405534e-02
4.723610809244368353e-02
4.745345214808372597e-02
4.752590016663044148e-02
4.651162790697673660e-02
4.767079620372382393e-02
5.187278127943198425e-02
5.419111787292615889e-02
5.542273418821996173e-02
5.201767731652541527e-02
4.998913279721799857e-02
4.948199666739114266e-02
4.904730855611100226e-02
5.143809316815184385e-02
5.078606100123161243e-02
4.948199666739114266e-02
5.382887778019273400e-02
5.513294211403320377e-02
5.462580598420634787e-02
5.969716728247483756e-02
6.737665724842425985e-02
7.498369919582696663e-02
7.679489965949429231e-02
8.157646888357601711e-02
8.577845395928423988e-02
9.048757516481925611e-02
9.918133739042238328e-02
1.025139462435702142e-01
1.006302977613562355e-01
9.881909729768890982e-02
9.896399333478228533e-02
9.324059986959357116e-02
8.976309497935229531e-02
8.990799101644568470e-02
8.643048612620446436e-02
8.469173368108380562e-02
8.012750851264217877e-02
8.012750851264217877e-02
8.259074114322972893e-02
8.128667680938926610e-02
7.657755560385424987e-02
7.324494675070636340e-02
7.092661015721218876e-02
7.056437006447871529e-02
6.810113743389116514e-02
5.853799898572775023e-02
5.636455842932695803e-02
5.839310294863436779e-02
5.629211041078029110e-02
5.542273418821996173e-02
5.643700644787366660e-02
5.672679852206043150e-02
5.187278127943198425e-02
4.861262044483081329e-02
5.266970948344564668e-02
5.382887778019273400e-02
5.143809316815184385e-02
4.709121205535030108e-02
4.672897196261682762e-02
4.774324422227053943e-02
5.042382090849813897e-02
5.187278127943198425e-02
4.998913279721799857e-02
4.854017242628415330e-02
5.064116496413822999e-02
4.991668477867128306e-02
4.752590016663044148e-02
4.238209084981523628e-02
4.107802651597477345e-02
4.506266753604289133e-02
4.658407592552345211e-02
5.245236542780555566e-02
5.737883068898066291e-02
5.701659059624718945e-02
5.824820691154099228e-02
6.592769687749042151e-02
7.027457799029195040e-02
6.962254582337172593e-02
6.411649641382309583e-02
6.578280084039703213e-02
6.940520176773162797e-02
7.367963486198650380e-02
7.636021154821415191e-02
7.976526841990870531e-02
8.041730058682892979e-02
8.150402086502936405e-02
8.266318916177645137e-02
8.382235745852353870e-02
8.592334999637761539e-02
8.882127073824530594e-02
9.019778309063249122e-02
8.990799101644568470e-02
9.483445627762078500e-02
9.889154531623561839e-02
1.024414982250235473e-01
1.090342679127725978e-01
1.129464609142940001e-01
1.085271317829457488e-01
9.918133739042238328e-02
9.266101572122004137e-02
8.918351083097877940e-02
9.360283996232704462e-02
9.396508005506051808e-02
9.142939940592624548e-02
8.773455046004494107e-02
8.295298123596320239e-02
8.164891690212273956e-02
8.288053321741649382e-02
8.454683764399043011e-02
7.860610012316161799e-02
6.882561761935811206e-02
6.484097659928998725e-02
6.701441715569078639e-02
6.614504093313046396e-02
6.636238498877054803e-02
6.331956820980948197e-02
5.281460552053902913e-02
4.759834818517715699e-02
5.832065493008765922e-02
6.382670433963633094e-02
5.629211041078029110e-02
4.846772440773743779e-02
4.854017242628415330e-02
5.136564514960517691e-02
5.578497428095343519e-02
5.882779105991450819e-02
5.216257335361879077e-02
4.433818735057593746e-02
4.593204375860321376e-02
4.803303629645729739e-02
5.368398174309930299e-02
5.237991740925884016e-02
4.528001159168298234e-02
3.861479388538721635e-02
4.216474679417519383e-02
5.027892487140475652e-02
5.607476635514019314e-02
5.419111787292615889e-02
5.324929363181916953e-02
5.324929363181916953e-02
5.766862276316742086e-02
6.237774396870243709e-02
6.346446424690285748e-02
5.556763022531334417e-02
4.593204375860321376e-02
5.180033326088531731e-02
5.694414257770052251e-02
5.317684561327250259e-02
5.535028616967324622e-02
5.817575889299427677e-02
5.585742229950010213e-02
5.332174165036587810e-02
5.281460552053902913e-02
5.114830109396508590e-02
5.411866985437949196e-02
5.411866985437949196e-02
5.419111787292615889e-02
5.274215750199231362e-02
5.209012533507207526e-02
4.940954864884447573e-02
5.346663768745926054e-02
5.549518220676662866e-02
5.093095703832498794e-02
4.781569224081719943e-02
4.854017242628415330e-02
4.839527638919077085e-02
4.687386799971021006e-02
5.020647685285808959e-02
5.187278127943198425e-02
4.984423676012461613e-02
4.897486053756428676e-02
5.122074911251175283e-02
5.346663768745926054e-02
5.245236542780555566e-02
4.919220459320438471e-02
4.455553140621603542e-02
4.158516264580162242e-02
4.455553140621603542e-02
4.658407592552345211e-02
4.325146707237556565e-02
4.216474679417519383e-02
4.339636310946894809e-02
4.600449177714988069e-02
5.180033326088531731e-02
4.810548431500396432e-02
4.100557849742810651e-02
4.788814025936391494e-02
5.368398174309930299e-02
4.991668477867128306e-02
4.969934072303124062e-02
5.426356589147287440e-02
5.223502137216545771e-02
4.796058827791058188e-02
4.383105122074913707e-02
4.201985075708181139e-02
4.296167499818880769e-02
4.752590016663044148e-02
4.832282837064405534e-02
4.723610809244368353e-02
4.832282837064405534e-02
5.317684561327250259e-02
5.708903861479390496e-02
5.397377381728611645e-02
4.542490762877636479e-02
4.368615518365570605e-02
4.796058827791058188e-02
5.201767731652541527e-02
5.216257335361879077e-02
5.049626892704485448e-02
4.839527638919077085e-02
4.687386799971021006e-02
5.085850901977832794e-02
4.868506846337752880e-02
4.716366007389696802e-02
5.310439759472578708e-02
5.853799898572775023e-02
5.897268709700789063e-02
5.535028616967324622e-02
5.477070202129973031e-02
5.904513511555460614e-02
6.317467217271610647e-02
6.165326378323553874e-02
5.759617474462075393e-02
5.440846192856625685e-02
5.542273418821996173e-02
5.846555096718103472e-02
6.418894443236976277e-02
6.331956820980948197e-02
6.136347170904878079e-02
6.034919944939506897e-02
6.962254582337172593e-02
7.469390712164021562e-02
6.831848148953124922e-02
6.223284793160905465e-02
6.042164746794173591e-02
6.143591972759544773e-02
6.020430341230169347e-02
5.832065493008765922e-02
5.781351880026080331e-02
6.013185539375497796e-02
6.034919944939506897e-02
6.150836774614215630e-02
5.969716728247483756e-02
6.397160037672972033e-02
6.078388756067520937e-02
5.361153372455264299e-02
4.911975657465766920e-02
5.151054118669855936e-02
5.230746939071217322e-02
4.897486053756428676e-02
4.716366007389696802e-02
4.839527638919077085e-02
4.854017242628415330e-02
5.027892487140475652e-02
4.680141998116349455e-02
4.556980366586974029e-02
4.462797942476275093e-02
4.506266753604289133e-02
4.948199666739114266e-02
5.506049409548648826e-02
5.201767731652541527e-02
5.158298920524522629e-02
5.781351880026080331e-02
6.187060783887558119e-02
6.194305585742229669e-02
6.107367963486196732e-02
6.621748895167717253e-02
7.070926610157214631e-02
7.338984278779973891e-02
7.237557052814604097e-02
7.215822647250599853e-02
7.607041947402740090e-02
8.389480547707019176e-02
9.048757516481925611e-02
9.577628051872782988e-02
9.555893646308774581e-02
1.001956096500760951e-01
1.102658842280663520e-01
1.185974063609360196e-01
1.259146562341520170e-01
1.227269434180975061e-01
1.214953271028037518e-01
1.256973121785119052e-01
1.275809606607259117e-01
1.338114902557414887e-01
1.401869158878504829e-01
1.385206114612765327e-01
1.379410273129029751e-01
1.408389480547707351e-01
1.439542128522785236e-01
1.506918785771208802e-01
1.510541186698543537e-01
1.482286459465333439e-01
1.435919727595450224e-01
1.358400347750488846e-01
1.322176338477142610e-01
1.348257625153951866e-01
1.354053466637687442e-01
1.307686734767803949e-01
1.214228790842570432e-01
1.122219807288270532e-01
1.056292110410780027e-01
1.011374338911830845e-01
9.831196116786206085e-02
9.577628051872782988e-02
9.077736723900600713e-02
8.186626095776278200e-02
7.614286749257405396e-02
7.288270665797288994e-02
6.694196913714411945e-02
6.549300876621022560e-02
6.295732811707600851e-02
5.969716728247483756e-02
6.005940737520831102e-02
5.484315003984639031e-02
5.404622183583277645e-02
5.766862276316742086e-02
5.658190248496704905e-02
5.556763022531334417e-02
5.549518220676662866e-02
5.578497428095343519e-02
5.607476635514019314e-02
5.643700644787366660e-02
5.868289502282113268e-02
6.136347170904878079e-02
6.165326378323553874e-02
5.701659059624718945e-02
5.180033326088531731e-02
5.180033326088531731e-02
6.049409548648845142e-02
6.129102369050206528e-02
5.947982322683474654e-02
5.904513511555460614e-02
5.810331087444756126e-02
6.114612765340868283e-02
7.020212997174529734e-02
7.896834021589509145e-02
8.012750851264217877e-02
8.172136492066940650e-02
8.469173368108380562e-02
8.954575092371225287e-02
9.302325581395347320e-02
9.142939940592624548e-02
9.179163949865971894e-02
9.519669637035427234e-02
9.932623342751575879e-02
1.013547779468231824e-01
1.021517061508367963e-01
1.054118669854379603e-01
1.089618198942258892e-01
1.112077084691733414e-01
1.099036441353328786e-01
1.156270376005216066e-01
1.227269434180975061e-01
1.241034557704846913e-01
1.209157429544301943e-01
1.162066217488951780e-01
1.174382380641889184e-01
1.146852133594146173e-01
1.066434833007317146e-01
1.056292110410780027e-01
1.120046366731870108e-01
1.109179163949865904e-01
9.787727305658192045e-02
8.976309497935229531e-02
8.802434253423169208e-02
8.787944649713831657e-02
9.012533507208578265e-02
8.606824603347099090e-02
8.143157284648264160e-02
7.338984278779973891e-02
6.534811272911685009e-02
5.759617474462075393e-02
5.274215750199231362e-02
5.129319713105846834e-02
4.868506846337752880e-02
4.926465261175105165e-02
4.846772440773743779e-02
4.904730855611100226e-02
4.665652394407011211e-02
4.441063536912265297e-02
4.274433094254870974e-02
3.803520973701370045e-02
3.948417010794754572e-02
4.499021951749617582e-02
4.658407592552345211e-02
4.810548431500396432e-02
4.861262044483081329e-02
4.796058827791058188e-02
4.528001159168298234e-02
4.303412301673547463e-02
4.238209084981523628e-02
3.854234586684054942e-02
3.636890531043975722e-02
3.513728899514600296e-02
3.354343258711872666e-02
3.564442512497285886e-02
4.223719481272186077e-02
4.520756357313626683e-02
4.354125914656232360e-02
4.397594725784251257e-02
4.890241251901762676e-02
5.129319713105846834e-02
4.774324422227053943e-02
4.716366007389696802e-02
4.774324422227053943e-02
4.506266753604289133e-02
4.745345214808372597e-02
4.419329131348256195e-02
4.042599434905453509e-02
4.144026660870824691e-02
4.564225168441645580e-02
4.455553140621603542e-02
4.462797942476275093e-02
4.462797942476275093e-02
4.346881112801566360e-02
3.962906614504092123e-02
3.586176918061290131e-02
3.774541766282693556e-02
4.585959574005649825e-02
4.890241251901762676e-02
3.897703397812068982e-02
3.064551184525103264e-02
3.861479388538721635e-02
4.701876403680358557e-02
4.658407592552345211e-02
4.122292255306814895e-02
4.375860320220242156e-02
4.919220459320438471e-02
5.020647685285808959e-02
4.484532348040279337e-02
3.933927407085416328e-02
4.288922697964209219e-02
4.593204375860321376e-02
4.542490762877636479e-02
4.694631601825692557e-02
4.672897196261682762e-02
4.274433094254870974e-02
4.057089038614791754e-02
4.390349923929579706e-02
4.441063536912265297e-02
4.071578642324134856e-02
3.354343258711872666e-02
3.332608853147868422e-02
3.673114540317323068e-02
3.702093747735998863e-02
3.839744982974717391e-02
3.723828153300008659e-02
3.600666521770628375e-02
3.731072955154674659e-02
4.209229877562847832e-02
3.875968992248064737e-02
2.970368760414403980e-02
3.028327175251755918e-02
4.013620227486777714e-02
5.484315003984639031e-02
6.201550387596901220e-02
5.962471926392812205e-02
5.658190248496704905e-02
5.803086285590089433e-02
6.216039991306239465e-02
6.440628848800984685e-02
7.107150619430556426e-02
8.063464464246902774e-02
8.802434253423169208e-02
9.041512714627253366e-02
9.034267912772586673e-02
9.526914438890098091e-02
1.013547779468231824e-01
1.193218865464029665e-01
1.357675867565022454e-01
1.466347895385061162e-01
1.607621531551111926e-01
1.725711801782221222e-01
1.830761428674925750e-01
1.846699992755198028e-01
1.861189596464536411e-01
1.913352169818155202e-01
1.966239223357241217e-01
1.984351227993914335e-01
1.955372020575237291e-01
1.962616822429906205e-01
1.962616822429906205e-01
1.975657465768310972e-01
2.001014272259653837e-01
1.974932985582844303e-01
1.923494892414692181e-01
1.937984496124030842e-01
1.917699050930957161e-01
1.832934869231326869e-01
1.788741577917843661e-01
1.769905093095703874e-01
1.662682025646598227e-01
1.477939578352532035e-01
1.405491559805839008e-01
1.370716510903426943e-01
1.315656016807940087e-01
1.260595522712453787e-01
1.162790697674418311e-01
1.016445700210099334e-01
8.940085488661882185e-02
8.331522132869667585e-02
8.389480547707019176e-02
8.454683764399043011e-02
7.462145910309354868e-02
7.288270665797288994e-02
8.302542925450986933e-02
8.172136492066940650e-02
7.491125117728031357e-02
7.491125117728031357e-02
7.889589219734842451e-02
7.867854814170832656e-02
7.433166702890674216e-02
7.281025863942622300e-02
7.317249873215969647e-02
7.085416213866552182e-02
6.744910526697092679e-02
6.810113743389116514e-02
6.860827356371801411e-02
6.672462508150402150e-02
6.781134535970440025e-02
7.425921901036007522e-02
8.360501340288344074e-02
8.418459755125695665e-02
8.172136492066940650e-02
8.896616677533868145e-02
1.030935303919437857e-01
1.158443816561617046e-01
1.208432949358835273e-01
1.344635224226617132e-01
1.535173513004419177e-01
1.657610664348329876e-01
1.754691009200898266e-01
1.810475983481851514e-01
1.876403680359342296e-01
2.006085633557922188e-01
2.140114467869303760e-01
2.236470332536404926e-01
2.316887633123234369e-01
2.386437730928058776e-01
2.380641889444323478e-01
2.377019488516988743e-01
2.445120625950879811e-01
2.490762877635297190e-01
2.455263348547416791e-01
2.441498225023545909e-01
2.482793595595160496e-01
2.536405129319713181e-01
2.555241614141853246e-01
2.554517133956386021e-01
2.515395203941171998e-01
2.450191987249148717e-01
2.429906542056074759e-01
2.387162211113526000e-01
2.322683474606969667e-01
2.246613055132942183e-01
2.139389987683836536e-01
2.001738752445120229e-01
1.919872491487357447e-01
1.879301601101209807e-01
1.812649424038252632e-01
1.696008114178077231e-01
1.548214156342823944e-01
1.453307252046656395e-01
1.382308193870897262e-01
1.213504310657103763e-01
1.028761863363036877e-01
9.157429544301962099e-02
8.259074114322972893e-02
7.802651597478810208e-02
7.621531551112077640e-02
7.780917191914800413e-02
7.817141201188147759e-02
7.679489965949429231e-02
7.266536260233284750e-02
7.223067449105265159e-02
7.005723393465190796e-02
6.911540969354486308e-02
7.208577845395927608e-02
7.433166702890674216e-02
6.969499384191843450e-02
6.563790480330360111e-02
6.955009780482505899e-02
7.570817938129391356e-02
7.570817938129391356e-02
7.607041947402740090e-02
7.860610012316161799e-02
8.389480547707019176e-02
8.411214953271028971e-02
8.143157284648264160e-02
8.302542925450986933e-02
8.193870897630949057e-02
8.664783018184450680e-02
9.816706513076867147e-02
1.096138520611461276e-01
1.153372455263348417e-01
1.147576613779613258e-01
1.159168296747084131e-01
1.178004781569224058e-01
1.259146562341520170e-01
1.335216981815547099e-01
1.345359704412084356e-01
1.355502427008621336e-01
1.362747228863290250e-01
1.347533144968485197e-01
1.341012823299282952e-01
1.367818590161558878e-01
1.367818590161558878e-01
1.342461783670216569e-01
1.330870100702745695e-01
1.330145620517278748e-01
1.266391364196189084e-01
1.185974063609360196e-01
1.185974063609360196e-01
1.241034557704846913e-01
1.246830399188582073e-01
1.220749112511772816e-01
1.193218865464029665e-01
1.160617257118017887e-01
1.151923494892414662e-01
1.078750996160255105e-01
9.976092153879589919e-02
9.787727305658192045e-02
9.599362457436787233e-02
9.287835977686008382e-02
8.621314207056438028e-02
7.578062739984063600e-02
6.788379337825112270e-02
6.926030573063825246e-02
6.686952111859741088e-02
6.331956820980948197e-02
6.585524885894369906e-02
6.375425632108962237e-02
5.216257335361879077e-02
4.542490762877636479e-02
4.701876403680358557e-02
4.810548431500396432e-02
4.267188292400204974e-02
3.781786568137360249e-02
3.658624936607984823e-02
4.035354633050787510e-02
4.600449177714988069e-02
4.738100412953706597e-02
4.441063536912265297e-02
4.122292255306814895e-02
4.078823444178800856e-02
3.999130623777440163e-02
3.926682605230744777e-02
4.194740273853509588e-02
4.144026660870824691e-02
4.238209084981523628e-02
4.281677896109542525e-02
4.426573933202927746e-02
5.223502137216545771e-02
6.114612765340868283e-02
6.426139245091647134e-02
6.650728102586393742e-02
7.056437006447871529e-02
7.650510758530752742e-02
8.324277331014996728e-02
9.222632760993985934e-02
1.042526986886908730e-01
1.130913569513873895e-01
1.201912627689632890e-01
1.293197131058465565e-01
1.398971238136636763e-01
1.514888067811345496e-01
1.618488734333115853e-01
1.740201405491559605e-01
1.880750561472143423e-01
2.006085633557922188e-01
2.108237339708759206e-01
2.168369195102514135e-01
2.192277041222922551e-01
2.227776570310802118e-01
2.263276099398681407e-01
2.317612113308700483e-01
2.334999637759907209e-01
2.308918351083097953e-01
2.324132434977903006e-01
2.395131493153662416e-01
2.426284141128740024e-01
2.412519017604868032e-01
2.399478374266463265e-01
2.396580453524595755e-01
2.358907483880316180e-01
2.237919292907339375e-01
2.098094617112222227e-01
1.995942910961385208e-01
1.932188654640295544e-01
1.838006230529594665e-01
1.677896109541403835e-01
1.538795913931753911e-01
1.454756212417590289e-01
1.411287401289574861e-01
1.396073317394769253e-01
1.379410273129029751e-01
1.377236832572629466e-01
1.402593639063971498e-01
1.390277475911033955e-01
1.396797797580236478e-01
1.468521335941462003e-01
1.544591755415489209e-01
1.589509526914438808e-01
1.610519452292979714e-01
1.664130986017532676e-01
1.736579004564224871e-01
1.791639498659711727e-01
1.840904151271463007e-01
1.895240165181482084e-01
1.937260015938564173e-01
1.956820980946171185e-01
1.990871549663116580e-01
2.045932043758603436e-01
2.089400854886618863e-01
2.130696225458233728e-01
2.144461348982105164e-01
2.182858798811852519e-01
2.233572411794537416e-01
2.348040281098311977e-01
2.502354560602767508e-01
2.726943418097514393e-01
2.987756284865609180e-01
3.158009128450336989e-01
3.277548359052379623e-01
3.408679272621893408e-01
3.549952908787944450e-01
3.852061146127653268e-01
4.207056437006447824e-01
4.418604651162789665e-01
4.587408534376584690e-01
4.890965732087226847e-01
5.185104687386798972e-01
5.374194015793667401e-01
5.516916612330653447e-01
5.696587698326449622e-01
5.856697819314642395e-01
5.893646308773454745e-01
5.882054625805983594e-01
6.042164746794174146e-01
6.205172788524233596e-01
6.288488009852931659e-01
6.308048974860537284e-01
6.381221473592696425e-01
6.402231398971238718e-01
6.331232340795479585e-01
6.129102369050206667e-01
5.841483735419835677e-01
5.638629283489096089e-01
5.539375498080127969e-01
5.454611316380496566e-01
5.227849018329348008e-01
4.839527638919076113e-01
4.462797942476273150e-01
4.268637252771136370e-01
4.114322973266680838e-01
3.918713323190610720e-01
3.696297906252264398e-01
3.435485039484169612e-01
3.218865464029558310e-01
3.066724625081504452e-01
2.973266681156270241e-01
2.881257697601969925e-01
2.810258639426211347e-01
2.837788886473955330e-01
2.924002028544518961e-01
3.020357893211620404e-01
3.071795986379772248e-01
3.071071506194305023e-01
3.107295515467651259e-01
3.189161776425414319e-01
3.268130116641309590e-01
3.379700065203216086e-01
3.437658480040571285e-01
3.405781351880025620e-01
3.327537491849597573e-01
3.307252046656523614e-01
3.342027095558936511e-01
3.386944867057885555e-01
3.402158950952691163e-01
3.384771426501485547e-01
3.361588060566543801e-01
3.441280880967905742e-01
3.594146200101427380e-01
3.747011519234948462e-01
3.883213794102731709e-01
4.056364558429327305e-01
4.411359849308122416e-01
4.807650510758531559e-01
5.140911396073317707e-01
5.516192132145184557e-01
5.974788089545750580e-01
6.404404839527638726e-01
6.879663841193942586e-01
7.450554227341881219e-01
7.909150184742447243e-01
8.205462580598420486e-01
8.372817503441279952e-01
8.506846337752661524e-01
8.724190393392740051e-01
8.918351083097876275e-01
9.058900239078461203e-01
9.181337390422371625e-01
9.274070854162137501e-01
9.333478229370425483e-01
9.320437586032020993e-01
9.187133231906107200e-01
9.071940882416865692e-01
9.113236252988480279e-01
9.051655437223791179e-01
8.855321306962253836e-01
8.679997102079257676e-01
8.469173368108382505e-01
8.263420995435774019e-01
8.042454538868361036e-01
7.867130333985364876e-01
7.686734767804099810e-01
7.249873215967542750e-01
6.747808447438961021e-01
6.371803231181626392e-01
5.957400565094544964e-01
5.403173223212345277e-01
4.975729913786858249e-01
4.571469970296312968e-01
4.312830544084619855e-01
4.197638194595377792e-01
4.084619285662536847e-01
3.983192059697167053e-01
3.896254437441136198e-01
3.837571542418315440e-01
3.825255379265376510e-01
3.825979859450843734e-01
3.812939216112439245e-01
3.850612185756719930e-01
3.882489313917264484e-01
3.920886763747011283e-01
3.986089980439034841e-01
4.084619285662536847e-01
4.138955299572557034e-01
4.129537057161487001e-01
4.054915598058392856e-01
4.032456712308918334e-01
4.062160399913062325e-01
4.083894805477069623e-01
4.144751141056292054e-01
4.186046511627906641e-01
4.199087154966311131e-01
4.208505397377381163e-01
4.286024777222343096e-01
4.492501630080417141e-01
4.810548431500398237e-01
5.066289936970224117e-01
5.192349489241468996e-01
5.349561689487792870e-01
5.794392523364485514e-01
6.378323552850829747e-01
6.790552778381510057e-01
7.089038614793885529e-01
7.365065565456784258e-01
7.672969644280228652e-01
8.034485256828225452e-01
8.480040570890385876e-01
8.885749474751865051e-01
9.214663478953849518e-01
9.424762732739258020e-01
9.605882779105990865e-01
9.795696587698325963e-01
9.908715496631167463e-01
9.955806708686516515e-01
9.992030717959862196e-01
1.000000000000000000e+00
9.981887995363326604e-01
9.945663986089978703e-01
9.917409258856768606e-01
9.806563790480330445e-01
9.622545823371730922e-01
9.427660653481126918e-01
9.245091646743460734e-01
9.079185684271535717e-01
8.917626602912409606e-01
8.612620444830834110e-01
8.118524958342387965e-01
7.620807070926610693e-01
7.363616605085849809e-01
7.092661015721219986e-01
6.718104759834817585e-01
6.234151995942910363e-01
5.640802724045496097e-01
4.919220459320438610e-01
4.469318264145475950e-01
4.338911830761428834e-01
4.173005868289502152e-01
4.007099905817576024e-01
3.985365500253568727e-01
3.946243570238353593e-01
3.872346591320727227e-01
3.841193943345648787e-01
3.880315873360863921e-01
3.929580525972615201e-01
3.923060204303412957e-01
3.967977975802362001e-01
4.034630152865318342e-01
3.982467579511699829e-01
3.866550749836992207e-01
3.838296022603781554e-01
3.850612185756719930e-01
3.849163225385785481e-01
3.820184017967108714e-01
3.784684488879229147e-01
3.814388176483373694e-01
3.846989784829384917e-01
3.796276171846699743e-01
3.768021444613490201e-01
3.804245453886836437e-01
3.847714265014852142e-01
3.880315873360863921e-01
4.001304064333841004e-01
4.428747373759328032e-01
4.980076794899658821e-01
5.463305078606099929e-01
5.923349996377598181e-01
6.412374121567774310e-01
6.834746069694993542e-01
7.194812721872057004e-01
7.564297616460188278e-01
7.862783452872563750e-01
8.138810403535462479e-01
8.367021661957545486e-01
8.492356734043322586e-01
8.597406360936028502e-01
8.643048612620444215e-01
8.637977251322175309e-01
8.706802868941533324e-01
8.791567050641164727e-01
8.829964500470912636e-01
8.863290589002390529e-01
8.854596826776787166e-01
8.774904006375424670e-01
8.693037745417662165e-01
8.626385568354704159e-01
8.498877055712525941e-01
8.324277331014996451e-01
8.187350575961745980e-01
7.992465406071141976e-01
7.704846772440773206e-01
7.334637397667174152e-01
7.026733318843728648e-01
6.734043323915090973e-01
6.420343403607912114e-01
6.097949721075127671e-01
5.775556038542345449e-01
5.301021517061508259e-01
4.783742664638122588e-01
4.338911830761428834e-01
4.052742157501992293e-01
3.849163225385785481e-01
3.683981743099325468e-01
3.565891472868216727e-01
3.434760559298703497e-01
3.292762442947185786e-01
3.155111207708469201e-01
3.168876331232340915e-01
3.276823878866913509e-01
3.288415561834383549e-01
3.207273781062087714e-01
3.150039846410200295e-01
3.134101282329928018e-01
3.155111207708469201e-01
3.138448163442729699e-01
3.118887198435122965e-01
3.115989277693255177e-01
3.119611678620590189e-01
3.077591827863507268e-01
3.010215170615083702e-01
3.002245888574947008e-01
3.017459972469753171e-01
2.983409403752806943e-01
2.992103165978410861e-01
3.025429254509888755e-01
3.075418387307106705e-01
3.144968485111931944e-01
3.252916032746504538e-01
3.323915090922263116e-01
3.341302615373469287e-01
3.461566326160979146e-01
3.786857929435629710e-01
4.046221835832790048e-01
4.288922697964210884e-01
4.525827718611895589e-01
4.676519597189016664e-01
4.809099471129463788e-01
4.975005433601391580e-01
5.227124538143881338e-01
5.379265377091936307e-01
5.561834383829602491e-01
5.740056509454466438e-01
5.779902919655146576e-01
5.795117003549952184e-01
5.843657175976237905e-01
5.869013982467579105e-01
5.831341012823298975e-01
5.754546113163805376e-01
5.735709628341664201e-01
5.651669926827500579e-01
5.528508295298123487e-01
5.424183148590886461e-01
5.336521046149388381e-01
5.197420850539737902e-01
4.959791349706584862e-01
4.713468086647830124e-01
4.499021951749620496e-01
4.228790842570455677e-01
3.899152358183003986e-01
3.735419836267478422e-01
3.653553575309715362e-01
3.455046004491776901e-01
3.213069622545823290e-01
2.996450047091211988e-01
2.820401362022748604e-01
2.732739259581250524e-01
2.668985003260160860e-01
2.540027530247048193e-01
2.362529884807650915e-01
2.240817213649206885e-01
2.174165036586249156e-01
2.135043106571035132e-01
2.060421647467941819e-01
1.978555386510179037e-01
1.911178729261754916e-01
1.812649424038252632e-01
1.727160762153155116e-01
1.706875316960080879e-01
1.717018039556617859e-01
1.673549228428602709e-01
1.604723610809244416e-01
1.538071433746286687e-01
1.515612547996812165e-01
1.517785988553213006e-01
1.477215098167065366e-01
1.446062450191987481e-01
1.467796855755994778e-01
1.474317177425197301e-01
1.435919727595450224e-01
1.382308193870897262e-01
1.329421140331812079e-01
1.306962254582337002e-01
1.329421140331812079e-01
1.368543070347026103e-01
1.390277475911033955e-01
1.475041657610664247e-01
1.640947620082590930e-01
1.715569079185684243e-01
1.760486850684633842e-01
1.806129102369050388e-01
1.870607838875606999e-01
1.928566253712960810e-01
1.958994421502572025e-01
2.008983554299789975e-01
2.070564370064478521e-01
2.116931101934362014e-01
2.125624864159965377e-01
2.116206621748895345e-01
2.114033181192494504e-01
2.067666449322611011e-01
2.035064840976599232e-01
2.031442440049264497e-01
2.037962761718466742e-01
1.992320510034050474e-01
1.951025139462435332e-01
1.959718901688038695e-01
1.880026081286677031e-01
1.803955661812649269e-01
1.761935811055567735e-01
1.760486850684633842e-01
1.742374846047960724e-01
1.653263783235528472e-01
1.564877200608563168e-01
1.526479750778816369e-01
1.491704701876403749e-01
1.401144678693037604e-01
1.272187205679924660e-01
1.151199014706947993e-01
1.105556763022531169e-01
1.072955154676519390e-01
1.043975947257842485e-01
1.024414982250235473e-01
9.744258494530172454e-02
9.157429544301962099e-02
8.983554299789901776e-02
8.027240454973555428e-02
7.150619430558576017e-02
6.947764978627833654e-02
6.469608056219661174e-02
5.904513511555460614e-02
5.708903861479390496e-02
5.513294211403320377e-02
4.796058827791058188e-02
4.745345214808372597e-02
5.151054118669855936e-02
4.832282837064405534e-02
4.296167499818880769e-02
4.354125914656232360e-02
4.165761066434833793e-02
3.593421719915961682e-02
3.702093747735998863e-02
4.071578642324134856e-02
4.477287546185612643e-02
5.107585307541837039e-02
6.056654350503511836e-02
6.904296167499821002e-02
7.172353836122580262e-02
6.839092950807797167e-02
6.549300876621022560e-02
6.868072158226472268e-02
7.737448380786786373e-02
8.353256538433671829e-02
8.628559008911103334e-02
9.012533507208578265e-02
9.512424835180760541e-02
1.010649858726363620e-01
1.094689560240527382e-01
1.146127653408679503e-01
1.217126711584438081e-01
1.253350720857784317e-01
1.236687676592045093e-01
1.237412156777512179e-01
1.296819531985800300e-01
1.323625298848076226e-01
1.346808664783017973e-01
1.325074259219010120e-01
1.327247699775410961e-01
1.333768021444613483e-01
1.340288343113815728e-01
1.327972179960878185e-01
1.348982105339419091e-01
1.395348837209302584e-01
1.464898935014127268e-01
1.516337028182279389e-01
1.537346953560820018e-01
1.538071433746286687e-01
1.491704701876403749e-01
1.461276534086792533e-01
1.475766137796130917e-01
1.432297326668115489e-01
1.361298268492356633e-01
1.325798739404477344e-01
1.255524161414185436e-01
1.202637107875099559e-01
1.144678693037745609e-01
1.067883793378250901e-01
9.410997609215389359e-02
8.143157284648264160e-02
7.817141201188147759e-02
7.715713975222776577e-02
7.338984278779973891e-02
6.983988987901182388e-02
6.875316960081138962e-02
7.266536260233284750e-02
7.665000362240091680e-02
7.281025863942622300e-02
6.578280084039703213e-02
6.382670433963633094e-02
6.817358545243787371e-02
7.375208288053321237e-02
7.295515467651961239e-02
6.513076867347680765e-02
6.628993697022389497e-02
7.244801854669274954e-02
7.447656306600017317e-02
7.411432297326669971e-02
7.433166702890674216e-02
7.751937984496123923e-02
8.302542925450986933e-02
8.940085488661882185e-02
9.063247120191263162e-02
9.084981525755272957e-02
9.947112946460914817e-02
1.125842208215605267e-01
1.241034557704846913e-01
1.303339853655002545e-01
1.399695718322103988e-01
1.522857349851481634e-01
1.584438165616170180e-01
1.661957545461131835e-01
1.776425414764906119e-01
1.897413605737882925e-01
1.988698109106715739e-01
2.044483083387668987e-01
2.069839889879011852e-01
2.160399913062377997e-01
2.262551619213214460e-01
2.338622038687241944e-01
2.336448598130841381e-01
2.341519959429109454e-01
2.404549735564732449e-01
2.434253423168876440e-01
2.453814388176483452e-01
2.462508150402086260e-01
2.445845106136347036e-01
2.444396145765413697e-01
2.486415996522495231e-01
2.457436789103818187e-01
2.365427805549518425e-01
2.325581395348837177e-01
2.311091791639498239e-01
2.337173078316307495e-01
2.332101717018039699e-01
2.279214663478953684e-01
2.138665507498369867e-01
2.010432514670723592e-01
1.932913134825762214e-01
1.818445265521987653e-01
1.693110193436209721e-01
1.622111135260450587e-01
1.546040715786423381e-01
1.378685792943563082e-01
1.261320002897920456e-01
1.246830399188582073e-01
1.249003839744983052e-01
1.215677751213504187e-01
1.095414040425994606e-01
9.671810475983483313e-02
9.164674346156634344e-02
8.831413460841845697e-02
8.505397377381729296e-02
8.425704556980367910e-02
8.027240454973555428e-02
7.875099616025499349e-02
7.766427588205461474e-02
7.266536260233284750e-02
7.041947402738533979e-02
7.056437006447871529e-02
6.976744186046510143e-02
6.694196913714411945e-02
6.368180830254289992e-02
6.281243207998263300e-02
6.165326378323553874e-02
6.165326378323553874e-02
6.273998406143591056e-02
6.027675143084836040e-02
5.976961530102150449e-02
6.447873650655656930e-02
6.860827356371801411e-02
6.940520176773162797e-02
7.686734767804100088e-02
8.592334999637761539e-02
9.316815185104684871e-02
1.005578497428095130e-01
1.122944287473737757e-01
1.322900818662609557e-01
1.401144678693037604e-01
1.348257625153951866e-01
1.375063392016228347e-01
1.474317177425197301e-01
1.543867275230022540e-01
1.559081359124828148e-01
1.573570962834166531e-01
1.606897051365644979e-01
1.646743461566325950e-01
1.654712743606462089e-01
1.653263783235528472e-01
1.664130986017532676e-01
1.654712743606462089e-01
1.670651307686734921e-01
1.663406505832065452e-01
1.708324277331015328e-01
1.730058682895022626e-01
1.685140911396073582e-01
1.598927769325508841e-01
1.584438165616170180e-01
1.519234948924146900e-01
1.454756212417590289e-01
1.431572846482648542e-01
1.375787872201695017e-01
1.302615373469535598e-01
1.219300152140838922e-01
1.138882851554010034e-01
1.085995798014924157e-01
1.025863942621169367e-01
9.548648844454102336e-02
8.969064696080564225e-02
8.461928566253715256e-02
8.019995653118888734e-02
7.454901108454682623e-02
6.882561761935811206e-02
5.991451133811488000e-02
5.426356589147287440e-02
5.281460552053902913e-02
5.462580598420634787e-02
4.962689270448452511e-02
4.259943490545533423e-02
3.897703397812068982e-02
3.658624936607984823e-02
4.042599434905453509e-02
4.549735564732302479e-02
4.535245961022964928e-02
4.622183583278997865e-02
4.252698688690866730e-02
3.752807360718684454e-02
3.499239295805257194e-02
3.644135332898647273e-02
3.962906614504092123e-02
4.165761066434833793e-02
4.020865029341449265e-02
4.028109831196115959e-02
3.999130623777440163e-02
3.651380134753313272e-02
3.231181627182497240e-02
3.578932116206623437e-02
3.651380134753313272e-02
3.448525682822577154e-02
3.629645729189309028e-02
3.789031369992031800e-02
3.890458595957402288e-02
4.006375425632111020e-02
3.883213794102730737e-02
3.897703397812068982e-02
4.201985075708181139e-02
4.716366007389696802e-02
4.441063536912265297e-02
3.810765775556036045e-02
3.354343258711872666e-02
3.281895240165182831e-02
3.470260088386581399e-02
3.593421719915961682e-02
3.368832862421210911e-02
3.006592769687751326e-02
2.767514308483662311e-02
2.941389552995727838e-02
3.289140042019849525e-02
3.035571977106427122e-02
2.079258132290081121e-02
1.296819531985800820e-02
1.637325219155255640e-02
2.173440556400780752e-02
2.513946243570240255e-02
2.216909367528799302e-02
1.521408389480546908e-02
7.317249873215950565e-03
1.014272259653697938e-02
2.158950952691442507e-02
2.810983119611676351e-02
2.521191045424906949e-02
2.260378178656813342e-02
2.260378178656813342e-02
2.209664565674128098e-02
2.463232630587555011e-02
2.789248714047671759e-02
3.006592769687751326e-02
3.129754401217126752e-02
2.506701441715569051e-02
2.245888574947475444e-02
2.673331884372963027e-02
2.731290299210314965e-02
2.550170252843582744e-02
2.970368760414403980e-02
2.839962327030357003e-02
1.941606897051368144e-02
1.528653191335218285e-02
1.898138085923349247e-02
2.340070999058174728e-02
2.427008621314207665e-02
2.477722234296892909e-02
2.695066289936972476e-02
3.144244004926464303e-02
3.390567267985220012e-02
3.571687314351951886e-02
3.122509599362455202e-02
2.651597478808953579e-02
2.876186336303704696e-02
3.441280880967905603e-02
3.781786568137360249e-02
3.846989784829383391e-02
3.861479388538721635e-02
4.078823444178800856e-02
4.296167499818880769e-02
4.955444468593785817e-02
5.614721437368686008e-02
5.947982322683474654e-02
6.331956820980948197e-02
6.440628848800984685e-02
6.585524885894369906e-02
7.259291458378612505e-02
8.099688473520250120e-02
8.693762225603132721e-02
9.070491922045934019e-02
9.193653553575309445e-02
8.954575092371225287e-02
8.795189451568498351e-02
9.019778309063249122e-02
9.353039194378032217e-02
1.026588422806636453e-01
1.075128595232920370e-01
1.031659784104904526e-01
1.022966021879301718e-01
1.059190031152648093e-01
1.101209881909729765e-01
1.135984930812142385e-01
1.114250525248134394e-01
1.057741070781714338e-01
1.051945229297978623e-01
1.058465550967181007e-01
1.050496268927044868e-01
9.852930522350214493e-02
9.563138448163439886e-02
8.983554299789901776e-02
8.157646888357601711e-02
7.404187495471997726e-02
7.172353836122580262e-02
6.824603347098459616e-02
6.295732811707600851e-02
5.781351880026080331e-02
5.093095703832498794e-02
4.578714772150983825e-02
3.926682605230744777e-02
3.535463305078604540e-02
3.477504890241252949e-02
3.231181627182497240e-02
2.484967036151559602e-02
1.919872491487358696e-02
1.927117293342025042e-02
2.390784612040859972e-02
2.673331884372963027e-02
2.383539810186193625e-02
2.354560602767512625e-02
2.369050206476850870e-02
2.803738317757009657e-02
2.796493515902338453e-02
2.187930160110123506e-02
2.586394262116930090e-02
3.347098456857205973e-02
3.289140042019849525e-02
3.071795986379774815e-02
3.180468014199811649e-02
3.578932116206623437e-02
4.057089038614791754e-02
4.477287546185612643e-02
4.955444468593785817e-02
5.107585307541837039e-02
4.868506846337752880e-02
4.940954864884447573e-02
5.411866985437949196e-02
5.571252626240671968e-02
6.063899152358183386e-02
6.411649641382309583e-02
6.281243207998263300e-02
6.918785771209158553e-02
7.585307541838730294e-02
8.106933275374916814e-02
8.824168658987179004e-02
9.686300079692820864e-02
1.020068101137434069e-01
1.046873867999710134e-01
1.038904585959573995e-01
1.002680576686227620e-01
1.035282185032239261e-01
1.067159313192784231e-01
1.128740128957472916e-01
1.172208940085488760e-01
1.175831341012823078e-01
1.164964138230819291e-01
1.199014706947764825e-01
1.241034557704846913e-01
1.263493443454321574e-01
1.241034557704846913e-01
1.202637107875099559e-01
1.183076142867492547e-01
1.135984930812142385e-01
1.022241541693834493e-01
9.092226327609938263e-02
8.505397377381729296e-02
8.708251829312470271e-02
8.360501340288344074e-02
7.860610012316161799e-02
7.208577845395927608e-02
6.679707310005068843e-02
6.549300876621022560e-02
5.897268709700789063e-02
5.477070202129973031e-02
5.223502137216545771e-02
4.730855611099035046e-02
4.201985075708181139e-02
3.904948199666740533e-02
3.600666521770628375e-02
3.549952908787942785e-02
3.846989784829383391e-02
3.926682605230744777e-02
3.622400927334637477e-02
3.383322466130553319e-02
3.600666521770628375e-02
3.738317757009346209e-02
3.593421719915961682e-02
3.593421719915961682e-02
3.586176918061290131e-02
3.426791277258567359e-02
3.984641020068101919e-02
4.057089038614791754e-02
2.716800695500977067e-02
2.499456639860902357e-02
2.825472723321019106e-02
2.695066289936972476e-02
2.216909367528799302e-02
1.738752445120626475e-02
1.383757154241833584e-02
1.688038832137940884e-02
1.832934869231325758e-02
1.847424472940663656e-02
1.173657900456420711e-02
1.224371513439105955e-02
1.825690067376659065e-02
1.550387596899222876e-02
1.456205172788523593e-02
1.970586104470043939e-02
2.455987828732883460e-02
2.919655147431718389e-02
3.252916032746507036e-02
3.477504890241252949e-02
3.861479388538721635e-02
4.643917988843006966e-02
4.730855611099035046e-02
4.904730855611100226e-02
5.882779105991450819e-02
6.158081576468882323e-02
5.578497428095343519e-02
5.107585307541837039e-02
5.078606100123161243e-02
5.151054118669855936e-02
4.890241251901762676e-02
4.854017242628415330e-02
4.585959574005649825e-02
4.390349923929579706e-02
4.535245961022964928e-02
4.144026660870824691e-02
3.962906614504092123e-02
4.187495471998838731e-02
4.556980366586974029e-02
4.201985075708181139e-02
4.049844236760125060e-02
4.419329131348256195e-02
4.571469970296312274e-02
4.245453886836195179e-02
3.578932116206623437e-02
3.397812069839891563e-02
3.600666521770628375e-02
3.977396218213430368e-02
3.789031369992031800e-02
3.571687314351951886e-02
3.651380134753313272e-02
3.564442512497285886e-02
3.310874447583858626e-02
2.984858364123741878e-02
2.999347967833079776e-02
3.021082373397089224e-02
3.347098456857205973e-02
3.405056871694558257e-02
3.209447221618488139e-02
2.803738317757009657e-02
3.050061580815765366e-02
3.339853655002534422e-02
3.136999203071798303e-02
2.738535101064986516e-02
3.079040788234441162e-02
2.818227921466347902e-02
2.166195754546114058e-02
2.318336593494170136e-02
2.926899949286385083e-02
3.528218503223938540e-02
3.564442512497285886e-02
3.738317757009346209e-02
4.020865029341449265e-02
3.948417010794754572e-02
3.441280880967905603e-02
3.405056871694558257e-02
3.731072955154674659e-02
3.919437803376078777e-02
4.259943490545533423e-02
4.252698688690866730e-02
3.919437803376078777e-02
3.933927407085416328e-02
3.549952908787942785e-02
3.325364051293196871e-02
3.752807360718684454e-02
4.346881112801566360e-02
4.317901905382889871e-02
4.158516264580162242e-02
4.035354633050787510e-02
3.622400927334637477e-02
3.274650438310511280e-02
3.680359342171989762e-02
3.571687314351951886e-02
3.100775193798450610e-02
3.231181627182497240e-02
3.368832862421210911e-02
3.057306382670431713e-02
2.919655147431718389e-02
3.412301673549229808e-02
3.050061580815765366e-02
2.738535101064986516e-02
2.615373469535606232e-02
2.448743026878217113e-02
2.774759110338333862e-02
3.216692023473159689e-02
3.383322466130553319e-02
3.463015286531914705e-02
2.738535101064986516e-02
1.934362095196696593e-02
1.883648482214011002e-02
1.760486850684635923e-02
1.738752445120626475e-02
1.840179671085997309e-02
1.977830906324710633e-02
2.209664565674128098e-02
2.340070999058174728e-02
2.463232630587555011e-02
2.354560602767512625e-02
2.209664565674128098e-02
2.187930160110123506e-02
1.622835615445917742e-02
9.997826559443600408e-03
1.267840324567124852e-02
1.774976454393973821e-02
2.202419763819461404e-02
2.651597478808953579e-02
2.528435847279578153e-02
2.289357386075489484e-02
2.050278924871405326e-02
2.144461348982104609e-02
2.637107875099615681e-02
3.035571977106427122e-02
3.035571977106427122e-02
2.992103165978408572e-02
3.702093747735998863e-02
4.107802651597477345e-02
3.796276171846698494e-02
4.223719481272186077e-02
4.629428385133668722e-02
4.636673186988335416e-02
4.274433094254870974e-02
4.281677896109542525e-02
4.600449177714988069e-02
5.114830109396508590e-02
5.078606100123161243e-02
5.165543722379194180e-02
5.382887778019273400e-02
5.498804607693977275e-02
5.795841483735417882e-02
6.484097659928998725e-02
6.650728102586393742e-02
6.752155328551763536e-02
7.592552343693401151e-02
8.331522132869667585e-02
8.302542925450986933e-02
8.411214953271028971e-02
8.758965442295155168e-02
8.708251829312470271e-02
8.454683764399043011e-02
8.599579801492428233e-02
8.505397377381729296e-02
7.665000362240091680e-02
7.128885024994566222e-02
7.020212997174529734e-02
6.476852858074333419e-02
6.129102369050206528e-02
5.991451133811488000e-02
5.346663768745926054e-02
4.839527638919077085e-02
4.998913279721799857e-02
4.955444468593785817e-02
4.470042744330941092e-02
4.115047453452148896e-02
4.122292255306814895e-02
4.173005868289500486e-02
4.107802651597477345e-02
3.499239295805257194e-02
2.673331884372963027e-02
1.818445265521987861e-02
2.043034123016733775e-02
2.332826197203508034e-02
2.006810113743391286e-02
1.666304426573931782e-02
1.528653191335218285e-02
1.289574730131129443e-02
1.224371513439105955e-02
1.717018039556617026e-02
2.115482141563428814e-02
2.303846989784827382e-02
1.890893284068682553e-02
1.637325219155255640e-02
1.745997246975292821e-02
1.333043541259148167e-02
9.708034485256840720e-03
1.050496268927045285e-02
1.601101209881908294e-02
1.919872491487358696e-02
1.427225965369847624e-02
1.579366804317903702e-02
1.738752445120626475e-02
2.057523726726071672e-02
2.296602187930160688e-02
2.818227921466347902e-02
3.086285590089112713e-02
2.369050206476850870e-02
2.173440556400780752e-02
2.398029413895531523e-02
2.905165543722380492e-02
2.557415054698254295e-02
2.231398971238137546e-02
2.057523726726071672e-02
1.448960370933857073e-02
1.007027457799031418e-02
1.412736361660509553e-02
2.325581395348836830e-02
1.999565311888720082e-02
1.209881909729768057e-02
1.275085126421791372e-02
1.890893284068682553e-02
2.129971745272766712e-02
2.579149460262263743e-02
3.318119249438530177e-02
3.622400927334637477e-02
3.839744982974717391e-02
3.991885821922768612e-02
4.049844236760125060e-02
4.057089038614791754e-02
3.825255379265379146e-02
3.470260088386581399e-02
3.281895240165182831e-02
3.781786568137360249e-02
4.165761066434833793e-02
4.658407592552345211e-02
5.122074911251175283e-02
5.027892487140475652e-02
5.049626892704485448e-02
4.709121205535030108e-02
4.078823444178800856e-02
3.571687314351951886e-02
3.549952908787942785e-02
3.680359342171989762e-02
3.332608853147868422e-02
2.854451930739695248e-02
3.042816778961093815e-02
2.868941534449033146e-02
2.586394262116930090e-02
2.724045497355648271e-02
3.151488806781135854e-02
3.151488806781135854e-02
2.571904658407592192e-02
2.202419763819461404e-02
2.484967036151559602e-02
2.658842280663625129e-02
2.463232630587555011e-02
2.492211838006230806e-02
2.325581395348836830e-02
2.043034123016733775e-02
2.144461348982104609e-02
2.137216547127437916e-02
1.934362095196696593e-02
1.927117293342025042e-02
2.115482141563428814e-02
1.890893284068682553e-02
1.651814822864593538e-02
1.463449974643194970e-02
1.260595522712453474e-02
1.144678693037744742e-02
1.057741070781711805e-02
1.550387596899222876e-02
1.782221256248640515e-02
1.079475476345721253e-02
7.824386003042804738e-03
7.317249873215950565e-03
6.810113743389096391e-03
9.128450336883271038e-03
1.130189089328406671e-02
8.838658262696511350e-03
9.128450336883271038e-03
7.679489965949424027e-03
5.071361298268489692e-03
4.709121205535015363e-03
5.433601391001964022e-03
4.274433094254875831e-03
1.376512352387157306e-03
7.244801854668992194e-05
8.403970151416372686e-03
1.405491559805838175e-02
1.325798739404476789e-02
1.180902702311092088e-02
1.448960370933857073e-02
1.586611606172570396e-02
1.296819531985800820e-02
1.144678693037744742e-02
1.202637107875101537e-02
7.607041947402758825e-03
2.753024704774314612e-03
7.534593928856045050e-03
1.673549228428602986e-02
1.630080417300588946e-02
1.144678693037744742e-02
9.128450336883271038e-03
9.490690429616746235e-03
1.159168296747082640e-02
9.345794392523365524e-03
8.403970151416372686e-03
1.499673983916542316e-02
1.630080417300588946e-02
8.186626095776278200e-03
3.912193001521402369e-03
1.883648482214011263e-03
1.593856408027251575e-03
0.000000000000000000e+00
2.245888574947485158e-03
4.564225168441635519e-03
8.259074114322991975e-03
1.289574730131129443e-02
1.832934869231325758e-02
2.369050206476850870e-02
2.506701441715569051e-02
2.484967036151559602e-02
2.187930160110123506e-02
1.702528435847279129e-02
1.485184380207199561e-02
1.543142795044556356e-02
1.419981163515176073e-02
1.050496268927045285e-02
7.172353836122570721e-03
9.997826559443600408e-03
1.463449974643194970e-02
1.419981163515176073e-02
8.331522132869658911e-03
9.200898355429986547e-03
1.427225965369847624e-02
1.318553937549810269e-02
1.572122002463232152e-02
1.883648482214011002e-02
1.818445265521987861e-02
1.354777946823152758e-02
1.622835615445917742e-02
2.224154169383465995e-02
2.912410345577047185e-02
2.818227921466347902e-02
2.629863073244948987e-02
2.463232630587555011e-02
2.376295008331522074e-02
2.637107875099615681e-02
2.948634354850394532e-02
2.738535101064986516e-02
2.695066289936972476e-02
2.542925450988916397e-02
2.651597478808953579e-02
3.332608853147868422e-02
3.586176918061290131e-02
3.803520973701370045e-02
3.941172208940087879e-02
3.644135332898647273e-02
3.397812069839891563e-02
3.470260088386581399e-02
3.745562558864012903e-02
3.926682605230744777e-02
3.557197710642614336e-02
2.745779902919652862e-02
2.521191045424906949e-02
2.948634354850394532e-02
3.296384843874521076e-02
3.839744982974717391e-02
4.281677896109542525e-02
4.556980366586974029e-02
4.549735564732302479e-02
3.760052162573356005e-02
3.209447221618488139e-02
3.745562558864012903e-02
4.165761066434833793e-02
3.789031369992031800e-02
3.310874447583858626e-02
3.028327175251755918e-02
2.984858364123741878e-02
2.970368760414403980e-02
3.151488806781135854e-02
3.557197710642614336e-02
3.904948199666740533e-02
3.593421719915961682e-02
2.724045497355648271e-02
2.035789321162067428e-02
1.666304426573931782e-02
1.774976454393973821e-02
2.332826197203508034e-02
2.615373469535606232e-02
2.093747735999419365e-02
1.586611606172570396e-02
1.709773237701950332e-02
1.637325219155255640e-02
1.905382887778020451e-02
2.253133376802146995e-02
2.100992537854090569e-02
1.869158878504673105e-02
1.803955661812649963e-02
1.702528435847279129e-02
1.680794030283269680e-02
1.869158878504673105e-02
1.311309135695138892e-02
1.448960370933857073e-02
1.934362095196696593e-02
2.006810113743391286e-02
2.122726943418095161e-02
2.100992537854090569e-02
2.238643773092803893e-02
2.586394262116930090e-02
2.941389552995727838e-02
2.948634354850394532e-02
2.753024704774324413e-02
2.818227921466347902e-02
3.057306382670431713e-02
3.122509599362455202e-02
3.158733608635802548e-02
3.165978410490474099e-02
3.064551184525103264e-02
3.231181627182497240e-02
3.665869738462651517e-02
3.745562558864012903e-02
3.803520973701370045e-02
4.245453886836195179e-02
4.332391509092228116e-02
4.216474679417519383e-02
4.245453886836195179e-02
3.991885821922768612e-02
3.796276171846698494e-02
4.100557849742810651e-02
3.846989784829383391e-02
3.274650438310511280e-02
3.760052162573356005e-02
4.477287546185612643e-02
4.477287546185612643e-02
4.767079620372382393e-02
5.078606100123161243e-02
4.723610809244368353e-02
4.441063536912265297e-02
3.955661812649426123e-02
3.789031369992031800e-02
4.006375425632111020e-02
4.484532348040279337e-02
4.759834818517715699e-02
4.571469970296312274e-02
4.506266753604289133e-02
4.600449177714988069e-02
4.788814025936391494e-02
4.419329131348256195e-02
4.201985075708181139e-02
4.252698688690866730e-02
3.680359342171989762e-02
3.064551184525103264e-02
2.651597478808953579e-02
2.984858364123741878e-02
2.745779902919652862e-02
2.093747735999419365e-02
1.869158878504673105e-02
2.079258132290081121e-02
2.238643773092803893e-02
1.883648482214011002e-02
1.579366804317903702e-02
1.745997246975292821e-02
2.086502934144752672e-02
2.021299717452729183e-02
1.934362095196696593e-02
2.209664565674128098e-02
2.325581395348836830e-02
2.100992537854090569e-02
2.550170252843582744e-02
3.180468014199811649e-02
3.499239295805257194e-02
3.013837571542418020e-02
2.687821488082300925e-02
2.245888574947475444e-02
1.883648482214011002e-02
1.782221256248640515e-02
1.847424472940663656e-02
2.144461348982104609e-02
2.267622980511484893e-02
2.158950952691442507e-02
2.311091791639498932e-02
2.774759110338333862e-02
2.680576686227629721e-02
2.224154169383465995e-02
2.260378178656813342e-02
2.796493515902338453e-02
3.180468014199811649e-02
2.593639063971601641e-02
2.064768528580743223e-02
2.202419763819461404e-02
2.195174961964789853e-02
2.050278924871405326e-02
2.173440556400780752e-02
1.825690067376659065e-02
1.448960370933857073e-02
1.688038832137940884e-02
1.898138085923349247e-02
1.970586104470043939e-02
2.427008621314207665e-02
2.398029413895531523e-02
2.332826197203508034e-02
2.897920741867708941e-02
3.347098456857205973e-02
3.405056871694558257e-02
3.557197710642614336e-02
3.658624936607984823e-02
3.426791277258567359e-02
2.745779902919652862e-02
2.361805404622184176e-02
2.753024704774324413e-02
3.289140042019849525e-02
2.912410345577047185e-02
2.832717525175685799e-02
3.136999203071798303e-02
3.129754401217126752e-02
3.216692023473159689e-02
3.376077664275881768e-02
3.136999203071798303e-02
2.731290299210314965e-02
2.484967036151559602e-02
2.253133376802146995e-02
2.072013330435414774e-02
2.441498225023545562e-02
2.622618271390277783e-02
2.644352676954286885e-02
2.637107875099615681e-02
2.890675940013042594e-02
3.057306382670431713e-02
3.187712816054483200e-02
2.695066289936972476e-02
1.927117293342025042e-02
2.072013330435414774e-02
2.513946243570240255e-02
2.629863073244948987e-02
2.173440556400780752e-02
1.695283633992612435e-02
1.876403680359344656e-02
2.028544519307395877e-02
1.717018039556617026e-02
1.651814822864593538e-02
2.115482141563428814e-02
2.535680649134244846e-02
2.955879156705066083e-02
3.267405636455844586e-02
3.129754401217126752e-02
2.709555893646310373e-02
2.673331884372963027e-02
2.513946243570240255e-02
3.035571977106427122e-02
3.904948199666740533e-02
4.057089038614791754e-02
4.100557849742810651e-02
3.955661812649426123e-02
3.803520973701370045e-02
4.057089038614791754e-02
4.549735564732302479e-02
4.658407592552345211e-02
4.332391509092228116e-02
4.433818735057593746e-02
4.752590016663044148e-02
4.259943490545533423e-02
3.948417010794754572e-02
4.107802651597477345e-02
4.701876403680358557e-02
4.600449177714988069e-02
4.259943490545533423e-02
3.941172208940087879e-02
3.361588060566544217e-02
2.608128667680939539e-02
2.455987828732883460e-02
2.303846989784827382e-02
2.434253423168874012e-02
2.796493515902338453e-02
2.854451930739695248e-02
2.441498225023545562e-02
1.477939578352533041e-02
1.470694776497861490e-02
2.050278924871405326e-02
2.289357386075489484e-02
2.057523726726071672e-02
1.803955661812649963e-02
1.709773237701950332e-02
1.832934869231325758e-02
2.340070999058174728e-02
2.695066289936972476e-02
2.716800695500977067e-02
2.629863073244948987e-02
1.760486850684635923e-02
1.427225965369847624e-02
1.840179671085997309e-02
2.180685358255451956e-02
2.361805404622184176e-02
2.347315800912846279e-02
2.340070999058174728e-02
2.600883865826268335e-02
2.774759110338333862e-02
2.666087082518291476e-02
2.963123958559732429e-02
2.999347967833079776e-02
2.680576686227629721e-02
2.463232630587555011e-02
2.282112584220822790e-02
2.832717525175685799e-02
2.955879156705066083e-02
2.340070999058174728e-02
2.289357386075489484e-02
2.992103165978408572e-02
3.136999203071798303e-02
2.608128667680939539e-02
2.332826197203508034e-02
1.985075708179381837e-02
1.869158878504673105e-02
2.448743026878217113e-02
2.340070999058174728e-02
2.579149460262263743e-02
3.064551184525103264e-02
2.839962327030357003e-02
3.079040788234441162e-02
3.376077664275881768e-02
3.463015286531914705e-02
3.861479388538721635e-02
3.789031369992031800e-02
3.289140042019849525e-02
3.281895240165182831e-02
3.658624936607984823e-02
3.825255379265379146e-02
4.136781859016157997e-02
3.875968992248064737e-02
3.252916032746507036e-02
2.948634354850394532e-02
3.455770484677243154e-02
3.854234586684054942e-02
3.781786568137360249e-02
4.100557849742810651e-02
4.216474679417519383e-02
4.585959574005649825e-02
5.049626892704485448e-02
5.143809316815184385e-02
4.846772440773743779e-02
4.455553140621603542e-02
4.201985075708181139e-02
4.122292255306814895e-02
3.970151416358763674e-02
3.709338549590670414e-02
3.520973701369266989e-02
3.520973701369266989e-02
4.049844236760125060e-02
3.926682605230744777e-02
3.796276171846698494e-02
3.955661812649426123e-02
3.455770484677243154e-02
2.854451930739695248e-02
2.724045497355648271e-02
3.223936825327825689e-02
3.709338549590670414e-02
4.173005868289500486e-02
4.491777149894950888e-02
4.339636310946894809e-02
3.347098456857205973e-02
