9.726567813902869952e-02
9.597333696095769473e-02
9.719766018228813420e-02
9.624540878792001153e-02
9.726567813902869952e-02
9.774180383621276780e-02
9.345667256155626434e-02
9.685757039858525208e-02
1.020949530676098366e-01
1.037273840293837790e-01
1.020269351108692713e-01
1.061080125153040649e-01
1.112773772275880979e-01
1.132498979730649225e-01
1.088287307849272328e-01
1.046116174670113086e-01
1.046116174670113086e-01
1.093048564821113011e-01
1.120255747517344691e-01
1.086246769147054952e-01
1.100530540062576446e-01
1.095089103523330110e-01
1.038634199428649235e-01
1.002584682356142259e-01
9.903414501428378647e-02
9.814991157665625687e-02
1.016868453271663891e-01
1.069922459529315806e-01
1.107332335736634504e-01
1.140661134539518728e-01
1.120935927084750483e-01
1.046796354237518739e-01
1.011427016732417555e-01
1.056318868181199966e-01
1.137260236702489491e-01
1.136580057135083699e-01
1.088967487416678120e-01
1.076044075635967934e-01
1.095089103523330110e-01
1.086926948714460606e-01
1.028431505917562216e-01
9.529315739355191661e-02
9.910216297102435179e-02
1.012787375867228862e-01
9.692558835532581740e-02
9.651748061488232833e-02
1.003264861923548051e-01
9.801387566317508460e-02
9.835396544687796672e-02
9.876207318732146967e-02
9.883009114406203499e-02
9.957828866820842006e-02
1.014147735002040723e-01
1.026390967215345118e-01
1.035233301591620414e-01
1.019589171541287059e-01
9.869405523058089047e-02
9.767378587947220248e-02
1.008026118895388595e-01
1.020269351108692713e-01
1.033192762889402899e-01
9.712964222554756888e-02
8.971568494082439449e-02
9.481703169636784834e-02
1.033192762889402899e-01
1.014827914569446377e-01
9.862603727384028351e-02
1.027751326350156563e-01
1.011427016732417555e-01
9.651748061488232833e-02
9.944225275472723391e-02
1.027071146782750771e-01
1.039994558563460958e-01
1.044755815535301224e-01
1.067881920827098430e-01
1.108012515304040296e-01
1.158345803292069182e-01
1.122976465786967859e-01
1.088287307849272328e-01
1.086926948714460606e-01
1.078084614338185449e-01
1.079444973472997171e-01
1.063800843422663817e-01
1.061080125153040649e-01
1.116174670112909800e-01
1.165827778533532894e-01
1.122296286219562206e-01
1.116174670112909800e-01
1.101890899197388168e-01
1.103251258332199614e-01
1.106652156169228851e-01
1.119575567949939038e-01
1.128417902326214195e-01
1.086246769147054952e-01
1.070602639096721598e-01
1.101890899197388168e-01
1.169228676370561854e-01
1.200516936471228424e-01
1.133859338865460531e-01
1.063800843422663817e-01
1.093048564821113011e-01
1.137260236702489491e-01
1.165147598966127240e-01
1.186913345123112584e-01
1.172629574207591091e-01
1.062440484287852094e-01
1.016868453271663891e-01
1.086926948714460606e-01
1.214800707386750334e-01
1.265814174942185011e-01
1.204598013875663454e-01
1.179431369881648733e-01
1.248129506189634141e-01
1.289620459801387731e-01
1.275336688885865821e-01
1.171949394640185022e-01
1.086246769147054952e-01
1.089647666984083774e-01
1.148143109780982163e-01
1.138620595837301214e-01
1.172629574207591091e-01
1.205278193443069107e-01
1.150863828050605331e-01
1.100530540062576446e-01
1.146102571078765064e-01
1.201877295606040286e-01
1.175350292477214259e-01
1.171269215072779230e-01
1.182832267718677693e-01
1.162426880696504072e-01
1.146102571078765064e-01
1.174670112909808189e-01
1.184192626853489416e-01
1.176710651612025565e-01
1.158345803292069182e-01
1.179431369881648733e-01
1.252890763161474685e-01
1.284859202829547187e-01
1.280097945857706365e-01
1.291660998503605384e-01
1.310025846823561491e-01
1.288260100666575869e-01
1.233845735274112648e-01
1.175350292477214259e-01
1.124336824921779304e-01
1.168548496803156062e-01
1.275336688885865821e-01
1.299823153312474888e-01
1.260372738402938675e-01
1.235206094408923955e-01
1.248809685757039795e-01
1.220922323493402462e-01
1.169228676370561854e-01
1.198476397769011048e-01
1.233165555706706579e-01
1.195755679499387880e-01
1.121616106652156136e-01
1.131818800163243155e-01
1.124336824921779304e-01
1.094408923955924456e-01
1.103931437899605683e-01
1.107332335736634504e-01
1.122296286219562206e-01
1.128417902326214195e-01
1.108692694871446366e-01
1.074683716501156489e-01
1.042035097265678056e-01
1.050877431641953630e-01
1.061760304720446302e-01
1.037273840293837790e-01
1.042035097265678056e-01
1.068562100394504083e-01
1.059719766018228926e-01
1.004625221058359358e-01
9.332063664807509207e-02
9.141613385933886060e-02
9.726567813902869952e-02
1.055638688613794313e-01
1.082845871310025992e-01
1.044075635967895571e-01
1.045435995102707294e-01
1.114814310978098355e-01
1.136580057135083699e-01
1.104611617467011336e-01
1.103931437899605683e-01
1.117535029247721523e-01
1.144062032376547550e-01
1.153584546320228499e-01
1.157665623724663390e-01
1.162426880696504072e-01
1.101210719629982515e-01
1.053598149911576798e-01
1.069242279961910153e-01
1.108692694871446366e-01
1.125697184056591027e-01
1.075363896068562281e-01
9.740171405250988568e-02
9.760576792273162328e-02
1.065841382124880915e-01
1.093048564821113011e-01
1.052237790776765075e-01
9.855801931709971819e-02
9.869405523058089047e-02
1.050197252074547560e-01
1.069922459529315806e-01
1.030472044619779731e-01
1.028431505917562216e-01
1.025030608080533395e-01
9.930621684124610327e-02
9.400081621548089794e-02
9.345667256155626434e-02
9.678955244184464513e-02
1.006665759760576873e-01
9.917018092776491711e-02
9.522513943681133741e-02
9.617739083117943233e-02
1.035913481159026067e-01
1.039314378996054888e-01
9.923819888450552407e-02
9.869405523058089047e-02
9.985036049517073686e-02
1.019589171541287059e-01
1.012107196299823209e-01
9.957828866820842006e-02
1.033872942456808552e-01
1.059719766018228926e-01
1.068562100394504083e-01
1.120935927084750483e-01
1.199156577336417118e-01
1.232485376139300787e-01
1.190994422527547614e-01
1.177390831179431357e-01
1.183512447286083763e-01
1.152904366752822846e-01
1.082845871310025992e-01
1.087607128281866675e-01
1.178751190314243080e-01
1.187593524690518237e-01
1.176710651612025565e-01
1.203917834308257384e-01
1.278057407155488989e-01
1.350836620867909288e-01
1.343354645626445576e-01
1.300503332879880403e-01
1.327710515576112082e-01
1.357638416541966930e-01
1.303224051149503571e-01
1.254931301863692339e-01
1.223643041763025630e-01
1.247449326622228488e-01
1.273976329751054515e-01
1.254251122296286269e-01
1.190314242960141405e-01
1.108012515304040296e-01
1.085566589579649160e-01
1.069242279961910153e-01
1.053598149911576798e-01
1.064481022990069470e-01
1.088287307849272328e-01
1.029111685484968286e-01
1.026390967215345118e-01
1.050197252074547560e-01
1.086246769147054952e-01
1.131818800163243155e-01
1.119575567949939038e-01
1.115494490545504147e-01
1.127737722758808542e-01
1.129778261461025640e-01
1.163787239831315518e-01
1.177390831179431357e-01
1.162426880696504072e-01
1.173309753774996744e-01
1.250170044891851517e-01
1.307305128553938323e-01
1.336552849952387378e-01
1.368521289620459880e-01
1.392327574479662600e-01
1.408651884097401885e-01
1.397769011018909213e-01
1.399809549721126312e-01
1.386205958373010472e-01
1.331111413413141042e-01
1.250170044891851517e-01
1.228404298734866312e-01
1.201877295606040286e-01
1.174670112909808189e-01
1.188953883825330099e-01
1.186913345123112584e-01
1.178751190314243080e-01
1.195755679499387880e-01
1.193715140797170782e-01
1.173989933342402397e-01
1.156305264589851667e-01
1.104611617467011336e-01
1.072643177798939113e-01
1.110053054006257672e-01
1.129098081893619987e-01
1.075363896068562281e-01
1.023670248945721534e-01
9.903414501428378647e-02
9.746973200925045100e-02
1.011427016732417555e-01
1.046796354237518739e-01
1.023670248945721534e-01
1.001904502788736190e-01
9.794585770643451927e-02
9.862603727384028351e-02
1.003264861923548051e-01
1.003264861923548051e-01
9.944225275472723391e-02
9.733369609576930648e-02
9.372874438851858114e-02
9.284451095089106543e-02
9.318460073459394755e-02
9.175622364304175660e-02
8.794721806556932142e-02
8.427424840157801689e-02
8.515848183920557424e-02
8.434226635831862384e-02
8.413821248809687237e-02
8.189361991565773102e-02
8.107740443477078063e-02
8.583866140661135236e-02
8.753911032512586010e-02
9.025982859474902809e-02
9.651748061488232833e-02
9.964630662494898539e-02
9.699360631206638272e-02
9.522513943681133741e-02
1.005305400625765427e-01
1.029791865052373939e-01
1.014147735002040723e-01
9.998639640865190914e-02
1.032512583321997107e-01
1.078084614338185449e-01
1.051557611209359422e-01
1.052917970344171145e-01
1.122976465786967859e-01
1.152904366752822846e-01
1.135219698000272393e-01
1.146102571078765064e-01
1.141341314106924382e-01
1.207318732145286622e-01
1.286219561964358493e-01
1.303224051149503571e-01
1.333832131682764210e-01
1.343354645626445576e-01
1.335192490817576072e-01
1.350156441300503496e-01
1.357638416541966930e-01
1.356958236974561416e-01
1.318188001632431272e-01
1.327710515576112082e-01
1.346075363896068744e-01
1.337913209087199240e-01
1.319548360767242579e-01
1.305264589851721224e-01
1.278057407155488989e-01
1.265814174942185011e-01
1.236566453543735816e-01
1.212760168684532958e-01
1.222282682628213768e-01
1.247449326622228488e-01
1.180111549449054525e-01
1.121616106652156136e-01
1.125017004489185374e-01
1.126377363623996819e-01
1.131138620595837363e-01
1.160386341994286558e-01
1.243368249217793459e-01
1.348796082165691912e-01
1.397769011018909213e-01
1.422255475445517725e-01
1.469868045163923442e-01
1.544007618011155325e-01
1.584138212488097053e-01
1.588219289892531527e-01
1.616786831723575069e-01
1.614746293021357693e-01
1.592980546864372349e-01
1.603183240375459229e-01
1.700448918514488317e-01
1.801115494490546087e-01
1.837845191130458300e-01
1.792273160114270514e-01
1.784791184872806247e-01
1.843966807237110428e-01
1.866412732961502119e-01
1.795674057951299751e-01
1.746020949530676103e-01
1.758944361311386706e-01
1.795674057951299751e-01
1.767786695687661447e-01
1.759624540878792498e-01
1.757584002176574567e-01
1.728336280778125789e-01
1.637872398313154898e-01
1.554890491089647997e-01
1.553530131954836135e-01
1.571214800707387005e-01
1.520201333151952328e-01
1.473268943000952402e-01
1.425656373282546685e-01
1.386205958373010472e-01
1.365800571350836434e-01
1.330431233845735250e-01
1.257652020133315507e-01
1.207318732145286622e-01
1.216841246088967432e-01
1.222962862195619838e-01
1.239967351380764637e-01
1.256971840565909437e-01
1.238606992245953192e-01
1.192354781662358920e-01
1.192354781662358920e-01
1.193034961229764712e-01
1.182832267718677693e-01
1.171949394640185022e-01
1.190314242960141405e-01
1.222282682628213768e-01
1.273296150183648723e-01
1.312066385525778867e-01
1.331111413413141042e-01
1.333832131682764210e-01
1.319548360767242579e-01
1.351516800435315080e-01
1.430417630254387229e-01
1.448782478574343890e-01
1.459665351652836562e-01
1.532444565365256584e-01
1.535845463202285821e-01
1.424976193715140893e-01
1.318188001632431272e-01
1.261052917970344189e-01
1.184872806420895069e-01
1.092368385253706942e-01
1.054958509046388243e-01
1.091688205686301288e-01
1.119575567949939038e-01
1.131138620595837363e-01
1.068562100394504083e-01
9.910216297102435179e-02
9.134811590259829528e-02
8.760712828186642542e-02
8.787920010882874222e-02
8.713100258468235715e-02
8.583866140661135236e-02
8.434226635831862384e-02
8.434226635831862384e-02
8.862739763297512730e-02
8.298190722350699822e-02
7.876479390559110172e-02
8.373010474765338329e-02
8.991973881104614597e-02
9.338865460481569902e-02
9.787783974969394007e-02
1.027071146782750771e-01
1.095769283090736179e-01
1.127057543191402472e-01
1.110053054006257672e-01
1.091688205686301288e-01
1.097129642225547624e-01
1.106652156169228851e-01
1.095089103523330110e-01
1.050197252074547560e-01
1.008026118895388595e-01
9.896612705754320727e-02
1.004625221058359358e-01
1.015508094136852030e-01
1.001904502788736190e-01
9.971432458168955071e-02
1.010066657597605694e-01
1.042035097265678056e-01
1.112093592708475187e-01
1.114814310978098355e-01
1.067881920827098430e-01
1.067201741259692638e-01
1.088967487416678120e-01
1.061760304720446302e-01
1.028431505917562216e-01
1.052917970344171145e-01
1.073323357366344766e-01
1.063120663855257747e-01
1.137260236702489491e-01
1.269895252346619485e-01
1.365800571350836434e-01
1.424976193715140893e-01
1.516120255747517298e-01
1.603863419942865021e-01
1.637192218745749106e-01
1.646034553122024402e-01
1.709291252890763058e-01
1.818800163243096402e-01
1.884097401714052433e-01
1.936471228404298972e-01
1.973881104611617532e-01
2.035777445245545159e-01
2.108556658957964625e-01
2.164331383485240401e-01
2.214664671473268731e-01
2.229628621956196433e-01
2.242552033736906203e-01
2.257515984219833904e-01
2.320092504421167046e-01
2.382669024622500464e-01
2.381308665487689158e-01
2.327574479662631313e-01
2.264317779893892379e-01
2.185416950074819953e-01
2.156849408243776134e-01
2.122160250306081020e-01
2.020813494762617457e-01
1.883417222146646919e-01
1.810638008434226620e-01
1.767786695687661447e-01
1.779349748333559911e-01
1.806556931029792423e-01
1.782070466603183356e-01
1.701129098081894109e-01
1.605223779077676882e-01
1.590940008162154695e-01
1.588899469459937597e-01
1.564413005033328807e-01
1.570534621139981213e-01
1.627669704802067741e-01
1.737858794721806877e-01
1.847367705074139665e-01
1.906543327438443569e-01
1.982043259420486758e-01
2.038498163515168049e-01
2.026935110869269585e-01
2.033736906543327227e-01
2.054822473132907057e-01
2.131002584682355760e-01
2.264997959461297894e-01
2.352060944089239547e-01
2.411236566453543451e-01
2.478574343626717413e-01
2.511222962862195707e-01
2.551353557339137712e-01
2.622772411916746149e-01
2.729560603999455770e-01
2.814583049925180047e-01
2.846551489593252549e-01
2.854713644402122052e-01
2.853353285267311024e-01
2.815263229492585562e-01
2.793497483335600218e-01
2.764929941504557509e-01
2.671745340769963173e-01
2.505781526322949371e-01
2.379268126785471227e-01
2.367024894572166971e-01
2.292205142157529574e-01
2.172493538294109350e-01
2.118759352469051782e-01
2.087471092368385073e-01
2.014691878655965607e-01
1.934430689702081041e-01
1.876615426472588999e-01
1.835124472860835410e-01
1.711331791592980989e-01
1.580057135083662023e-01
1.493674330023126440e-01
1.484151816079445074e-01
1.458985172085430770e-01
1.409332063664807677e-01
1.416814038906271389e-01
1.475989661270575570e-01
1.452183376411372850e-01
1.411372602367025053e-01
1.434498707658821981e-01
1.478710379540198738e-01
1.495714868725343538e-01
1.488913073051285618e-01
1.496395048292749608e-01
1.529723847095633416e-01
1.524962590123792594e-01
1.521561692286763634e-01
1.518840974017140466e-01
1.565093184600734877e-01
1.674602094953067666e-01
1.784791184872806247e-01
1.775948850496531506e-01
1.792273160114270514e-01
1.826282138484559836e-01
1.782070466603183356e-01
1.763705618283226695e-01
1.764385797850633042e-01
1.709291252890763058e-01
1.654196707930893906e-01
1.604543599510270813e-01
1.559651748061488541e-01
1.519521153584546258e-01
1.496395048292749608e-01
1.448782478574343890e-01
1.433818528091416189e-01
1.464426608624677106e-01
1.471228404298735026e-01
1.453543735546184434e-01
1.441300503332879901e-01
1.439940144198068317e-01
1.454904094680996018e-01
1.479390559107604530e-01
1.432458168956604883e-01
1.397088831451503144e-01
1.456944633383213394e-01
1.519521153584546258e-01
1.548088695415589799e-01
1.637872398313154898e-01
1.735138076452183431e-01
1.814719085838661372e-01
1.870493810365936316e-01
1.935791048836893180e-01
1.984083798122704412e-01
2.056182832267718363e-01
2.187457488777037051e-01
2.311250170044891472e-01
2.419398721262413510e-01
2.528227452047340229e-01
2.626853489321180901e-01
2.722078628757992336e-01
2.828186641273296442e-01
2.926812678547136004e-01
2.993470276152904175e-01
3.019997279281730340e-01
3.033600870629846735e-01
3.115902598285947289e-01
3.202965582913889775e-01
3.236294381716773305e-01
3.214528635559787961e-01
3.173717861515439886e-01
3.098898109100802767e-01
3.014555842742484004e-01
2.996871173989933412e-01
2.966943273024078565e-01
2.897564957148687226e-01
2.827506461705890373e-01
2.772411916746020943e-01
2.746565093184600292e-01
2.732961501836485008e-01
2.727520065297238672e-01
2.752006529723847739e-01
2.779893891987484933e-01
2.762889402802340411e-01
2.720038090055774127e-01
2.712556114814310693e-01
2.779893891987484933e-01
2.818664127329614799e-01
2.824105563868861135e-01
2.883281186233165316e-01
3.011154944905454767e-01
3.176438579785063610e-01
3.357366344715005391e-01
3.434226635831859609e-01
3.506325669976874115e-01
3.604271527683308163e-01
3.687933614474221411e-01
3.907631614746293058e-01
4.232077268398857228e-01
4.519113045844103116e-01
4.742211943953204001e-01
5.064617058903549962e-01
5.448918514487824938e-01
5.780165963814447583e-01
6.052917970344171561e-01
6.193034961229765267e-01
6.345395184328662674e-01
6.502516664399402568e-01
6.580057135083662301e-01
6.503877023534213597e-01
6.337233029519794281e-01
6.225683580465243283e-01
6.197116038634199464e-01
6.035913481159026484e-01
5.786287579921099988e-01
5.526458985172085780e-01
5.104747653380492523e-01
4.593252618691334721e-01
4.230036729696640130e-01
4.084478302271800088e-01
4.087879200108828770e-01
4.088559379676234284e-01
4.014419806829002679e-01
3.951843286627669816e-01
3.872942456808597944e-01
3.800163243096177368e-01
3.715820976737858605e-01
3.679771459665351352e-01
3.720582233709699427e-01
3.794041626989525517e-01
3.846415453679771779e-01
3.831451503196844355e-01
3.829410964494627256e-01
3.862739763297510787e-01
3.957284723166916152e-01
4.083117943136987948e-01
4.148415181607945090e-01
4.208270983539654786e-01
4.416405931165827692e-01
4.773500204053870988e-01
5.204053870221738709e-01
5.782206502516663571e-01
6.437219425928446537e-01
7.120119711603863921e-01
7.601686845327165765e-01
7.866956876615426308e-01
8.110461161746701508e-01
8.339001496395048729e-01
8.569582369745613049e-01
8.800163243096177368e-01
8.972928853217250200e-01
9.066113453951843981e-01
9.040266630390423330e-01
9.095361175350292759e-01
9.089919738811047534e-01
8.977690110189089356e-01
8.825329887090191949e-01
8.639640865188410457e-01
8.405659094000816900e-01
8.060127873758673456e-01
7.497619371514080422e-01
6.873214528635559484e-01
6.437219425928446537e-01
5.840021765746157278e-01
5.141477350020405845e-01
4.683716501156305889e-01
4.657189498027479724e-01
4.638824649707523062e-01
4.579649027343218881e-01
4.442932934294653857e-01
4.345667256155625324e-01
4.270167324173582135e-01
4.242960141477350455e-01
4.249761937151408375e-01
4.244320500612162039e-01
4.228676370561828546e-01
4.274248401578016332e-01
4.339545640048973474e-01
4.434770779485784353e-01
4.542239151135900044e-01
4.676914705482247414e-01
4.938783838933478720e-01
5.147598966127057141e-01
5.250306080805332565e-01
5.556386886137940628e-01
6.129778261461026334e-01
6.688885865868589020e-01
7.328934838797442897e-01
7.999591892259556580e-01
8.515848183920554648e-01
8.954564004897292984e-01
9.255883553258060781e-01
9.455856346075364183e-01
9.638144470140117548e-01
9.853761393007754998e-01
9.977554074275609697e-01
1.000000000000000000e+00
9.959189225955652480e-01
9.872806420895117174e-01
9.744252482655421099e-01
9.578288668208407852e-01
9.374914977554075213e-01
9.076996327030336653e-01
8.743708339001495800e-01
8.406339273568222970e-01
8.040402666303904100e-01
7.398993334240239195e-01
6.295061896340634622e-01
5.180927764929941226e-01
4.553802203781798230e-01
4.387838389334784428e-01
4.470140116990885537e-01
4.539518432866276321e-01
4.471500476125697676e-01
4.401441980682900268e-01
4.373554618419262519e-01
4.319820432594205228e-01
4.296694327302408301e-01
4.288532172493538241e-01
4.266086246769147383e-01
4.244320500612162039e-01
4.185144878247857858e-01
4.135491769827234210e-01
4.159298054686437762e-01
4.247041218881784652e-01
4.301455584274249122e-01
4.394640185008842348e-01
4.502108556658958038e-01
4.700040810774044897e-01
5.050333287988029163e-01
5.562508502244593034e-01
6.207998911712692136e-01
6.869133451231125287e-01
7.407835668616515878e-01
7.824785743436266650e-01
8.247857434362672047e-01
8.708339001496395726e-01
9.100802611889540206e-01
9.404842878519930061e-01
9.539518432866276321e-01
9.547000408107741976e-01
9.472180655693104301e-01
9.493946401850089645e-01
9.517072507141886017e-01
9.466059039586451895e-01
9.298054686437219329e-01
9.105563868861380472e-01
8.836892939736090691e-01
8.521969800027208164e-01
8.160794449734730671e-01
7.726839885729832602e-01
6.980002720718270215e-01
5.857706434498708425e-01
4.785063256699769174e-01
4.183784519113045719e-01
4.120527819344306786e-01
4.222554754455176695e-01
4.240919602775132802e-01
4.097401714052509858e-01
3.941640593116583213e-01
3.854577608488640728e-01
3.786559651748062083e-01
3.690654332743844024e-01
3.600870629846280035e-01
3.495442796898381443e-01
3.394776220922323673e-01
3.361447422119439032e-01
3.441028431505917529e-01
3.516528363487961273e-01
3.526731056999048430e-01
3.561420214936743545e-01
3.661406611345395246e-01
3.789960549585090210e-01
3.909672153448510712e-01
4.005577472452727661e-01
4.002856754183104493e-01
4.014419806829002679e-01
4.308257379948306487e-01
4.908175758400217803e-01
5.540742756087607690e-01
6.186233165555706792e-01
6.634471500476125660e-01
7.030336008706298268e-01
7.330295197932253926e-01
7.536389606856209733e-01
7.708475037409876496e-01
7.783974969391919130e-01
7.783294789824514170e-01
7.726159706162427643e-01
7.533668888586587675e-01
7.260916882056863697e-01
6.986124336824922620e-01
6.629710243504285394e-01
6.219561964358590878e-01
5.751598421983403764e-01
5.196571894980275275e-01
4.608896748741668214e-01
4.070194531356278178e-01
3.728064208951162861e-01
3.620595837301047171e-01
3.526731056999048430e-01
3.411780710107468750e-01
3.258060127873758649e-01
3.091416133859338777e-01
2.920691062440484154e-01
2.774452455448238597e-01
2.647258876343354661e-01
2.565637328254659066e-01
2.496939191946673520e-01
2.403074411644674502e-01
2.333015916201877649e-01
2.324853761393007867e-01
2.337777173173717637e-01
2.365664535437355664e-01
2.392191538566181830e-01
2.346619507549993211e-01
2.304448374370833830e-01
2.331655557067065510e-01
2.362263637600326427e-01
2.413957284723167174e-01
2.484695959733369541e-01
2.556794993878384048e-01
2.624812950618963803e-01
2.739083117943136858e-01
2.839749693919194629e-01
2.920691062440484154e-01
3.056726975921643663e-01
3.185280914161338628e-01
3.305672697592164644e-01
3.379132090871990735e-01
3.445789688477757795e-01
3.496122976465786958e-01
3.524690518296830222e-01
3.507005849544279630e-01
3.492722078628757720e-01
3.486600462522105870e-01
3.433546456264454094e-01
3.339681675962453689e-01
3.253979050469323897e-01
3.171677322813222788e-01
3.050605359814991258e-01
2.874438851856890298e-01
2.714596653516527791e-01
2.549313018636920058e-01
2.424840157801659846e-01
2.364304176302543525e-01
2.303768194803428038e-01
2.141205278193442640e-01
1.883417222146646919e-01
1.692286763705618535e-01
1.579376955516256509e-01
1.528363487960821832e-01
1.495034689157937746e-01
1.448102299006937821e-01
1.386205958373010472e-01
1.361719493946401960e-01
1.322269079036865747e-01
1.294381716773228552e-01
1.301183512447286195e-01
1.307985308121344392e-01
1.314787103795402035e-01
1.316147462930213896e-01
1.298462794177663027e-01
1.272615970616242653e-01
1.273296150183648723e-01
1.298462794177663027e-01
1.310025846823561491e-01
1.322269079036865747e-01
1.362399673513807752e-01
1.407291524962590301e-01
1.371922187457489117e-01
1.346755543463474258e-01
1.330431233845735250e-01
1.337913209087199240e-01
1.358318596109373000e-01
1.444021221602503346e-01
1.539926540606720295e-01
1.628349884369473533e-01
1.741939872126241073e-01
1.834444293293429895e-01
1.874574887770371345e-01
1.864372194259284188e-01
1.834444293293429895e-01
1.842606448102298844e-01
1.873894708202965553e-01
1.908583866140661500e-01
1.926268534893211815e-01
1.931709971432458151e-01
1.872534349068154247e-01
1.786151544007618386e-01
1.709971432458168850e-01
1.677322813222691111e-01
1.592980546864372349e-01
1.539926540606720295e-01
1.524962590123792594e-01
1.518840974017140466e-01
1.491633791320908786e-01
1.467147326894300274e-01
1.441980682900285693e-01
1.393687933614474461e-01
1.337913209087199240e-01
1.324309617739083400e-01
1.331791592980547112e-01
1.322269079036865747e-01
1.269895252346619485e-01
1.232485376139300787e-01
1.223643041763025630e-01
1.189634063392735752e-01
1.140661134539518728e-01
1.127057543191402472e-01
1.165827778533532894e-01
1.216161066521561779e-01
1.245408787920010973e-01
1.300503332879880403e-01
1.422935655012923517e-01
1.545367977145966631e-01
1.608624676914705565e-01
1.668480478846415815e-01
1.784111005305400455e-01
1.977962182016052561e-01
2.194939464018501318e-01
2.394912256835804443e-01
2.513263501564413360e-01
2.590803972248673648e-01
2.724799347027614949e-01
2.860155080941368388e-01
2.974425248265541999e-01
3.039722486736498586e-01
3.113862059583730191e-01
3.183240375459121529e-01
3.217929533396816644e-01
3.243096177390831225e-01
3.262141205278193956e-01
3.284587131002584814e-01
3.310433954564004910e-01
3.283906951435179300e-01
3.239015099986396473e-01
3.175078220650251470e-01
3.051285539382397327e-01
2.855393823969528122e-01
2.615290436675282715e-01
2.433682492177935419e-01
2.282002448646442694e-01
2.134403482519384998e-01
1.963678411100530652e-01
1.770507413957285170e-01
1.573255339409604381e-01
1.433138348524010397e-01
1.424976193715140893e-01
1.405250986260372648e-01
1.410692422799618984e-01
1.374642905727112285e-01
1.297782614610257235e-01
1.245408787920010973e-01
1.233165555706706579e-01
1.252890763161474685e-01
1.243368249217793459e-01
1.218201605223779294e-01
1.192354781662358920e-01
1.167188137668344755e-01
1.128417902326214195e-01
1.121616106652156136e-01
1.131818800163243155e-01
1.129098081893619987e-01
1.131818800163243155e-01
1.217521425656373502e-01
1.350836620867909288e-01
1.476669840837981362e-01
1.663719221874574994e-01
1.795674057951299751e-01
1.915385661814719143e-01
2.075227860155081094e-01
2.207182696231805297e-01
2.307169092640457275e-01
2.430961773908311696e-01
2.545912120799891376e-01
2.624132771051557178e-01
2.671065161202557103e-01
2.737042579240919760e-01
2.791456944633383119e-01
2.815263229492585562e-01
2.811182152088151365e-01
2.830907359542919055e-01
2.815263229492585562e-01
2.771051557611209359e-01
2.720718269623180752e-01
2.586722894844238896e-01
2.439804108284587270e-01
2.289484423887906128e-01
2.141885457760849265e-01
1.986124336824921510e-01
1.841246088967487538e-01
1.654196707930893906e-01
1.419534757175894557e-01
1.215480886954156126e-01
1.103931437899605683e-01
1.027071146782750771e-01
8.801523602230988674e-02
7.679227316011427718e-02
7.135083662086792733e-02
6.876615426472590387e-02
6.910624404842878599e-02
6.550129234117810229e-02
6.067201741259692360e-02
5.985580193170997321e-02
6.264453815807374815e-02
6.760984900013602972e-02
6.774588491361720199e-02
6.733777717317371292e-02
7.067065705346212146e-02
7.005849544279692254e-02
6.835804652428240091e-02
6.924227996190997214e-02
7.162290844783024413e-02
7.257515984219833904e-02
6.835804652428240091e-02
6.672561556250850012e-02
6.985444157257517106e-02
7.373146510678821319e-02
7.284723166916065584e-02
7.114678275064618973e-02
7.475173445789687343e-02
8.141749421847370438e-02
8.971568494082439449e-02
9.590531900421711553e-02
9.604135491769830169e-02
9.406883417222146326e-02
9.413685212896204246e-02
9.665351652836350060e-02
9.304856482111277527e-02
8.815127193579105902e-02
8.536253570942728408e-02
8.270983539654468142e-02
8.121344034825195290e-02
7.822065025166642649e-02
7.726839885729834545e-02
7.706434498707659397e-02
7.509182424159979719e-02
7.570398585226500998e-02
7.107876479390561053e-02
6.767786695687663667e-02
7.094272888042443825e-02
7.101074683716500358e-02
6.965038770235341958e-02
7.386750102026935771e-02
7.141885457760850653e-02
6.699768738947081692e-02
6.754183104339545052e-02
7.121480070738675505e-02
7.053462113998094918e-02
6.665759760576793480e-02
6.720174125969256840e-02
6.971840565909399878e-02
6.958236974561285426e-02
6.692966943273025160e-02
6.468507686029111026e-02
6.665759760576793480e-02
6.924227996190997214e-02
6.951435178887228894e-02
6.706570534621139612e-02
6.461705890355054493e-02
6.291660998503606494e-02
6.720174125969256840e-02
6.992245952931573638e-02
6.849408243776358707e-02
6.475309481703171721e-02
6.101210719629984736e-02
5.951571214800708415e-02
6.182832267718679775e-02
6.407291524962589746e-02
6.203237654740850759e-02
5.890355053734187829e-02
6.346075363896069854e-02
7.114678275064618973e-02
7.896884777581281156e-02
8.706298462794179183e-02
9.468099578288670382e-02
1.067201741259692638e-01
1.220922323493402462e-01
1.354237518704938248e-01
1.393687933614474461e-01
1.451503196843967058e-01
1.534485104067473960e-01
1.577336416814038855e-01
1.605223779077676882e-01
1.612705754319140594e-01
1.618147190858386930e-01
1.657597605767922588e-01
1.649435450959053084e-01
1.635151680043531730e-01
1.580057135083662023e-01
1.505237382669024626e-01
1.420895116310706141e-01
1.307305128553938323e-01
1.156985444157257736e-01
1.074683716501156489e-01
1.016188273704258099e-01
9.325261869133451287e-02
8.481839205550265048e-02
7.822065025166642649e-02
7.461569854441574279e-02
6.985444157257517106e-02
6.917426200516936519e-02
7.237110597197658757e-02
7.577200380900557530e-02
7.169092640457082333e-02
6.386886137940415986e-02
5.890355053734187829e-02
5.788328118623318336e-02
5.699904774860561907e-02
5.679499387838390922e-02
5.937967623452590493e-02
6.094408923955924040e-02
6.060399945585635134e-02
5.903958645082301587e-02
5.781526322949261110e-02
5.917562236430419509e-02
6.053598149911577908e-02
5.924364032104476735e-02
6.080805332607809588e-02
6.305264589851720947e-02
6.488913073051286173e-02
6.618147190858386653e-02
7.475173445789687343e-02
8.835532580601281050e-02
1.034553122024214622e-01
1.167188137668344755e-01
1.326350156441300776e-01
1.485512175214256936e-01
1.603863419942865021e-01
1.754863283906951676e-01
1.915385661814719143e-01
2.029655829138892476e-01
2.113998095497210961e-01
2.186097129642225745e-01
2.241871854169500411e-01
2.305808733505645136e-01
2.373826690246224891e-01
2.346619507549993211e-01
2.332335736634471302e-01
2.335056454904094747e-01
2.254115086382805222e-01
2.158889946945994065e-01
2.075908039722486609e-01
1.991565773364167846e-01
1.916065841382124935e-01
1.812678547136444274e-01
1.645354373554618610e-01
1.427696911984764061e-01
1.244728608352605320e-01
1.125697184056591027e-01
1.038634199428649235e-01
9.570126513399536405e-02
9.087199020541422700e-02
8.658685893075772355e-02
7.760848864100122757e-02
7.481975241463748039e-02
7.665623724663313265e-02
7.699632703033602865e-02
7.441164467419399131e-02
6.808597469732008411e-02
6.434498707658821426e-02
6.373282546592301534e-02
6.074003536933753056e-02
5.625085022445927563e-02
5.550265270031289749e-02
5.733913753230854282e-02
5.652292205142159243e-02
5.414229356550131350e-02
5.529859883009114602e-02
5.795129914297374868e-02
5.489049108964769164e-02
5.216977282002448202e-02
5.080941368521289803e-02
5.040130594476944365e-02
4.958509046388249325e-02
5.040130594476944365e-02
5.502652700312882922e-02
6.244048428785200361e-02
7.420759080397223983e-02
8.706298462794179183e-02
9.454495986940553154e-02
1.029111685484968286e-01
1.130458441028431710e-01
1.281458304992518227e-01
1.384845599238199165e-01
1.452863555978778365e-01
1.502516664399401458e-01
1.527683308393415762e-01
1.546048156713372423e-01
1.604543599510270813e-01
1.592980546864372349e-01
1.568494082437763837e-01
1.516800435314923090e-01
1.470548224731329234e-01
1.449462658141749682e-01
1.421575295878111656e-01
1.365120391783430920e-01
1.283498843694735325e-01
1.190314242960141405e-01
1.118215208815127315e-01
1.039314378996054888e-01
9.134811590259829528e-02
8.264181743980411610e-02
7.842470412188817797e-02
7.549993198204325850e-02
7.141885457760850653e-02
6.400489729288533214e-02
5.434634743572302334e-02
4.972112637736363083e-02
4.938103659366074177e-02
4.666031832403753216e-02
4.645626445381582231e-02
4.666031832403753216e-02
4.686437219425928363e-02
4.795265950210855083e-02
4.863283906951436364e-02
4.774860563188684098e-02
4.931301863692013482e-02
5.271391647394911562e-02
5.230580873350566123e-02
5.169364712284042068e-02
5.033328798802883669e-02
4.727247993470277271e-02
4.788464154536797857e-02
5.067337777173176044e-02
5.006121616106651989e-02
4.836076724255204684e-02
5.216977282002448202e-02
5.387022173853899670e-02
5.298598830091143241e-02
4.543599510270712738e-02
4.149095361175350605e-02
4.081077404434770017e-02
4.135491769827233377e-02
4.210311522241871190e-02
4.339545640048973058e-02
4.543599510270712738e-02
4.570806692966944418e-02
4.271527683308395246e-02
3.999455856346074284e-02
3.679771459665351352e-02
3.591348115902599086e-02
3.632158889946948688e-02
3.475717589443615141e-02
3.366888858658688422e-02
3.258060127873757539e-02
3.224051149503469327e-02
3.271663719221875460e-02
3.176438579785062499e-02
2.809141613385932740e-02
2.877159570126513674e-02
3.258060127873757539e-02
3.360087062984627726e-02
3.448510406747383461e-02
3.611753502924773540e-02
3.489321180791728899e-02
3.489321180791728899e-02
3.373690654332744954e-02
3.278465514895932686e-02
3.251258332199701007e-02
3.278465514895932686e-02
3.108420623044485034e-02
2.904366752822745354e-02
3.244456536525643781e-02
3.917834308257379244e-02
4.237518704938102870e-02
4.319140253026797910e-02
4.019861243368249432e-02
4.006257652020135673e-02
4.339545640048973058e-02
4.482383349204192152e-02
4.359951027071147511e-02
4.393960005441436417e-02
4.264725887634334550e-02
4.564004897292887192e-02
4.965310842062305857e-02
4.972112637736363083e-02
4.727247993470277271e-02
4.774860563188684098e-02
5.244184464698679882e-02
5.393823969527956202e-02
5.502652700312882922e-02
5.359814991157667990e-02
5.006121616106651989e-02
4.883689293973610818e-02
5.108148551217521482e-02
5.720310161882737054e-02
5.999183784519114548e-02
6.216841246088968681e-02
6.400489729288533214e-02
6.754183104339545052e-02
7.305128553938240732e-02
8.182560195891716570e-02
8.998775676778671129e-02
1.034553122024214622e-01
1.169228676370561854e-01
1.254931301863692339e-01
1.312066385525778867e-01
1.391647394912256808e-01
1.469187865596517373e-01
1.513399537477894130e-01
1.547408515848184007e-01
1.612025574751734525e-01
1.647394912256835986e-01
1.648755271391647570e-01
1.645354373554618610e-01
1.610665215616923218e-01
1.591620187729560765e-01
1.555570670657053511e-01
1.443341042035097554e-01
1.356278057407155624e-01
1.273976329751054515e-01
1.159706162426880904e-01
1.092368385253706942e-01
1.042035097265678056e-01
9.066793633519248941e-02
7.441164467419399131e-02
6.624948986532444573e-02
6.101210719629984736e-02
5.461841926268534014e-02
5.094544959869407724e-02
5.203373690654334444e-02
5.468643721942594710e-02
5.250986260372740577e-02
4.652428241055639457e-02
4.257924091960278018e-02
4.271527683308395246e-02
4.421167188137668097e-02
4.203509726567814658e-02
3.781798394776220845e-02
3.475717589443615141e-02
3.632158889946948688e-02
3.802203781798395993e-02
3.781798394776220845e-02
4.135491769827233377e-02
4.584410284315058176e-02
4.632022854033465004e-02
4.087879200108830713e-02
3.679771459665351352e-02
3.686573255339412047e-02
4.135491769827233377e-02
4.557203101618826496e-02
4.359951027071147511e-02
4.332743844374915831e-02
4.761256971840566177e-02
5.489049108964769164e-02
5.448238334920419562e-02
5.842742484015781695e-02
6.835804652428240091e-02
7.618011154944907826e-02
8.543055366616789104e-02
9.345667256155626434e-02
9.991837845191130218e-02
1.069242279961910153e-01
1.169228676370561854e-01
1.264453815807373149e-01
1.303224051149503571e-01
1.346755543463474258e-01
1.395048292749285768e-01
1.451503196843967058e-01
1.463746429057271037e-01
1.455584274248401533e-01
1.444701401169908861e-01
1.476669840837981362e-01
1.463746429057271037e-01
1.409332063664807677e-01
1.363079853081213266e-01
1.356958236974561416e-01
1.336552849952387378e-01
1.233845735274112648e-01
1.084206230444837438e-01
9.230036729696643183e-02
7.835668616514761264e-02
6.726975921643313372e-02
5.761120935927086656e-02
4.788464154536797857e-02
4.149095361175350605e-02
3.958645082301728846e-02
3.686573255339412047e-02
3.924636103931439940e-02
4.291933070330566230e-02
4.081077404434770017e-02
4.067473813086655565e-02
3.999455856346074284e-02
3.883825329887091032e-02
3.945041490953610924e-02
3.951843286627671620e-02
3.870221738538973111e-02
3.577744524554481165e-02
3.584546320228541860e-02
3.877023534213033806e-02
3.550537341858249485e-02
2.659502108556659888e-02
2.162971024350428609e-02
2.122160250306082824e-02
2.673105699904773994e-02
3.094817031696367460e-02
2.632294925860428209e-02
2.271799755135355328e-02
2.475853625357095009e-02
2.713916473949123595e-02
2.829547000408107194e-02
2.707114678275066369e-02
2.720718269623180474e-02
2.734321860971298049e-02
3.251258332199701007e-02
3.761393007754046391e-02
4.278329478982452472e-02
4.543599510270712738e-02
4.836076724255204684e-02
4.890491089647668044e-02
4.897292885321724576e-02
5.291797034417086709e-02
5.536661678683171828e-02
5.747517344578968734e-02
5.971976601822882869e-02
5.890355053734187829e-02
5.509454495986940148e-02
5.312202421439261163e-02
5.611481431097810335e-02
5.822337096993606548e-02
5.679499387838390922e-02
5.516256291661000843e-02
5.305400625765203937e-02
4.659230036729696683e-02
4.067473813086655565e-02
3.666167868317236900e-02
3.244456536525643781e-02
3.101618827370428155e-02
3.366888858658688422e-02
3.183240375459123195e-02
3.040402666303904100e-02
2.911168548496802580e-02
2.550673377771733169e-02
2.183376411372603063e-02
2.339817711875936609e-02
2.924772139844920155e-02
3.135627805740717061e-02
3.264861923547818234e-02
3.237654740851586554e-02
2.829547000408107194e-02
2.469051829683038130e-02
2.557475173445790048e-02
2.475853625357095009e-02
2.264997959461298449e-02
2.843150591756225115e-02
3.516528363487960579e-02
3.645762481295062446e-02
3.142429601414773593e-02
3.101618827370428155e-02
3.400897837028977327e-02
3.638960685621005220e-02
3.829410964494627673e-02
3.557339137532310180e-02
3.271663719221875460e-02
3.502924772139846821e-02
3.836212760168684205e-02
3.802203781798395993e-02
3.611753502924773540e-02
3.672969663991294126e-02
3.366888858658688422e-02
3.203645762481294179e-02
3.176438579785062499e-02
3.217249353829412101e-02
2.972384709563326635e-02
2.625493130186371329e-02
2.469051829683038130e-02
2.441844646986806450e-02
2.679907495578834689e-02
2.611889538838253755e-02
2.611889538838253755e-02
2.829547000408107194e-02
3.156033192762891515e-02
3.836212760168684205e-02
4.176302543871582285e-02
4.047068426064481111e-02
3.979050469323903994e-02
4.244320500612163566e-02
4.339545640048973058e-02
4.223915113589989112e-02
4.604815671337233324e-02
4.720446197796220739e-02
4.529995918922594816e-02
4.108284587131001697e-02
3.761393007754046391e-02
3.740987620731875407e-02
4.006257652020135673e-02
4.251122296286220792e-02
3.945041490953610924e-02
3.706978642361583032e-02
3.530131954836078501e-02
3.652564276969119672e-02
3.795401986124338767e-02
3.877023534213033806e-02
3.802203781798395993e-02
3.387294245680859406e-02
2.686709291252891915e-02
2.339817711875936609e-02
2.251394368113180527e-02
2.156169228676371383e-02
2.271799755135355328e-02
2.373826690246225168e-02
2.537069786423615594e-02
2.387430281594343090e-02
2.237790776765066769e-02
2.230988981091009543e-02
2.128962045980139703e-02
1.843286627669704983e-02
1.578016596381444717e-02
1.836484831995648104e-02
1.952115358454631702e-02
1.843286627669704983e-02
1.856890219017822558e-02
2.020133315195212984e-02
2.190178207046660289e-02
2.135763841654196929e-02
2.033736906543327089e-02
2.101754863283908023e-02
2.292205142157530129e-02
2.319412324853761809e-02
2.666303904230717114e-02
3.088015236022310581e-02
3.237654740851586554e-02
3.040402666303904100e-02
3.230852945177525859e-02
3.638960685621005220e-02
3.604951707250712845e-02
4.060672017412599033e-02
4.339545640048973058e-02
4.013059447694192206e-02
3.843014555842741431e-02
4.455176166507960472e-02
5.557067065705346282e-02
6.284859202829549962e-02
6.937831587539110278e-02
7.658821928989252570e-02
8.291388926676643290e-02
8.658685893075772355e-02
9.025982859474902809e-02
9.243640321044756247e-02
9.277649299415045847e-02
9.502108556658959981e-02
9.821792953339683607e-02
9.298054686437219607e-02
8.801523602230988674e-02
9.032784655148959341e-02
9.542919330703304726e-02
9.570126513399536405e-02
9.393279825874033262e-02
9.100802611889541316e-02
8.386614066113455557e-02
7.686029111685484250e-02
7.386750102026935771e-02
7.005849544279692254e-02
6.237246633111143135e-02
5.461841926268534014e-02
4.713644402122160043e-02
4.325942048700858605e-02
4.135491769827233377e-02
3.917834308257379244e-02
3.536933750510135727e-02
3.659366072643180368e-02
3.972248673649842604e-02
3.754591212079989165e-02
3.700176846687525806e-02
3.924636103931439940e-02
3.985852264997960526e-02
3.965446877975786072e-02
3.727384029383757486e-02
3.264861923547818234e-02
3.387294245680859406e-02
3.543735546184192259e-02
3.414501428377091086e-02
2.768330839341586955e-02
2.230988981091009543e-02
2.428241055638688528e-02
2.673105699904773994e-02
2.441844646986806450e-02
1.897700993062168343e-02
1.911304584410286264e-02
1.965718949802749624e-02
1.809277649299416424e-02
1.707250714188546584e-02
1.952115358454631702e-02
1.965718949802749624e-02
1.897700993062168343e-02
1.856890219017822558e-02
2.040538702217387784e-02
2.312610529179704930e-02
2.584682356142022075e-02
2.836348796082167889e-02
2.883961365800570553e-02
3.006393687933615194e-02
3.013195483607672420e-02
3.013195483607672420e-02
3.346483471636513274e-02
3.931437899605497166e-02
4.557203101618826496e-02
5.169364712284042068e-02
5.727111957556793587e-02
6.325669976873894707e-02
6.679363351924907932e-02
7.366344715004760624e-02
8.189361991565773102e-02
8.434226635831862384e-02
7.883281186233166704e-02
7.733641681403891077e-02
7.896884777581281156e-02
7.971704529995919664e-02
7.618011154944907826e-02
7.325533940960415880e-02
7.230308801523602225e-02
6.624948986532444573e-02
5.706706570534622602e-02
5.012923411780712685e-02
4.808869541558973004e-02
4.972112637736363083e-02
4.876887498299550122e-02
4.169500748197525752e-02
3.462113998095497219e-02
3.108420623044485034e-02
2.632294925860428209e-02
2.414637464290574770e-02
2.605087743164196529e-02
2.319412324853761809e-02
2.074547680587676343e-02
1.992926132498981304e-02
1.816079444973473303e-02
1.693647122840428662e-02
1.353557339137534225e-02
1.319548360767241676e-02
1.863692014691879784e-02
1.761665079581009943e-02
1.033872942456808691e-02
6.801795674057946849e-03
8.366208679091279715e-03
1.203917834308257905e-02
1.305944769419127745e-02
1.550809413685213210e-02
1.680043531492314557e-02
1.237926812678546637e-02
7.686029111685486852e-03
7.686029111685486852e-03
9.726567813902882789e-03
1.047476533804924531e-02
9.590531900421705308e-03
1.169908855937967264e-02
1.339953747789416477e-02
1.203917834308257905e-02
8.230172765610121316e-03
6.461705890355059524e-03
5.645490409468108262e-03
9.182424159978230110e-03
1.251530404026664385e-02
1.428377091552168569e-02
1.231125017004489584e-02
9.318460073459388510e-03
1.149503468915794545e-02
1.271935791048839012e-02
1.523602230988981357e-02
1.550809413685213210e-02
1.401169908855936889e-02
1.258332199700721264e-02
1.414773500204054638e-02
1.210719629982314957e-02
8.094136852128962917e-03
8.570262549313025988e-03
1.013467555434635972e-02
5.713508366208677920e-03
1.632430961773902525e-03
2.584682356142031269e-03
5.645490409468108262e-03
9.522513943681136517e-03
9.454495986940546909e-03
5.781526322949266661e-03
0.000000000000000000e+00
1.836484831995649882e-03
8.230172765610121316e-03
1.353557339137534225e-02
1.067881920827099332e-02
4.829274928581156999e-03
3.945041490953616996e-03
4.353149231397092193e-03
3.400897837028982532e-03
2.788736226363759760e-03
4.761256971840568258e-03
7.822065025166644384e-03
1.305944769419127745e-02
1.095089103523331012e-02
5.033328798802885057e-03
9.522513943681098787e-04
9.522513943681098787e-04
2.992790096585506900e-03
4.693239015099998600e-03
5.713508366208677920e-03
8.774316419534754913e-03
1.210719629982314957e-02
1.326350156441302545e-02
1.163107060263910385e-02
1.081485512175215172e-02
1.101890899197388064e-02
1.067881920827099332e-02
7.754047068426074725e-03
4.557203101618839333e-03
7.141885457760852388e-03
1.407971704529997585e-02
1.544007618011156158e-02
1.612025574751733623e-02
1.931709971432457248e-02
1.992926132498981304e-02
1.700448918514489358e-02
1.612025574751733623e-02
1.530404026663038410e-02
1.292341178071009997e-02
1.353557339137534225e-02
2.108556658957965249e-02
2.462250034008977434e-02
2.067745884913619464e-02
1.836484831995648104e-02
2.013331519521152288e-02
1.918106380084343143e-02
1.720854305536660342e-02
2.251394368113180527e-02
2.768330839341586955e-02
2.611889538838253755e-02
2.244592572439123648e-02
2.081349476261733222e-02
1.782070466603184397e-02
1.897700993062168343e-02
2.196980002720717168e-02
2.462250034008977434e-02
2.482655421031151888e-02
2.258196163787241223e-02
2.537069786423615594e-02
3.156033192762891515e-02
3.659366072643180368e-02
3.666167868317236900e-02
4.135491769827233377e-02
4.271527683308395246e-02
4.373554618419261270e-02
4.740851584818391723e-02
4.761256971840566177e-02
4.353149231397090285e-02
4.244320500612163566e-02
4.203509726567814658e-02
3.917834308257379244e-02
4.026663039042306658e-02
3.890627125561147565e-02
2.781934430689700713e-02
2.047340497891444663e-02
1.938511767106517944e-02
1.639232757447965302e-02
1.040674738130867652e-02
6.257652020133312384e-03
7.549993198204327585e-03
7.277921371242010787e-03
1.217521425656373744e-02
1.489593252618692798e-02
1.074683716501156384e-02
2.856754183104348501e-03
1.428377091552174251e-03
7.618011154944916326e-03
7.209903414501441128e-03
1.292341178071015634e-03
3.128826010066665733e-03
1.122296286219562692e-02
1.210719629982314957e-02
7.686029111685486852e-03
7.209903414501441128e-03
8.842334376275342786e-03
3.400897837028982532e-03
2.448646442660872870e-03
7.618011154944916326e-03
7.141885457760852388e-03
5.781526322949266661e-03
5.237382669024632197e-03
6.121616106652153985e-03
7.822065025166644384e-03
8.230172765610121316e-03
1.061080125153040545e-02
1.115494490545503904e-02
1.537205822337099105e-02
2.047340497891444663e-02
1.877295606039993542e-02
1.809277649299416424e-02
2.033736906543327089e-02
2.224187185416948848e-02
2.761529043667530076e-02
2.693511086926948794e-02
2.162971024350428609e-02
1.945313562780574823e-02
2.407835668616514074e-02
3.162834988436948741e-02
3.754591212079989165e-02
4.162698952523468526e-02
5.114950346891578709e-02
5.625085022445927563e-02
5.638688613794042015e-02
4.890491089647668044e-02
4.761256971840566177e-02
5.550265270031289749e-02
6.611345395184330120e-02
7.046660318324036998e-02
6.903822609168822066e-02
6.556931029791866761e-02
6.747381308665488520e-02
6.808597469732008411e-02
6.692966943273025160e-02
6.352877159570126386e-02
6.352877159570126386e-02
6.570534621139981213e-02
6.230444837437082439e-02
5.781526322949261110e-02
5.400625765202013429e-02
4.917698272343899724e-02
4.618419262685350551e-02
4.332743844374915831e-02
4.006257652020135673e-02
3.734185825057814712e-02
3.407699632703033860e-02
3.496122976465786125e-02
3.196843966807236953e-02
2.679907495578834689e-02
2.353421303224050368e-02
2.441844646986806450e-02
2.033736906543327089e-02
1.707250714188546584e-02
2.264997959461298449e-02
2.530267990749558368e-02
2.122160250306082824e-02
2.128962045980139703e-02
2.210583594068835089e-02
2.047340497891444663e-02
1.945313562780574823e-02
1.748061488232892022e-02
1.782070466603184397e-02
1.829683036321590878e-02
1.618827370425794318e-02
1.183512447286083104e-02
1.095089103523331012e-02
