2.094455852156058007e-01
2.087415664417718308e-01
2.113229686124963869e-01
2.104429451452039523e-01
2.056321501906717975e-01
2.073921971252566943e-01
2.073335288941039189e-01
1.997066588442358848e-01
1.951892050454678840e-01
1.996479906130830262e-01
2.030507480199472137e-01
1.990026400704018872e-01
1.968319155177471469e-01
2.032854209445585092e-01
2.075095335875623836e-01
2.124376650044001447e-01
2.159577588735700215e-01
2.095042534467586592e-01
2.072748606629510604e-01
2.087415664417718308e-01
2.066881783514227799e-01
2.031680844822529031e-01
2.057494866529774868e-01
2.091522440598416466e-01
2.046347902610736458e-01
2.045174537987680397e-01
2.076855382810208206e-01
2.078615429744793686e-01
2.077442065121736792e-01
2.061014960398943885e-01
2.008213552361396426e-01
2.061014960398943885e-01
2.160164271047228524e-01
2.188911704312115070e-01
2.150190671751247284e-01
2.153124083308888548e-01
2.181871516573775927e-01
2.162511000293341479e-01
2.133176884716925792e-01
2.103842769140510938e-01
2.083895570548548182e-01
2.079788794367849747e-01
2.123789967732472861e-01
2.134350249339982686e-01
2.147843942505134052e-01
2.167204458785567667e-01
2.083895570548548182e-01
1.983572895277207482e-01
1.959518920504547124e-01
2.028160750953359182e-01
2.080962158990906641e-01
2.079202112056322271e-01
2.082135523613963535e-01
2.039307714872396482e-01
1.983572895277207482e-01
1.941918451158697323e-01
1.930184804928131437e-01
1.958345555881490230e-01
2.002933411557641930e-01
2.007626870049868673e-01
1.947198591962452652e-01
1.892050454678791405e-01
1.902024053974772644e-01
1.953652097389264042e-01
2.000000000000000389e-01
2.002346729246113344e-01
2.038134350249340421e-01
2.049867996479906584e-01
2.043414491053094917e-01
2.056908184218246283e-01
2.035787621003227466e-01
2.005866823115283193e-01
1.999413317688471803e-01
1.990026400704018872e-01
1.957758873569961644e-01
1.939571721912584368e-01
1.952478732766207148e-01
1.926078028747433002e-01
1.887943678498093525e-01
1.873863303021414128e-01
1.880903490759753549e-01
1.913757700205338530e-01
1.940745086535641262e-01
1.993546494573188999e-01
2.021120563215019206e-01
1.988853036080962811e-01
1.954238779700791795e-01
1.921971252566735400e-01
1.903197418597829538e-01
1.899677324728659689e-01
1.923144617189791461e-01
1.975946025227340030e-01
2.012320328542094861e-01
1.961278967439131771e-01
1.910237606336169514e-01
1.922557934878263985e-01
1.899090642417131103e-01
1.856262833675564605e-01
1.867996479906131047e-01
1.894397183924904915e-01
1.877383396890583978e-01
1.865063068348489506e-01
1.862129656790847687e-01
1.882076855382810443e-01
1.910824288647696989e-01
1.974772660604283137e-01
2.005866823115283193e-01
1.974772660604283137e-01
1.956585508946905583e-01
1.960105602816075709e-01
1.930771487239660023e-01
1.893810501613376329e-01
1.916104429451452318e-01
1.911997653270754161e-01
1.871516573775300618e-01
1.909650924024640928e-01
1.958932238193018538e-01
1.920211205632149920e-01
1.871516573775300618e-01
1.833382223525960864e-01
1.826342035787620888e-01
1.836902317395130713e-01
1.877970079202112008e-01
1.892050454678791405e-01
1.853916104429451650e-01
1.806394837195658687e-01
1.784687591669111284e-01
1.792901144030507599e-01
1.848049281314168291e-01
1.831035494279847353e-01
1.772953945438545398e-01
1.774127310061601737e-01
1.798767967145790680e-01
1.801114696391904191e-01
1.797007920211205756e-01
1.845115869756526750e-01
1.897917277794075042e-01
1.889703725432678449e-01
1.841009093575828870e-01
1.829862129656791014e-01
1.867409797594602738e-01
1.941918451158697323e-01
1.990613083015547458e-01
2.004106776180698823e-01
2.010560281607510213e-01
2.001173364623057283e-01
1.998239953065415742e-01
2.017600469345849357e-01
1.987092989146377331e-01
1.967732472865943161e-01
1.934878263420358180e-01
1.897330595482546733e-01
1.900850689351716583e-01
1.903197418597829538e-01
1.907304194778527140e-01
1.931358169551188331e-01
1.943091815781754217e-01
1.959518920504547124e-01
1.957172191258434168e-01
1.916104429451452318e-01
1.886183631563508600e-01
1.885010266940451984e-01
1.848635963625696876e-01
1.801114696391904191e-01
1.805221472572602071e-01
1.838662364329715915e-01
1.863303021413904581e-01
1.919624523320622445e-01
1.920797887943678506e-01
1.893223819301848299e-01
1.883250220005867059e-01
1.888530360809621833e-01
1.913171017893811054e-01
1.904957465532414185e-01
1.870929891463772587e-01
1.883836902317395368e-01
1.893223819301848299e-01
1.911997653270754161e-01
1.890877090055735066e-01
1.860369609856263040e-01
1.909064241713112620e-01
1.953652097389264042e-01
1.955998826635377275e-01
2.000000000000000389e-01
2.085068935171605076e-01
2.159577588735700215e-01
2.117336462305661471e-01
2.065708418891170906e-01
2.037547667937812113e-01
2.046934584922265044e-01
2.060428278087416409e-01
2.070988559694925402e-01
2.087415664417718308e-01
2.102669404517454044e-01
2.113816368436492454e-01
2.073335288941039189e-01
2.003520093869170238e-01
1.965385743619830206e-01
2.012320328542094861e-01
2.018773833968906251e-01
1.963625696685245559e-01
1.966559108242887099e-01
2.014080375476680063e-01
2.046347902610736458e-01
2.033440891757113678e-01
1.976532707538868339e-01
1.998826635376943495e-01
2.025814021707246226e-01
1.974185978292754551e-01
1.932531534174244392e-01
1.904957465532414185e-01
1.931944851862716916e-01
2.012907010853623169e-01
1.990026400704018872e-01
1.923731299501320047e-01
1.882663537694338474e-01
1.868583162217659077e-01
1.904957465532414185e-01
1.920797887943678506e-01
1.946025227339395758e-01
1.977119389850396092e-01
1.949545321208565885e-01
1.909064241713112620e-01
1.938398357289528307e-01
1.987092989146377331e-01
1.984159577588736068e-01
1.980639483719565941e-01
1.942505133470225909e-01
1.919624523320622445e-01
1.872689938398357512e-01
1.883250220005867059e-01
1.964799061308301620e-01
2.016427104722793295e-01
1.984159577588736068e-01
1.965385743619830206e-01
1.937224992666471413e-01
1.910824288647696989e-01
1.946611909650924344e-01
1.970665884423584702e-01
1.971839249046641596e-01
1.911997653270754161e-01
1.846289234379583644e-01
1.823408624229979347e-01
1.833382223525960864e-01
1.867409797594602738e-01
1.874449985332942437e-01
1.907890877090055726e-01
1.934878263420358180e-01
1.948371956585508713e-01
1.969492519800528640e-01
1.983572895277207482e-01
2.018187151657377665e-01
1.971252566735113010e-01
1.880903490759753549e-01
1.825168671164564549e-01
1.865649750660017536e-01
1.885010266940451984e-01
1.805808154884130656e-01
1.782340862422998329e-01
1.796421237899677725e-01
1.772953945438545398e-01
1.742446465239073095e-01
1.711938985039601346e-01
1.759460252273394032e-01
1.819301848049281467e-01
1.847462599002640260e-01
1.841595775887357178e-01
1.812848342622470077e-01
1.808154884130243611e-01
1.833382223525960864e-01
1.892637136990319990e-01
1.906130830155471079e-01
1.856849515987093191e-01
1.807568201818715026e-01
1.831035494279847353e-01
1.840422411264300284e-01
1.833382223525960864e-01
1.878556761513640594e-01
1.906717512466999664e-01
1.930184804928131437e-01
1.935464945731885933e-01
1.904370783220885599e-01
1.902024053974772644e-01
1.919624523320622445e-01
1.913757700205338530e-01
1.904957465532414185e-01
1.871516573775300618e-01
1.876796714579055669e-01
1.870929891463772587e-01
1.889117043121149864e-01
1.899677324728659689e-01
1.849809328248753215e-01
1.858022880610149807e-01
1.943678498093282803e-01
1.964799061308301620e-01
1.944265180404811111e-01
1.953652097389264042e-01
1.932531534174244392e-01
1.918451158697565551e-01
1.960692285127604018e-01
1.981812848342622835e-01
2.019947198591963144e-01
2.124376650044001447e-01
2.182458198885304512e-01
2.182458198885304512e-01
2.260486946318568391e-01
2.313875036667644436e-01
2.294514520387211098e-01
2.254033440891757833e-01
2.288061014960399708e-01
2.414197711938985136e-01
2.433558228219419584e-01
2.381343502493400432e-01
2.392490466412438010e-01
2.342035787621003229e-01
2.171311234966266102e-01
2.062188325022000779e-01
2.085068935171605076e-01
2.100909357582869397e-01
2.060428278087416409e-01
1.974185978292754551e-01
1.889117043121149864e-01
1.808154884130243611e-01
1.772367263127016812e-01
1.765327075388677391e-01
1.806981519507186995e-01
1.850982692871810109e-01
1.885596949251980015e-01
1.902024053974772644e-01
1.831622176591375939e-01
1.765913757700205422e-01
1.806394837195658687e-01
1.853916104429451650e-01
1.836315635083602404e-01
1.848635963625696876e-01
1.889117043121149864e-01
1.853329422117923342e-01
1.864476386036961197e-01
1.838662364329715915e-01
1.818128483426224851e-01
1.869169844529187663e-01
1.938398357289528307e-01
1.937224992666471413e-01
1.921384570255207092e-01
1.995893223819301954e-01
2.063948371956586259e-01
2.059254913464359515e-01
2.109709592255794020e-01
2.205338809034907699e-01
2.246993253153417858e-01
2.278087415664418192e-01
2.277500733352889606e-01
2.269287180991493846e-01
2.256966852449399374e-01
2.216485772953946110e-01
2.210032267527134719e-01
2.198298621296568001e-01
2.159577588735700215e-01
2.106189498386623893e-01
2.049281314168377999e-01
1.979466119096509880e-01
1.948371956585508713e-01
1.996479906130830262e-01
1.986506306834849023e-01
1.909650924024640928e-01
1.842182458198885209e-01
1.816368436491639926e-01
1.805221472572602071e-01
1.829862129656791014e-01
1.863303021413904581e-01
1.894397183924904915e-01
1.963625696685245559e-01
1.993546494573188999e-01
1.930184804928131437e-01
1.854502786740979681e-01
1.785274273980639592e-01
1.726019360516280743e-01
1.759460252273394032e-01
1.807568201818715026e-01
1.787621003226752825e-01
1.817541801114696542e-01
1.809914931064828536e-01
1.778820768553828202e-01
1.815781754180111618e-01
1.855676151364036575e-01
1.829275447345262984e-01
1.770020533880903857e-01
1.744793194485186605e-01
1.724259313581695818e-01
1.701965385743619830e-01
1.711352302728072761e-01
1.762980346142563881e-01
1.726019360516280743e-01
1.691405104136110560e-01
1.652684071575242220e-01
1.645643883836902244e-01
1.652097389263713634e-01
1.653857436198298836e-01
1.674391317101789622e-01
1.696098562628337025e-01
1.693165151070695484e-01
1.656204165444412069e-01
1.626283367556468351e-01
1.625696685244940043e-01
1.690231739513053943e-01
1.740686418304488170e-01
1.742446465239073095e-01
1.701965385743619830e-01
1.700205338809034905e-01
1.696685244939865334e-01
1.702552068055148415e-01
1.702552068055148415e-01
1.690231739513053943e-01
1.697271927251393364e-01
1.666764447051921616e-01
1.635670284540921282e-01
1.687885010266940433e-01
1.710765620416544730e-01
1.723085948958639202e-01
1.757113523027281077e-01
1.771193898503960473e-01
1.795834555588149140e-01
1.807568201818715026e-01
1.822235259606923008e-01
1.797594602522734064e-01
1.835142270460545788e-01
1.892050454678791405e-01
1.919624523320622445e-01
1.939571721912584368e-01
1.924317981812848355e-01
1.930184804928131437e-01
1.943678498093282803e-01
1.974185978292754551e-01
2.007626870049868673e-01
2.005866823115283193e-01
1.973012613669698490e-01
1.978292754473452986e-01
2.006453505426811779e-01
2.056321501906717975e-01
2.070988559694925402e-01
2.039894397183925068e-01
2.031680844822529031e-01
2.056908184218246283e-01
2.041654444118510547e-01
1.960105602816075709e-01
1.886770313875036909e-01
1.890877090055735066e-01
1.869169844529187663e-01
1.821061894983866392e-01
1.818128483426224851e-01
1.778234086242299894e-01
1.712525667351129377e-01
1.713699031974186271e-01
1.701965385743619830e-01
1.656790847755940099e-01
1.699618656497506874e-01
1.747726606042828146e-01
1.723672631270167233e-01
1.653270753886770250e-01
1.622763273687298502e-01
1.643297154590789289e-01
1.643883836902317319e-01
1.579348782634203696e-01
1.561748313288354451e-01
1.554708125550015030e-01
1.559988266353769526e-01
1.574655324141977231e-01
1.657377530067468685e-01
1.762393663831035573e-01
1.823995306541507933e-01
1.796421237899677725e-01
1.790554414784394366e-01
1.900850689351716583e-01
2.047521267233793352e-01
2.160750953358756277e-01
2.211205632150190781e-01
2.242299794661191115e-01
2.309181578175418526e-01
2.472279260780288201e-01
2.569081842182459052e-01
2.526840715752420308e-01
2.493399823995307019e-01
2.492226459372250125e-01
2.503960105602816011e-01
2.469345849222646661e-01
2.390143737166324778e-01
2.346729246113230249e-01
2.390143737166324778e-01
2.400117336462306294e-01
2.272220592549135110e-01
2.185391610442945776e-01
2.183631563508360574e-01
2.136110296274567333e-01
2.060428278087416409e-01
1.950718685831622778e-01
1.916691111762980071e-01
1.909650924024640928e-01
1.887943678498093525e-01
1.866823115283074153e-01
1.876796714579055669e-01
1.924317981812848355e-01
1.981226166031094527e-01
2.001173364623057283e-01
1.971252566735113010e-01
1.865063068348489506e-01
1.778820768553828202e-01
1.735992959812261704e-01
1.745966559108242944e-01
1.760046934584922340e-01
1.783514227046054668e-01
1.814021707245526416e-01
1.845702552068055335e-01
1.805808154884130656e-01
1.741859782927545064e-01
1.761806981519507542e-01
1.794661190965092523e-01
1.789381050161337749e-01
1.803461425638017146e-01
1.878556761513640594e-01
2.021707245526547791e-01
2.149017307128190113e-01
2.198298621296568001e-01
2.259900264007040915e-01
2.329715459078908757e-01
2.312701672044588375e-01
2.337929011440305627e-01
2.424171311234966653e-01
2.460545614549721483e-01
2.414784394250513722e-01
2.354356116163097701e-01
2.390730419477853363e-01
2.421824581988853697e-01
2.386036960985626343e-01
2.304488119683191505e-01
2.191258433558228857e-01
2.117336462305661471e-01
2.088002346729246617e-01
2.076268700498680730e-01
2.011146963919037689e-01
1.931944851862716916e-01
1.862716339102376273e-01
1.812261660310941491e-01
1.757113523027281077e-01
1.660897623936638534e-01
1.599295981226166175e-01
1.537694338515694092e-01
1.515987092989146412e-01
1.538867703138750709e-01
1.639190378410090854e-01
1.681431504840129043e-01
1.647990613083015754e-01
1.577002053388090463e-01
1.518920504546788230e-01
1.504253446758580248e-01
1.476679378116750041e-01
1.443825168671164783e-01
1.440891757113523242e-01
1.481372836608976507e-01
1.546494573188618438e-01
1.608096215899090520e-01
1.568788501026694426e-01
1.555881490173071369e-01
1.595775887356996325e-01
1.628043414491053276e-01
1.652097389263713634e-01
1.662657670871223181e-01
1.622763273687298502e-01
1.564095042534467961e-01
1.560574948665297834e-01
1.577588735699618772e-01
1.567028454092109502e-01
1.555294807861543060e-01
1.533587562334995658e-01
1.595189205045468017e-01
1.588149017307128319e-01
1.598709298914637589e-01
1.627456732179524967e-01
1.625696685244940043e-01
1.636256966852449313e-01
1.619829862129656961e-01
1.584042241126430162e-01
1.606922851276034181e-01
1.718392490466412736e-01
1.716045761220299226e-01
1.573481959518920892e-01
1.501320035200938985e-01
1.515987092989146412e-01
1.538281020827222123e-01
1.564095042534467961e-01
1.563508360222939375e-01
1.576415371076562433e-01
1.591082428864769860e-01
1.541801114696391972e-01
1.518333822235259645e-01
1.552361396303901520e-01
1.615723085948958526e-01
1.647403930771487168e-01
1.629803461425637923e-01
1.571135230272807382e-01
1.516573775300674720e-01
1.574655324141977231e-01
1.687885010266940433e-01
1.706072161924318265e-01
1.715459078908771196e-01
1.754766793781167566e-01
1.802288061014960530e-01
1.891463772367263374e-01
1.927838075682018482e-01
1.948958638897037299e-01
2.026987386330302288e-01
2.143150484012907309e-01
2.271047227926078216e-01
2.424171311234966653e-01
2.517453798767967377e-01
2.550894690525080666e-01
2.581988853036080722e-01
2.639483719565855480e-01
2.657084188911704170e-01
2.678791434438251851e-01
2.783807568201819294e-01
2.784980932824875355e-01
2.725139337048989030e-01
2.767967145790555250e-01
2.827808741566442685e-01
2.792021120563215608e-01
2.689351716045761398e-01
2.652977412731006845e-01
2.685831622176591549e-01
2.647697271927251239e-01
2.498679964799061515e-01
2.307421531240833046e-01
2.218245819888530757e-01
2.165444411850983020e-01
2.109709592255794020e-01
2.038134350249340421e-01
1.942505133470225909e-01
1.797594602522734064e-01
1.747139923731299560e-01
1.792314461718979290e-01
1.804634790261073762e-01
1.768260486946318932e-01
1.783514227046054668e-01
1.853916104429451650e-01
1.924904664124376941e-01
1.934878263420358180e-01
1.843942505133470411e-01
1.794661190965092523e-01
1.832795541214432278e-01
1.860956292167791071e-01
1.864476386036961197e-01
1.909064241713112620e-01
1.939571721912584368e-01
1.966559108242887099e-01
2.014080375476680063e-01
2.026400704018774535e-01
2.036960985626283527e-01
2.113229686124963869e-01
2.213552361396304569e-01
2.259313581695512330e-01
2.319741859782927518e-01
2.428278087415665087e-01
2.622469932531534265e-01
2.819595189205045815e-01
2.922264593722499471e-01
2.973892637136991146e-01
2.982692871809915491e-01
3.036080962158991259e-01
3.143443825168671379e-01
3.151070695218539663e-01
3.114109709592256525e-01
3.123496626576709456e-01
3.094749193311822077e-01
3.037254326782047320e-01
2.966852449398650893e-01
2.906424171311234872e-01
2.855382810208272892e-01
2.778527427398064242e-01
2.729246113229686355e-01
2.662364329715459776e-01
2.528014080375477479e-01
2.414197711938985136e-01
2.342622469932531815e-01
2.239366383103549574e-01
2.138457025520681121e-01
2.109709592255794020e-01
2.070988559694925402e-01
2.022880610149604685e-01
1.963625696685245559e-01
1.910237606336169514e-01
1.903784100909358123e-01
1.923144617189791461e-01
1.948371956585508713e-01
1.930184804928131437e-01
1.921384570255207092e-01
1.910824288647696989e-01
1.842182458198885209e-01
1.735406277500733674e-01
1.693751833382223515e-01
1.771193898503960473e-01
1.833382223525960864e-01
1.831035494279847353e-01
1.798181284834262095e-01
1.775887356996186661e-01
1.795834555588149140e-01
1.853916104429451650e-01
1.916104429451452318e-01
1.948958638897037299e-01
1.990613083015547458e-01
2.035200938691699157e-01
2.099735992959812503e-01
2.204752126723379391e-01
2.306834848929305570e-01
2.370783220885890608e-01
2.424171311234966653e-01
2.449985332942212490e-01
2.424171311234966653e-01
2.433558228219419584e-01
2.420064535054268218e-01
2.337929011440305627e-01
2.306248166617776985e-01
2.342035787621003229e-01
2.279847462599002839e-01
2.143150484012907309e-01
2.099735992959812503e-01
2.100909357582869397e-01
2.028160750953359182e-01
1.954238779700791795e-01
1.909064241713112620e-01
1.918451158697565551e-01
1.883836902317395368e-01
1.856849515987093191e-01
1.834555588149017480e-01
1.805221472572602071e-01
1.757113523027281077e-01
1.721325902024054277e-01
1.693751833382223515e-01
1.689645057201525358e-01
1.635083602229392974e-01
1.550014667057788564e-01
1.560574948665297834e-01
1.642710472279260703e-01
1.737753006746846629e-01
1.761220299207978957e-01
1.737166324435318598e-01
1.759460252273394032e-01
1.809914931064828536e-01
1.835142270460545788e-01
1.872689938398357512e-01
1.933704898797301286e-01
2.004106776180698823e-01
2.126136696978586926e-01
2.198885303608096309e-01
2.214139043707832322e-01
2.282194191845116626e-01
2.411264300381343872e-01
2.498093282487533207e-01
2.604282780874156988e-01
2.683484892930478871e-01
2.719272513933704838e-01
2.776180698151951010e-01
2.865356409504254409e-01
2.977412731006160995e-01
3.088295687885010410e-01
3.124669991199765517e-01
3.143443825168671379e-01
3.144617189791727996e-01
3.118216485772953850e-01
3.094749193311822077e-01
3.083602229392784499e-01
3.023173951305368479e-01
2.970372543267820742e-01
2.886476972719272949e-01
2.749193311821649388e-01
2.651804048107949674e-01
2.645350542681138561e-01
2.674097975946025940e-01
2.665297741273101040e-01
2.560868289821062183e-01
2.428278087415665087e-01
2.307421531240833046e-01
2.236432971545908033e-01
2.300968025814022488e-01
2.372543267820476087e-01
2.338515693751833380e-01
2.322088589029041306e-01
2.347902610736286311e-01
2.355529480786154595e-01
2.412437665004400766e-01
2.519213845702552579e-01
2.559108242886477536e-01
2.532707538867703390e-01
2.486359636256967043e-01
2.473452625403344263e-01
2.550894690525080666e-01
2.621296567908478203e-01
2.726312701672045091e-01
2.901144030507480376e-01
3.075388677031387630e-01
3.176884716925785224e-01
3.273100616016427766e-01
3.405104136110296276e-01
3.676738046347902689e-01
3.916104429451452984e-01
4.155470812555002169e-01
4.411850982692872569e-01
4.755646817248460057e-01
5.104722792607803150e-01
5.451452038721033011e-01
5.790554414784394588e-01
6.086828982106190500e-01
6.327368729832795191e-01
6.537987679671458663e-01
6.704605456145497078e-01
6.770900557348196180e-01
6.785567615136404163e-01
6.747433264887064963e-01
6.686418304488120912e-01
6.522733939571722095e-01
6.271047227926077605e-01
5.958345555881491284e-01
5.728366089762394475e-01
5.547081255500146968e-01
5.281900850689352778e-01
5.058374889997067081e-01
5.012613669697859597e-01
4.831915517747140676e-01
4.438251686711646160e-01
4.046934584922265432e-01
3.785860956292168011e-01
3.637430331475506318e-01
3.603402757406864443e-01
3.585802288061015752e-01
3.555881490173071757e-01
3.501320035200939373e-01
3.449691991786447698e-01
3.504840129070108667e-01
3.469639190378410731e-01
3.405104136110296276e-01
3.373423291287768189e-01
3.392197125256674051e-01
3.435611616309768857e-01
3.444411850982693202e-01
3.394543854502787283e-01
3.383983572895277181e-01
3.428571428571429158e-01
3.476092695805222399e-01
3.628630096802581972e-01
3.988266353769434058e-01
4.447051921384570505e-01
4.865943091815781996e-01
5.102962745673218503e-01
5.261953652097389744e-01
5.431504840129071088e-01
5.735992959812261649e-01
6.133763567028454045e-01
6.492813141683779765e-01
6.912877676738046206e-01
7.352889410384277902e-01
7.686124963332355842e-01
8.014667057788208426e-01
8.285127603402758778e-01
8.623643297154591769e-01
8.883543561161632018e-01
9.026107362863010630e-01
9.121149897330596001e-01
9.209738926371371370e-01
9.207392197125257027e-01
9.157524200645350554e-01
9.100616016427105492e-01
8.993839835728952847e-01
8.857142857142857872e-01
8.658257553534761675e-01
8.363743033147550410e-01
7.924904664124378106e-01
7.583455558814902187e-01
7.321208565561748705e-01
6.973305954825462782e-01
6.623056614843063628e-01
6.386036960985627120e-01
6.136110296274568388e-01
5.633323555294807994e-01
4.871223232619536492e-01
4.244646523907304458e-01
4.070988559694925790e-01
4.122029920797888880e-01
4.152537400997360351e-01
4.083895570548548570e-01
4.091522440598416299e-01
4.127896743913171962e-01
4.062775007333529476e-01
3.988266353769434058e-01
3.964212378996773700e-01
3.954238779700792183e-01
3.921971252566735511e-01
3.921384570255207480e-01
3.975946025227339309e-01
3.963625696685245114e-01
4.018773833968906639e-01
4.414784394250513833e-01
5.038427691405105158e-01
5.483719565855089684e-01
5.727779407450865889e-01
5.936051628043413908e-01
6.122616603109417577e-01
6.341449105309475698e-01
6.555588149017307353e-01
6.767967145790554362e-01
7.106482839542387353e-01
7.585802288061015419e-01
8.242299794661190893e-01
8.858316221765913934e-01
9.276620709885597948e-01
9.513640363743034456e-01
9.680258140217072871e-01
9.801114696391904912e-01
9.867409797594604015e-01
9.955412144323849688e-01
1.000000000000000000e+00
9.985919624523321714e-01
9.938398357289528473e-01
9.820475212672338250e-01
9.626870049867997103e-01
9.347609269580522406e-01
8.960398943971840113e-01
8.618949838662365304e-01
8.251100029334115238e-01
7.856262833675564661e-01
7.581695511880317540e-01
7.380463479026108109e-01
7.159284247579936755e-01
6.977999413317688138e-01
6.810794954532122247e-01
6.478146083895571783e-01
5.868583162217659854e-01
5.038427691405105158e-01
4.320328542094456492e-01
4.083308888237019985e-01
4.114989733059548627e-01
4.248166617776474308e-01
4.340862422997946446e-01
4.329715459078909423e-01
4.231152830742153648e-01
4.187738339689059397e-01
4.132590202405397872e-01
4.034614256380170683e-01
3.973599295981226631e-01
3.974772660604283248e-01
3.936638310354942938e-01
3.924904664124377329e-01
4.073335288941038468e-01
4.381930184804928574e-01
4.686418304488120246e-01
4.899383983572895285e-01
5.073628630096802539e-01
5.244939865063069639e-01
5.378116749779995320e-01
5.476092695805221400e-01
5.676738046347903355e-01
5.903784100909358346e-01
6.290994426518040639e-01
6.763860369609856482e-01
7.195071868583163832e-01
7.657377530067468463e-01
8.180698151950720476e-01
8.582575535347610751e-01
8.836608976239366253e-01
9.012613669697858709e-01
9.185684951598710457e-01
9.261953652097389966e-01
9.399823995306542113e-01
9.488999706658844957e-01
9.420357876210032622e-01
9.278967439131711181e-01
9.180404810794954296e-01
9.103549427984746201e-01
8.970959225579349106e-01
8.736872983279554417e-01
8.447051921384570727e-01
7.993546494573189332e-01
7.515987092989147023e-01
7.052508066881784110e-01
6.604869463185685241e-01
6.248753300088003559e-01
5.966559108242888154e-01
5.623349955998826477e-01
5.259606922851276511e-01
4.939278380756820797e-01
4.618949838662364527e-01
4.220005866823115515e-01
3.876796714579055503e-01
3.795834555588149528e-01
3.804634790261073873e-01
3.784100909357583364e-01
3.723085948958639868e-01
3.659724259313582029e-01
3.574068641830449033e-01
3.520680551481372711e-01
3.477852742739806491e-01
3.404517453798768800e-01
3.386916984452918999e-01
3.427984746259900573e-01
3.469639190378410731e-01
3.545907890877090241e-01
3.653857436198299502e-01
3.795834555588149528e-01
3.885596949251980403e-01
3.933704898797301674e-01
3.927838075682018593e-01
3.883836902317395756e-01
3.915517747139924398e-01
4.007626870049867951e-01
4.124963332355530143e-01
4.316808448225286088e-01
4.824875330008800423e-01
5.490173071281901906e-01
6.041067761806981906e-01
6.391903784100909647e-01
6.695805221472572732e-01
6.993839835728952181e-01
7.305954825462012137e-01
7.534760926958052885e-01
7.711938985039601402e-01
7.827515400410678392e-01
7.882076855382811331e-01
7.791141097095922730e-01
7.619829862129657849e-01
7.484306248166618936e-01
7.299501320035202134e-01
6.985626283367557532e-01
6.661190965092402827e-01
6.414784394250514499e-01
6.103842769140511715e-01
5.751246699911998217e-01
5.394543854502787950e-01
5.017893810501613538e-01
4.600762687004987250e-01
4.238779700792021377e-01
3.885010266940452373e-01
3.609856262833676110e-01
3.452625403344089516e-01
3.350542681138163892e-01
3.206218832502200078e-01
3.021413904370783832e-01
2.874743326488707340e-01
2.740979759460252518e-01
2.605456145497213605e-01
2.512760340275741466e-01
2.431211498973306628e-01
2.337342329128777318e-01
2.286300968025814229e-01
2.279260780287474253e-01
2.251686711645644046e-01
2.225872689938399041e-01
2.235846289234379725e-01
2.254620123203285587e-01
2.329715459078908757e-01
2.397183924904664754e-01
2.384276914051041973e-01
2.415957758873570616e-01
2.459372249926665421e-01
2.470519213845702722e-01
2.430038134350249734e-01
2.432384863596362690e-01
2.474625990026401157e-01
2.516280434144910760e-01
2.526254033440891722e-01
2.498679964799061515e-01
2.529774127310062126e-01
2.660604282780874574e-01
2.830155470812555363e-01
2.958052214725726548e-01
3.057201525374010354e-01
3.125843355822822134e-01
3.179818128483427042e-01
3.240246406570841953e-01
3.301848049281315145e-01
3.280140803754767465e-01
3.237312995013200689e-01
3.220299207978880029e-01
3.233792901144030840e-01
3.236139630390144628e-01
3.209738926371370482e-01
3.155177471399238098e-01
3.055441478439425707e-01
2.931651510706952402e-01
2.833088882370197181e-01
2.767967145790555250e-01
2.661190965092402605e-01
2.472279260780288201e-01
2.263420357876210764e-01
2.131416837782341422e-01
2.049281314168377999e-01
1.944851862716338864e-01
1.783514227046054668e-01
1.638603696098562823e-01
1.535347609269580582e-01
1.486066295101202972e-01
1.421531240833089071e-01
1.347022587268993932e-01
1.317101789381050214e-01
1.298914637723672938e-01
1.272513933704899070e-01
1.268993839835729220e-01
1.271927251393370484e-01
1.304781460838955742e-01
1.308888237019653900e-01
1.264887063655030786e-01
1.278380756820182151e-01
1.352302728072748428e-01
1.371663244353182876e-01
1.369316515107069365e-01
1.370489879730126259e-01
1.352889410384277014e-01
1.322381930184805265e-01
1.325902024053974837e-01
1.346435904957465624e-01
1.372249926664711461e-01
1.412144323848636140e-01
1.474919331182165116e-01
1.483132883543561431e-01
1.497213259020240550e-01
1.565268407157524300e-01
1.627456732179524967e-01
1.679084775594016088e-01
1.748313288354356176e-01
1.877383396890583978e-01
1.975359342915811445e-01
2.000000000000000389e-01
2.024053974772660747e-01
2.141390437078322662e-01
2.215899090642417801e-01
2.251100029334116293e-01
2.256380170137870789e-01
2.241713112349663362e-01
2.202405397477266435e-01
2.164271047227926126e-01
2.166617776474039914e-01
2.117923144617190057e-01
2.065708418891170906e-01
2.040481079495453653e-01
1.958932238193018538e-01
1.846875916691111674e-01
1.815195071868583587e-01
1.821061894983866392e-01
1.826342035787620888e-01
1.863889703725432612e-01
1.845702552068055335e-01
1.756526840715752491e-01
1.717219125843355843e-01
1.724259313581695818e-01
1.715459078908771196e-01
1.639190378410090854e-01
1.569375183338222457e-01
1.540041067761807048e-01
1.476092695805221455e-01
1.430331475506013417e-01
1.402757406864183209e-01
1.408037547667937983e-01
1.395130536814315203e-01
1.341155764153711127e-01
1.295394543854502811e-01
1.274860662951012025e-01
1.288941038427691421e-01
1.330008800234673272e-01
1.344675858022880699e-01
1.365796421237899794e-01
1.413317688471692479e-01
1.429744793194485386e-01
1.447931944851862940e-01
1.489586388970372544e-01
1.564681724845995991e-01
1.644470519213845905e-01
1.728366089762393698e-01
1.808741566441771920e-01
1.880316808448225518e-01
1.959518920504547124e-01
2.070401877383396816e-01
2.124376650044001447e-01
2.156644177178058674e-01
2.273393957172191449e-01
2.461132296861249791e-01
2.621883250220006789e-01
2.740979759460252518e-01
2.833088882370197181e-01
2.977412731006160995e-01
3.114696391903785111e-01
3.149310648283954461e-01
3.173951305368143960e-01
3.224405984159577909e-01
3.258433558228220339e-01
3.275447345262540444e-01
3.312408330888824137e-01
3.308301554708126258e-01
3.276034027574069030e-01
3.191551774713992651e-01
3.053094749193311919e-01
2.922264593722499471e-01
2.762687004986799644e-01
2.601936051628043756e-01
2.469932531534174414e-01
2.340275740686418859e-01
2.246993253153417858e-01
2.178351422704606077e-01
2.160164271047228524e-01
2.133176884716925792e-01
2.065708418891170906e-01
1.978292754473452986e-01
1.872103256086829204e-01
1.775887356996186661e-01
1.666764447051921616e-01
1.592842475799354784e-01
1.515400410677618381e-01
1.427984746259900461e-01
1.374009973599295831e-01
1.386916984452918888e-01
1.321795247873276680e-01
1.232032854209445943e-01
1.256086828982106163e-01
1.281314168377823415e-01
1.237312995013200440e-01
1.177471399237313282e-01
1.170431211498973445e-01
1.199178644763860685e-01
1.257846875916691365e-01
1.330008800234673272e-01
1.377530067468465957e-01
1.456145497213259254e-01
1.551188031680844903e-01
1.621589909064241886e-01
1.680844822528601012e-01
1.708418891170431220e-01
1.740099735992960139e-01
1.734232912877676780e-01
1.787034320915224794e-01
1.834555588149017480e-01
1.839249046641243945e-01
1.951305368143150254e-01
2.091522440598416466e-01
2.235259606922851972e-01
2.357289527720739242e-01
2.478146083895571283e-01
2.586095629216779157e-01
2.655910824288648109e-01
2.759166911117630350e-01
2.867703138750367087e-01
2.885303608096216332e-01
2.857729539454386125e-01
2.792607802874743639e-01
2.740393077148724488e-01
2.745086535640950953e-01
2.716925784687592160e-01
2.637136990319742247e-01
2.569668524493986528e-01
2.524493986506307075e-01
2.442358462892343929e-01
2.316808448225285977e-01
2.225872689938399041e-01
2.147843942505134052e-01
2.097389263713699548e-01
2.035787621003227466e-01
2.003520093869170238e-01
1.910237606336169514e-01
1.730712819008507208e-01
1.530067468465825808e-01
1.387503666764447197e-01
1.294221179231446472e-01
1.220299207978879502e-01
1.080668817835142570e-01
9.551188031680844792e-02
8.800234672924611701e-02
8.295687885010269436e-02
7.785274273980638537e-02
7.738339689058373883e-02
8.559694925198008120e-02
9.152244059841598001e-02
9.011440305074804036e-02
8.800234672924611701e-02
8.841302434731594662e-02
8.753300088002347046e-02
8.594895863889702448e-02
8.512760340275743465e-02
8.741566441771780882e-02
8.688765033734231757e-02
8.530360809621592710e-02
9.328248753300087681e-02
9.768260486946318821e-02
9.310648283954241211e-02
8.506893517160457607e-02
8.653564095042537430e-02
9.117043121149898122e-02
9.293047814608391965e-02
9.246113229686127311e-02
9.052508066881784221e-02
8.741566441771780882e-02
8.671164564388386675e-02
8.594895863889702448e-02
8.336755646817249621e-02
8.237019653857435841e-02
8.624229979466122020e-02
9.040774420651219445e-02
8.483426224699328055e-02
8.172484599589324716e-02
8.418891170431214155e-02
9.087709005573484100e-02
9.310648283954241211e-02
9.281314168377823026e-02
9.527720739219715240e-02
1.016133763567028531e-01
1.036667644470519456e-01
1.016720445878556978e-01
1.023760633616896537e-01
1.027867409797594556e-01
1.051334702258726883e-01
1.082428864769727078e-01
1.067761806981519651e-01
1.034320915224405946e-01
1.032560868289821021e-01
1.039601056028160858e-01
1.037254326782047487e-01
1.039601056028160858e-01
1.059548254620123198e-01
1.061894983866236708e-01
1.024933998239953015e-01
9.433851569375185930e-02
9.163977706072162777e-02
9.210912290994427432e-02
9.251980052801407617e-02
9.287180991493107496e-02
8.753300088002347046e-02
8.090349075975361570e-02
7.579935464945734835e-02
7.579935464945734835e-02
7.920211205632152196e-02
8.137283660897626225e-02
7.802874743326489171e-02
7.151657377530068471e-02
7.022587268993839282e-02
7.175124669991198023e-02
7.075388677031388407e-02
7.151657377530068471e-02
7.227926078028748536e-02
7.321795247873276458e-02
7.896743913171018481e-02
8.495159870929892831e-02
9.263713699031976556e-02
9.298914637723672272e-02
9.046641243766499751e-02
9.463185684951601340e-02
9.838662364329717192e-02
1.022000586682311474e-01
1.073041947785274147e-01
1.124669991199765268e-01
1.159284247579935451e-01
1.176298034614256388e-01
1.210912290994426571e-01
1.275447345262540610e-01
1.341742446465239158e-01
1.389850396010560152e-01
1.441478439425051272e-01
1.497799941331768858e-01
1.562921677911411067e-01
1.670284540921091188e-01
1.727779407450865667e-01
1.757113523027281077e-01
1.793487826342035629e-01
1.823408624229979347e-01
1.833382223525960864e-01
1.887356996186564939e-01
1.939571721912584368e-01
1.914344382516867116e-01
1.873863303021414128e-01
1.815195071868583587e-01
1.785860956292167900e-01
1.747139923731299560e-01
1.674977999413317653e-01
1.658550894690525301e-01
1.667351129363449647e-01
1.640363743033147748e-01
1.606922851276034181e-01
1.639190378410090854e-01
1.663831035494280075e-01
1.615136403637430496e-01
1.544734526254033513e-01
1.482546201232033123e-01
1.449105309474919279e-01
1.402170724552654624e-01
1.378703432091522296e-01
1.365209738926371486e-01
1.331768847169258196e-01
1.266647110589615710e-01
1.217365796421238100e-01
1.197418597829275622e-01
1.159284247579935451e-01
1.080082135523614123e-01
9.926664711058962032e-02
9.345849222645936927e-02
9.287180991493107496e-02
9.046641243766499751e-02
8.477559401584043586e-02
8.102082722205926346e-02
8.184218245819890880e-02
8.700498679964800697e-02
9.650924024640658572e-02
1.004986799647990675e-01
9.615723085948960080e-02
9.351716045761221396e-02
1.036667644470519456e-01
1.114696391903784306e-01
1.153417424464652508e-01
1.210325608682898124e-01
1.257846875916691365e-01
1.319448518627163169e-01
1.335875623349956076e-01
1.347609269580521962e-01
1.380463479026107221e-01
1.460838955705485720e-01
1.526547374596656237e-01
1.622763273687298502e-01
1.694925198005280409e-01
1.774713992373130322e-01
1.866236432971546122e-01
2.002933411557641930e-01
2.126136696978586926e-01
2.177764740393077492e-01
2.220005866823115126e-01
2.282194191845116626e-01
2.334995599882664363e-01
2.296274567321795468e-01
2.268113816368436952e-01
2.269287180991493846e-01
2.269287180991493846e-01
2.244646523907304903e-01
2.154884130243473195e-01
2.114403050748019930e-01
2.083895570548548182e-01
1.981812848342622835e-01
1.900264007040187997e-01
1.845702552068055335e-01
1.815781754180111618e-01
1.758286887650337416e-01
1.660897623936638534e-01
1.580522147257260313e-01
1.530654150777354117e-01
1.516573775300674720e-01
1.496626576708712519e-01
1.469639190378410065e-01
1.399823995306541669e-01
1.326488706365503145e-01
1.242593135816955352e-01
1.158697565268407420e-01
1.134056908184218199e-01
1.128190085068935256e-01
1.106482839542387853e-01
1.053681431504840255e-01
1.003226752713405612e-01
9.369316515107072030e-02
8.436491639777063400e-02
8.019947198591961812e-02
7.486066295101205526e-02
6.899383983572895951e-02
6.717512466999121801e-02
6.899383983572895951e-02
6.752713405690821680e-02
6.465239073041947893e-02
6.576708712232327836e-02
7.163391023760633247e-02
7.556468172484599732e-02
7.849809328248753826e-02
8.061014960398946161e-02
8.542094455852157486e-02
9.199178644763862656e-02
9.404517453798770521e-02
9.328248753300087681e-02
9.510120269873865995e-02
1.038427691405104381e-01
1.022587268993840059e-01
1.003813435024934198e-01
1.064828395423878110e-01
1.121736579642123727e-01
1.161630976826048961e-01
1.203285420944558703e-01
1.248459958932238295e-01
1.287767673804635082e-01
1.311821648577295440e-01
1.333528894103842566e-01
1.359342915811088404e-01
1.371076562041654290e-01
1.395717219125843789e-01
1.446171897917277738e-01
1.476092695805221455e-01
1.440891757113523242e-01
1.425051334702258921e-01
1.453798767967145744e-01
1.477852742739806657e-01
1.490173071281900852e-01
1.460838955705485720e-01
1.453798767967145744e-01
1.463185684951598675e-01
1.450865356409504203e-01
1.400410677618070254e-01
1.352302728072748428e-01
1.314755060134936704e-01
1.236139630390143823e-01
1.146963919037841118e-01
1.145203872103256054e-01
1.109416251100029394e-01
1.045467879143443801e-01
9.997066588442361790e-02
9.809328248753303170e-02
9.410384276914050827e-02
9.169844529187447246e-02
8.272220592549134333e-02
7.392197125256676216e-02
6.705778820768557025e-02
6.512173657964212548e-02
6.265767087122324497e-02
6.013493693165151976e-02
6.394837195658553686e-02
6.494573188618363302e-02
6.136696978586096002e-02
5.731886183631564047e-02
5.855089469052508072e-02
6.095629216779115817e-02
6.031094162511001916e-02
5.726019360516279577e-02
5.784687591669113171e-02
6.007626870049867507e-02
5.555881490173070897e-02
4.916397770607215667e-02
5.156937518333823411e-02
5.726019360516279577e-02
6.435904957465533871e-02
6.535640950425347651e-02
6.453505426811383117e-02
6.171897917277795881e-02
6.078028747433266571e-02
6.254033440891759721e-02
5.796421237899678641e-02
5.825755353476093357e-02
6.083895570548546877e-02
6.306834848929304682e-02
6.635376943385157267e-02
6.371369903197418583e-02
5.790554414784394172e-02
5.708418891170433801e-02
6.142563801701380471e-02
6.576708712232327836e-02
6.875916691111765011e-02
7.040187738339689916e-02
6.635376943385157267e-02
6.330302141390439785e-02
6.787914344382516008e-02
6.969785860956294321e-02
6.764447051921386456e-02
6.799647990613086335e-02
7.204458785567617596e-02
7.697271927251393697e-02
8.113816368436491122e-02
8.465825755353478810e-02
8.319155177471398988e-02
7.937811674978001442e-02
7.579935464945734835e-02
6.969785860956294321e-02
6.312701672044589152e-02
6.576708712232327836e-02
7.409797594602521298e-02
7.585802288061015142e-02
7.268993839835727333e-02
7.134056908184219226e-02
7.644470519213844573e-02
8.442358462892343707e-02
8.782634203578761067e-02
9.158110882956878307e-02
9.680258140217073981e-02
9.797594602522734231e-02
9.545321208565560323e-02
9.381050161337636806e-02
9.539454385450280016e-02
9.897330595482548010e-02
9.680258140217073981e-02
9.351716045761221396e-02
9.205045467879142962e-02
9.146377236726313531e-02
8.542094455852157486e-02
7.533000880023470180e-02
6.975652684071574627e-02
6.975652684071574627e-02
6.699911997653271167e-02
6.582575535347608142e-02
6.113229686124965756e-02
5.731886183631564047e-02
5.420944558521561402e-02
5.356409504253446807e-02
5.872689938398358012e-02
6.207098855969495066e-02
6.559108242886477202e-02
6.905250806688180421e-02
7.145790554414784002e-02
7.122323261953653062e-02
7.339395717219127091e-02
7.638603696098564266e-02
7.568201818715165896e-02
7.351129363449691867e-02
7.609269580522150245e-02
8.524493986506308241e-02
9.152244059841598001e-02
9.592255793487824977e-02
9.727192725139338636e-02
1.044294514520387324e-01
1.154590789087708985e-01
1.223819301848049490e-01
1.255500146670577855e-01
1.295981226166031397e-01
1.383396890583748762e-01
1.484306248166618047e-01
1.551774713992372934e-01
1.616309768260487112e-01
1.692578468759166899e-01
1.733059548254620164e-01
1.764153710765620497e-01
1.737166324435318598e-01
1.692578468759166899e-01
1.669697858609563157e-01
1.648577295394543785e-01
1.653270753886770250e-01
1.626870049867996382e-01
1.541801114696391972e-01
1.424464652390730612e-01
1.377530067468465957e-01
1.394543854502786617e-01
1.357582868876503479e-01
1.281314168377823415e-01
1.207392197125256583e-01
1.122909944265180759e-01
1.029040774420651450e-01
9.920797887943677562e-02
1.039014373716632411e-01
1.101789381050161387e-01
1.152830742153124061e-01
1.180991493106482854e-01
1.147550601349369565e-01
1.110589615723085871e-01
1.069521853916104576e-01
1.048401290701085342e-01
1.027280727486066525e-01
9.064241713112348997e-02
8.360222939278379173e-02
8.283954238779700496e-02
7.885010266940452317e-02
7.022587268993839282e-02
6.570841889117043366e-02
6.570841889117043366e-02
6.471105896157233750e-02
6.001760046934586507e-02
5.772953945438544232e-02
5.761220299207978762e-02
5.784687591669113171e-02
5.837488999706658827e-02
5.508946905250806242e-02
5.156937518333823411e-02
5.010266940451744977e-02
5.532414197711940651e-02
6.177764740393076187e-02
6.342035787621004561e-02
6.160164271047230411e-02
6.230566148430625312e-02
6.664711058961572676e-02
7.092989146377239040e-02
7.550601349369315263e-02
7.755940158404224516e-02
7.685538281020828921e-02
7.750073335288944210e-02
7.750073335288944210e-02
7.597535934291579918e-02
8.119683191551775592e-02
9.316515107069521517e-02
9.774127310061603291e-02
9.662657670871224735e-02
9.609856262833675611e-02
1.061894983866236708e-01
1.178644763860369760e-01
1.217952478732766547e-01
1.285420944558521572e-01
1.382223525960692423e-01
1.437371663244353392e-01
1.430918157817542002e-01
1.454972132590202638e-01
1.540627750073335633e-01
1.546494573188618438e-01
1.493106482839542393e-01
1.472572601936051606e-01
1.481959518920504537e-01
1.483719565855089462e-01
1.432091522440598341e-01
1.363449691991786561e-01
1.347609269580521962e-01
1.301848049281314479e-01
1.244353182751540277e-01
1.216192431798181484e-01
1.155177471399237432e-01
1.117629803461425847e-01
1.079495453212085676e-01
1.003226752713405612e-01
9.216779114109711901e-02
8.677031387503666982e-02
8.325022000586684845e-02
8.137283660897626225e-02
7.714872396597244331e-02
7.574068641830450366e-02
7.204458785567617596e-02
6.418304488119683238e-02
5.790554414784394172e-02
5.027867409797594223e-02
4.734526254033441517e-02
5.039601056028159692e-02
5.174537987679673351e-02
4.611322968612497492e-02
4.171311234966265657e-02
4.265180404810794967e-02
4.259313581695510498e-02
4.183044881196831127e-02
4.218245819888530312e-02
4.441185098269288811e-02
4.476386036960987996e-02
4.112643003813436227e-02
4.112643003813436227e-02
4.464652390730419057e-02
4.857729539454385542e-02
4.898797301261365728e-02
4.769727192725141396e-02
4.857729539454385542e-02
5.063068348489294102e-02
5.420944558521561402e-02
5.878556761513642481e-02
5.772953945438544232e-02
5.696685244939864862e-02
5.796421237899678641e-02
5.649750660017600207e-02
5.456145497213261281e-02
5.849222645937227766e-02
6.682311528307421922e-02
6.887650337342329787e-02
6.072161924317981407e-02
5.937224992666472606e-02
6.670577882076857146e-02
6.864183044881196072e-02
6.535640950425347651e-02
6.072161924317981407e-02
5.643883836902319207e-02
5.573481959518920142e-02
5.849222645937227766e-02
6.377236726312704440e-02
7.028454092109123752e-02
7.210325608682897902e-02
6.858316221765915766e-02
6.471105896157233750e-02
6.283367556468175130e-02
6.265767087122324497e-02
5.960692285127602852e-02
5.620416544441184797e-02
5.978292754473452097e-02
6.318568495159869458e-02
6.066295101202701101e-02
5.661484306248169146e-02
5.467879143443826057e-02
5.943091815781757076e-02
6.424171311234969095e-02
6.764447051921386456e-02
6.858316221765915766e-02
6.787914344382516008e-02
6.353769433851569337e-02
6.036960985626282222e-02
6.312701672044589152e-02
6.999119976532709730e-02
7.116456438838368592e-02
7.128190085068937532e-02
6.782047521267235701e-02
6.424171311234969095e-02
5.960692285127602852e-02
5.755353476092698456e-02
5.984159577588737261e-02
6.166031094162510717e-02
5.954825462012321852e-02
5.708418891170433801e-02
5.573481959518920142e-02
5.726019360516279577e-02
5.309474919331182152e-02
4.464652390730419057e-02
4.001173364623056977e-02
4.177178058081550821e-02
4.235846289234380252e-02
3.924904664124377607e-02
4.024640657084191386e-02
4.499853329422118242e-02
4.693458492226461332e-02
4.576122029920797613e-02
4.241713112349664722e-02
4.012907010853622447e-02
3.813435024933998357e-02
3.285420944558522377e-02
3.168084482252858658e-02
3.725432678204754211e-02
4.400117336462304463e-02
4.312114989733059622e-02
4.112643003813436227e-02
3.807568201818713888e-02
3.860369609856263012e-02
4.505720152537403406e-02
4.447051921384569118e-02
3.684364916397769862e-02
3.426224699325316342e-02
3.848635963625698236e-02
4.417717805808154402e-02
4.587855676151363082e-02
4.605456145497213022e-02
4.922264593722500137e-02
5.233206218832502782e-02
5.438545027867411341e-02
5.925491346435907136e-02
6.664711058961572676e-02
6.999119976532709730e-02
6.858316221765915766e-02
6.946318568495160606e-02
7.210325608682897902e-02
7.591669111176299611e-02
7.943678498093283136e-02
7.720739219712528800e-02
7.110589615723088286e-02
6.911117629803460727e-02
7.286594309181577966e-02
7.398063948371956522e-02
7.486066295101205526e-02
7.521267233792901241e-02
7.450865356409505647e-02
7.169257846875917717e-02
6.787914344382516008e-02
6.905250806688180421e-02
6.852449398650631296e-02
6.817248459958931417e-02
6.840715752420065132e-02
6.729246113229686577e-02
6.740979759460251353e-02
6.834848929304780663e-02
7.051921384570254692e-02
7.585802288061015142e-02
7.873276620709887541e-02
8.149017307128191001e-02
8.389557054854798746e-02
8.583162217659137672e-02
8.506893517160457607e-02
8.289821061894984966e-02
8.002346729246112567e-02
7.931944851862716972e-02
7.626870049867999490e-02
7.051921384570254692e-02
6.494573188618363302e-02
5.884423584628922788e-02
5.350542681138166501e-02
4.757993546494575926e-02
4.540921091229098427e-02
4.235846289234380252e-02
4.077442065121736348e-02
3.930771487239662076e-02
3.760633616896449233e-02
3.396890583748901626e-02
3.080082135523614165e-02
3.015547081255499917e-02
3.484892930478146467e-02
4.141977119389850942e-02
4.106776180698151757e-02
3.690231739513054332e-02
3.696098562628338802e-02
3.924904664124377607e-02
3.701965385743619802e-02
3.696098562628338802e-02
3.813435024933998357e-02
3.883836902317397421e-02
3.807568201818713888e-02
4.042241126430037162e-02
4.359049574655324277e-02
4.505720152537403406e-02
4.376650044001174217e-02
4.300381343502494846e-02
4.118509826928720696e-02
4.722792607802876741e-02
5.608682898210620021e-02
5.526547374596655487e-02
5.837488999706658827e-02
7.139923731299503695e-02
7.990613083015547791e-02
8.823701965385745416e-02
9.351716045761221396e-02
9.967732472865942217e-02
1.057788207685538273e-01
1.094162511000293520e-01
1.172191258433558370e-01
1.228512760340275956e-01
1.238486359636256917e-01
1.170431211498973445e-01
1.101202698738632940e-01
1.111176298034614318e-01
1.060721619243179814e-01
9.709592255793489390e-02
9.603989439718393917e-02
9.656790847755940266e-02
9.609856262833675611e-02
9.557054854796130650e-02
9.416251100029336685e-02
9.410384276914050827e-02
9.316515107069521517e-02
9.205045467879142962e-02
8.583162217659137672e-02
8.043414491053096915e-02
7.955412144323847912e-02
7.826342035787622886e-02
7.591669111176299611e-02
7.826342035787622886e-02
8.213552361396304902e-02
8.330888823701965151e-02
8.283954238779700496e-02
8.278087415664420190e-02
8.377823408624229806e-02
8.096215899090641877e-02
7.685538281020828921e-02
7.444998533294221177e-02
7.474332648870636586e-02
6.617776474039308021e-02
5.579348782634205306e-02
5.315341742446467316e-02
5.303608096215901846e-02
5.192138457025522597e-02
4.664124376650046616e-02
3.895570548547962891e-02
3.490759753593430936e-02
3.402757406864181933e-02
3.737166324435318987e-02
3.743033147550603457e-02
3.039014373716634326e-02
2.810208272220591358e-02
3.215019067175123313e-02
3.220885890290407783e-02
3.173951305368143821e-02
3.449691991786446588e-02
3.696098562628338802e-02
4.007040187738342141e-02
4.224112643003815476e-02
4.394250513347024156e-02
4.405984159577588932e-02
4.370783220885889747e-02
4.816661777647406051e-02
5.303608096215901846e-02
5.139337048987973472e-02
5.127603402757408696e-02
5.344675858022882031e-02
5.280140803754767437e-02
5.473745966559110526e-02
5.913757700205338197e-02
6.042827808741566692e-02
5.573481959518920142e-02
5.855089469052508072e-02
6.541507773540627957e-02
6.975652684071574627e-02
7.028454092109123752e-02
6.400704018773833992e-02
5.937224992666472606e-02
6.541507773540627957e-02
7.591669111176299611e-02
7.996479906130832260e-02
7.720739219712528800e-02
7.456732179524785953e-02
7.327662070988562315e-02
7.087122323261954571e-02
6.694045174537986698e-02
6.453505426811383117e-02
6.435904957465533871e-02
6.535640950425347651e-02
6.828982106189500356e-02
7.163391023760633247e-02
7.122323261953653062e-02
6.928718099149309972e-02
7.010853622763274506e-02
7.092989146377239040e-02
6.494573188618363302e-02
5.784687591669113171e-02
5.526547374596655487e-02
5.432678204752126178e-02
4.922264593722500137e-02
4.312114989733059622e-02
4.452918744499853587e-02
5.033734232912879386e-02
5.462012320328541587e-02
5.450278674097976117e-02
5.362276327368731971e-02
5.045467879143444162e-02
4.511586975652683712e-02
4.265180404810794967e-02
4.065708418891171572e-02
4.194778527427400067e-02
4.276914051041360437e-02
3.954238779700792322e-02
3.484892930478146467e-02
3.085948958638898981e-02
3.021413904370784387e-02
3.297154590789087847e-02
3.273687298327957601e-02
3.121149897330594350e-02
3.115283074215313697e-02
3.191551774713993067e-02
2.915811088295689954e-02
2.997946611909649978e-02
3.807568201818713888e-02
4.106776180698151757e-02
3.543561161630975898e-02
3.220885890290407783e-02
3.197418597829278231e-02
2.622469932531533085e-02
2.528600762687003775e-02
3.144617189791728412e-02
3.162217659137578352e-02
3.044881196831914633e-02
2.951012026987385323e-02
3.138750366676443943e-02
3.502493399823995712e-02
4.118509826928720696e-02
4.458785567615138751e-02
4.036374303314756856e-02
3.678498093282489556e-02
3.537694338515695591e-02
3.701965385743619802e-02
4.071575242006456041e-02
4.100909357582871451e-02
3.948371956585507853e-02
3.889703725432678422e-02
4.048107949545321632e-02
4.458785567615138751e-02
4.957465532414200016e-02
4.464652390730419057e-02
3.514227046054561182e-02
3.144617189791728412e-02
3.156350836022293882e-02
3.156350836022293882e-02
3.191551774713993067e-02
3.220885890290407783e-02
3.332355529480787032e-02
3.514227046054561182e-02
3.490759753593430936e-02
3.138750366676443943e-02
2.775007333528895989e-02
2.505133470225873529e-02
2.980346142563804548e-02
2.945145203872105016e-02
2.311528307421530093e-02
2.235259606922850723e-02
2.798474625990026235e-02
3.050748019947199449e-02
2.634203578762102371e-02
2.622469932531533085e-02
2.663537694338517087e-02
2.698738633030216619e-02
2.804341449105311052e-02
2.921677911410970607e-02
3.443825168671166281e-02
4.118509826928720696e-02
4.681724845995892392e-02
4.711058961572311271e-02
4.992666471105895037e-02
5.004400117336464671e-02
4.875330008800235482e-02
5.227339395717218312e-02
5.608682898210620021e-02
5.338809034907597562e-02
4.810794954532120887e-02
4.276914051041360437e-02
3.995306541507772508e-02
3.889703725432678422e-02
3.584628923437960246e-02
3.596362569668525022e-02
3.238486359636257722e-02
2.769140510413611520e-02
2.669404517453797740e-02
3.009680258140219264e-02
3.085948958638898981e-02
2.868876503373425299e-02
2.704605456145497272e-02
2.798474625990026235e-02
2.716339102376062048e-02
2.628336755646817555e-02
2.663537694338517087e-02
2.845409210912290890e-02
3.050748019947199449e-02
2.569668524493987777e-02
2.100322675271341574e-02
2.123789967732471820e-02
2.094455852156056758e-02
1.918451158697567424e-02
1.525374009973600765e-02
1.443238486359636578e-02
1.625110002933410555e-02
1.584042241126430370e-02
1.982986212965677855e-02
2.205925491346436007e-02
2.170724552654736475e-02
2.428864769727193812e-02
2.282194191845115377e-02
2.440598415957758935e-02
2.886476972719275239e-02
3.303021413904372316e-02
3.637430331475505207e-02
3.643297154590789677e-02
3.960105602816077486e-02
4.095042534467586287e-02
3.625696685244940431e-02
3.138750366676443943e-02
3.056614843062483919e-02
3.666764447051919923e-02
4.370783220885889747e-02
4.922264593722500137e-02
5.397477266060426992e-02
5.925491346435907136e-02
6.265767087122324497e-02
6.606042827808741857e-02
7.386330302141391746e-02
7.943678498093283136e-02
7.843942505133472132e-02
7.456732179524785953e-02
7.280727486066297660e-02
7.104722792607803816e-02
6.817248459958931417e-02
6.576708712232327836e-02
6.682311528307421922e-02
6.570841889117043366e-02
6.183631563508360657e-02
6.083895570548546877e-02
6.183631563508360657e-02
6.171897917277795881e-02
5.808154884130243417e-02
5.655617483132884676e-02
5.960692285127602852e-02
6.471105896157233750e-02
6.658844235846292370e-02
6.600176004693457388e-02
6.265767087122324497e-02
6.031094162511001916e-02
5.855089469052508072e-02
5.872689938398358012e-02
5.749486652977413986e-02
5.726019360516279577e-02
5.984159577588737261e-02
5.948958638897037382e-02
5.690818421824583861e-02
5.726019360516279577e-02
5.948958638897037382e-02
5.726019360516279577e-02
5.321208565561747622e-02
5.315341742446467316e-02
5.174537987679673351e-02
4.382516867116458686e-02
3.825168671164563827e-02
3.484892930478146467e-02
3.297154590789087847e-02
2.710472279260781742e-02
2.434731592842474465e-02
2.628336755646817555e-02
2.915811088295689954e-02
2.927544734526255077e-02
3.291287767673806847e-02
3.437958345555881812e-02
3.391023760633617157e-02
2.863009680258140829e-02
2.775007333528895989e-02
2.951012026987385323e-02
2.904077442065120668e-02
3.021413904370784387e-02
2.980346142563804548e-02
2.810208272220591358e-02
2.499266647110588713e-02
2.370196538574364034e-02
2.622469932531533085e-02
2.393663831035494280e-02
1.607509533587564779e-02
1.425638017013786812e-02
1.906717512466998138e-02
2.311528307421530093e-02
2.458198885303608874e-02
2.780874156644176642e-02
3.338222352596071502e-02
3.179818128483428291e-02
2.616603109416252432e-02
2.710472279260781742e-02
3.502493399823995712e-02
3.719565855089469048e-02
4.083308888237021511e-02
3.960105602816077486e-02
3.948371956585507853e-02
4.969199178644764792e-02
5.696685244939864862e-02
5.550014667057789897e-02
5.397477266060426992e-02
5.526547374596655487e-02
5.995893223819302037e-02
6.212965679084775372e-02
6.148430624816661472e-02
6.259900264007040027e-02
6.564975066001763060e-02
6.435904957465533871e-02
6.424171311234969095e-02
6.506306834848928078e-02
6.336168964505720091e-02
5.714285714285714107e-02
4.969199178644764792e-02
4.840129070108536297e-02
4.793194485186271642e-02
4.417717805808154402e-02
4.118509826928720696e-02
3.707832208858904272e-02
3.520093869169845652e-02
3.660897623936639617e-02
4.112643003813436227e-02
4.323848635963625092e-02
4.083308888237021511e-02
4.312114989733059622e-02
4.593722499266647552e-02
4.447051921384569118e-02
4.007040187738342141e-02
3.701965385743619802e-02
3.561161630976825837e-02
3.203285420944558537e-02
2.986212965679084855e-02
3.162217659137578352e-02
3.080082135523614165e-02
3.115283074215313697e-02
3.044881196831914633e-02
3.009680258140219264e-02
2.909944265180405484e-02
2.804341449105311052e-02
2.945145203872105016e-02
2.898210618949840361e-02
2.698738633030216619e-02
2.417131123496628689e-02
2.376063361689644687e-02
2.241126430038135539e-02
1.947785274273982487e-02
2.006453505426812264e-02
2.534467585802288245e-02
2.798474625990026235e-02
2.763273687298326703e-02
2.698738633030216619e-02
2.393663831035494280e-02
2.176591375770020945e-02
2.129656790847756290e-02
1.883250220005867892e-02
1.941918451158697670e-02
2.751540041067761580e-02
3.044881196831914633e-02
2.194191845115870884e-02
1.707245526547374742e-02
2.053388090349076919e-02
2.868876503373425299e-02
3.250220005866823192e-02
3.039014373716634326e-02
2.851276034027575706e-02
2.722205925491346865e-02
2.575535347609268430e-02
2.728072748606631681e-02
2.886476972719275239e-02
2.716339102376062048e-02
2.968612496333235262e-02
3.402757406864181933e-02
3.490759753593430936e-02
3.261953652097387968e-02
2.692871809914932149e-02
2.352596069228514442e-02
2.616603109416252432e-02
3.074215312408329695e-02
3.091815781754179288e-02
2.675271340569082210e-02
2.387797007920213974e-02
2.645937224992667494e-02
2.786740979759461112e-02
2.434731592842474465e-02
2.153124083308890699e-02
1.771780580815488990e-02
1.765913757700204520e-02
2.112056321501906697e-02
2.475799354649458467e-02
2.851276034027575706e-02
2.569668524493987777e-02
1.965385743619832079e-02
1.443238486359636578e-02
1.848049281314168360e-02
2.428864769727193812e-02
2.593135816955118023e-02
2.528600762687003775e-02
1.918451158697567424e-02
1.619243179818129902e-02
1.947785274273982487e-02
2.411264300381344219e-02
2.428864769727193812e-02
2.094455852156056758e-02
2.334995599882664502e-02
2.387797007920213974e-02
2.346729246113229625e-02
1.977119389850397202e-02
1.519507186858316122e-02
1.267233792901143082e-02
1.320035200938692380e-02
1.947785274273982487e-02
2.200058668231155354e-02
2.041654444118511796e-02
2.153124083308890699e-02
2.575535347609268430e-02
3.320621883250222256e-02
3.402757406864181933e-02
2.739806394837196804e-02
2.481666177764739120e-02
2.681138163684367026e-02
2.956878850102670139e-02
3.056614843062483919e-02
2.980346142563804548e-02
2.499266647110588713e-02
1.836315635083603584e-02
1.243766500440012836e-02
1.261366969785862602e-02
1.032560868289819980e-02
4.341449105309489256e-03
4.458785567615140485e-03
9.621589909064250795e-03
9.562921677911404364e-03
1.026694045174539500e-02
9.680258140217097226e-03
8.800234672924608925e-03
1.020827222059254857e-02
1.091229099442653921e-02
3.168084482252873750e-03
0.000000000000000000e+00
5.749486652977428905e-03
1.185098269287183231e-02
9.856262833675553253e-03
8.037547667937813486e-03
1.126430038134349117e-02
1.443238486359636578e-02
1.554708125550015654e-02
1.501906717512466356e-02
1.408037547667937046e-02
9.621589909064250795e-03
8.800234672924608925e-03
9.386916984452906704e-03
9.797594602522748455e-03
9.680258140217097226e-03
1.196831915517748181e-02
1.249633323555293316e-02
1.155764153710768342e-02
1.501906717512466356e-02
1.953652097389262793e-02
1.865649750660018300e-02
1.589909064241715186e-02
1.801114696391904052e-02
1.977119389850397202e-02
2.557934878263422654e-02
3.115283074215313697e-02
3.379290114403051687e-02
3.396890583748901626e-02
3.948371956585507853e-02
4.417717805808154402e-02
4.188911704312115597e-02
3.567028454092110307e-02
3.590495746553240553e-02
3.784100909357583642e-02
3.514227046054561182e-02
3.297154590789087847e-02
3.432091522440600811e-02
3.719565855089469048e-02
3.701965385743619802e-02
3.467292461132296527e-02
3.561161630976825837e-02
3.872103256086828482e-02
3.942505133470227546e-02
3.924904664124377607e-02
3.584628923437960246e-02
3.402757406864181933e-02
3.385156937518336157e-02
3.666764447051919923e-02
3.831035494279848297e-02
3.819301848049283521e-02
4.118509826928720696e-02
4.224112643003815476e-02
4.400117336462304463e-02
4.546787914344382897e-02
4.640657084188912207e-02
4.810794954532120887e-02
4.640657084188912207e-02
4.435318275154004342e-02
4.552654737459668061e-02
4.335582282194194031e-02
4.282780874156644907e-02
4.177178058081550821e-02
4.030507480199472387e-02
3.948371956585507853e-02
4.042241126430037162e-02
4.130243473159286166e-02
4.001173364623056977e-02
3.795834555588149112e-02
3.508360222939280876e-02
2.951012026987385323e-02
2.469932531534173997e-02
2.364329715459079564e-02
2.288061014960400194e-02
2.141390437078321413e-02
1.889117043121148545e-02
1.777647403930773806e-02
1.572308594895865247e-02
1.132296861249633933e-02
9.797594602522748455e-03
1.185098269287183231e-02
