3.157505676118061572e-02
2.740376999841593816e-02
3.373990178995723427e-02
3.733037647183062163e-02
4.181846982417233155e-02
3.516553144305400308e-02
3.632715560483659040e-02
3.162785785944347006e-02
4.250488410158933389e-02
4.250488410158933389e-02
2.856539416019852548e-02
4.176566872590948415e-02
5.713078832039705096e-02
6.014045092137914467e-02
4.794339722266222070e-02
3.986482918844712342e-02
5.090025872538146007e-02
5.248429167326678496e-02
5.401552352288925551e-02
5.522994878293469717e-02
6.658218490944614598e-02
6.769100797296580263e-02
7.085907386873645242e-02
7.001425629653097726e-02
7.724800675854059939e-02
8.416495063097310936e-02
8.728021542848089787e-02
1.001636834046148311e-01
1.025925339247056173e-01
8.685780664237816029e-02
8.437615502402451284e-02
8.532657479275569667e-02
8.596018797190983773e-02
9.382755161307353153e-02
9.620360103490155357e-02
8.696340883890386897e-02
9.398595490786208762e-02
9.556998785574741251e-02
8.865304398331481928e-02
9.050108242251440893e-02
1.090870690110354035e-01
1.080310470457785110e-01
1.001636834046148311e-01
1.034901525951739537e-01
1.057077987222134197e-01
1.062886108031047133e-01
9.704841860710702872e-02
9.013147473467443549e-02
9.240192195997676272e-02
9.784043508104965647e-02
9.356354612175935004e-02
8.933945826073182161e-02
9.657320872274144374e-02
9.958287132372353745e-02
8.342573525529334288e-02
7.983526057341995552e-02
9.535878346269599515e-02
9.461956808701622867e-02
7.761761444638048957e-02
7.444954855060983978e-02
7.550557051586671842e-02
6.779661016949151131e-02
6.425893658588097135e-02
7.165109034267914956e-02
7.112307936005070330e-02
6.990865410000526858e-02
7.170389144094199696e-02
7.128148265483918999e-02
7.846243201858595084e-02
9.213791646866258123e-02
8.786102750937219152e-02
8.706901103542949438e-02
9.953007022546067617e-02
9.361634722002219744e-02
8.516817149796714059e-02
8.886424837636622276e-02
9.784043508104965647e-02
1.024869317281799225e-01
9.593959554358728881e-02
8.928665716246896034e-02
9.995247901156341375e-02
1.048629811500079445e-01
9.087069011035428523e-02
1.000052801098262750e-01
1.155816040973652453e-01
1.136279634616400441e-01
1.132055546755372233e-01
1.185912666983473390e-01
1.241353820159459415e-01
1.213369238080151680e-01
1.184856645018216442e-01
1.267226358308252976e-01
1.331643698188922087e-01
1.339563862928349058e-01
1.460478377950261419e-01
1.559216431701779537e-01
1.597233222451026891e-01
1.695443265219916673e-01
1.799461428797719253e-01
1.820581868102856826e-01
1.772532868683668605e-01
1.714451660594540072e-01
1.863878768678388365e-01
1.986377316648186286e-01
2.037066370980516183e-01
2.093035535139130821e-01
2.160620940915571053e-01
2.159564918950314105e-01
2.293679708537937623e-01
2.370769312001689832e-01
2.288399598711653160e-01
2.161148951898199666e-01
2.249326785997149136e-01
2.231902423570410188e-01
2.197053698716933401e-01
2.236126511431437702e-01
2.324304345530387172e-01
2.343312740905010572e-01
2.196525687734305066e-01
2.128412270975235943e-01
2.200749775595332303e-01
2.245102698136121622e-01
2.247742753049263575e-01
2.212894028195786789e-01
2.255134906806061934e-01
2.303183906225249322e-01
2.288399598711653160e-01
2.251966840910290812e-01
2.241934632240350500e-01
2.170125138602882753e-01
2.080891282538677167e-01
2.099899677913300844e-01
2.212894028195786789e-01
2.039706425893658970e-01
1.815829769259200976e-01
1.835894186599081601e-01
1.836422197581710214e-01
1.675378847880036048e-01
1.576112783145889040e-01
1.582448914937430451e-01
1.684355034584719135e-01
1.718675748455568419e-01
1.575056761180632925e-01
1.643698188922329551e-01
1.799461428797719253e-01
1.723427847299224269e-01
1.653730397592269863e-01
1.657954485453297100e-01
1.723427847299224269e-01
1.750884418395902420e-01
1.840118274460109116e-01
1.892919372722953186e-01
2.093035535139130821e-01
2.270447225302286709e-01
2.323248323565129947e-01
2.424098421247162516e-01
2.660647341464702498e-01
2.819578647235863600e-01
2.851259306193569820e-01
2.903532393473783890e-01
3.050847457627118842e-01
3.188658324093142094e-01
3.206082686519880487e-01
3.211362796346163839e-01
3.464280057025186932e-01
3.582026506151328449e-01
3.610011088230635212e-01
3.724589471461006718e-01
3.932625798616611879e-01
4.036115951211786124e-01
4.066740588204235674e-01
4.074660752943661812e-01
4.273192882411954163e-01
4.451660594540367000e-01
4.520302022282063348e-01
4.553566714187655684e-01
4.706161888167273988e-01
4.851364908390095043e-01
4.972807434394636017e-01
5.148635091609906622e-01
5.351391308939226210e-01
5.593220338983051487e-01
5.759543798511009838e-01
5.726279106605417502e-01
5.948571730291991599e-01
6.244257880563917062e-01
6.257986166112254889e-01
6.233169649928719247e-01
6.547336184592640329e-01
6.909023707693121574e-01
6.918527905380432719e-01
6.912191773588890475e-01
7.226358308252813778e-01
7.476635514018691309e-01
7.514652304767939217e-01
7.528908601298907044e-01
7.686255874122184251e-01
7.934421035957547330e-01
8.092824330746081207e-01
8.230635197212101684e-01
8.234859285073129476e-01
8.131897143460585786e-01
8.252283647499869534e-01
8.482496435925869216e-01
8.508368974074662638e-01
8.447119700089763539e-01
8.616611225513491901e-01
8.899625112202333987e-01
9.041660066529385587e-01
9.140926131263531484e-01
9.222767833570938434e-01
9.258672580389674112e-01
9.360050689054334461e-01
9.336290194836052159e-01
9.433444215639688046e-01
9.488885368815671573e-01
9.510005808120809423e-01
9.511061830086066093e-01
9.444532446274884752e-01
9.449812556101166994e-01
9.600823697132901957e-01
9.666297058978828849e-01
9.680025344527167785e-01
9.715930091345900133e-01
9.732298431807382411e-01
9.666825069961455519e-01
9.718042135276414584e-01
9.807804002323250447e-01
9.837900628333071662e-01
9.943502824858756473e-01
9.921326363588364172e-01
9.854796979777180610e-01
9.954063044511326508e-01
1.000000000000000000e+00
9.919214319657850831e-01
9.832620518506786089e-01
9.734938486720523532e-01
9.648344685569462120e-01
9.629864301177465391e-01
9.623528169385923148e-01
9.574951158984108535e-01
9.503669676329269400e-01
9.385923227203126773e-01
9.356882623158563339e-01
9.341042293679711062e-01
9.284017107555837534e-01
9.190031152647976098e-01
9.030571835894188881e-01
8.885368815671366161e-01
8.890648925497650623e-01
8.829399651512752634e-01
8.770262421458366875e-01
8.620307302391889692e-01
8.435503458471935723e-01
8.349437668303500981e-01
8.384814404139607769e-01
8.191562384497597105e-01
7.991446222081421968e-01
7.938645123818576232e-01
7.893764190295159411e-01
7.894820212260416081e-01
7.928084904166008418e-01
7.738528961402399986e-01
7.478747557949205760e-01
7.328264427900100797e-01
7.006177728496753021e-01
6.655050425048840701e-01
6.561592481123609266e-01
6.609113469560167209e-01
6.403189186335076499e-01
6.076350388088073151e-01
5.945403664396220478e-01
5.864089973071441309e-01
5.756375732615238716e-01
5.588468240139395915e-01
5.463329637256455484e-01
5.300174243624268255e-01
5.138602882939966587e-01
5.071545488146153025e-01
4.978087544220921035e-01
4.891493743069856293e-01
4.817044194519246036e-01
4.718834151750357364e-01
4.740482602038123550e-01
4.649136702043403790e-01
4.486509319393844342e-01
4.352394529806221102e-01
4.255240509002587435e-01
4.074132741961033477e-01
3.995459105549396539e-01
3.889328898041079507e-01
3.740429800939860661e-01
3.633243571466286959e-01
3.611067110195891883e-01
3.483816463382439221e-01
3.262051850678494014e-01
3.227731136807646117e-01
3.105232588837848473e-01
2.878715877290248248e-01
2.699192143196578186e-01
2.581973705053065560e-01
2.476371508527377141e-01
2.288399598711653160e-01
2.277311368076455900e-01
2.225566291778868777e-01
2.058714821268282369e-01
1.997993558266012160e-01
1.946248481968425037e-01
1.968424943238819835e-01
1.814245736311315416e-01
1.727123924177622893e-01
1.662706584296953782e-01
1.609905486034109712e-01
1.570832673319605410e-01
1.533343893552986115e-01
1.563440519562807052e-01
1.629969903373990336e-01
1.740324198743333772e-01
1.695971276202545008e-01
1.574528750198004312e-01
1.663762606262210175e-01
1.844342362321136353e-01
1.827974021859654630e-01
1.831142087755425751e-01
1.874966999313585903e-01
1.949944558846823939e-01
2.026506151327947536e-01
1.957336712603622297e-01
2.019642008553778345e-01
2.209725962300016500e-01
2.179101325307566950e-01
2.142668567506204602e-01
2.220814192935212927e-01
2.256718939753946662e-01
2.254078884840804986e-01
2.176989281377052776e-01
2.277839379059084512e-01
2.366017213158033983e-01
2.219230159987328199e-01
2.215534083108928465e-01
2.326944400443529681e-01
2.304767939173134883e-01
2.200221764612703690e-01
2.119436084270552856e-01
2.212894028195786789e-01
2.224510269813612662e-01
2.165373039759226903e-01
2.152700776176144914e-01
2.248270764031891911e-01
2.216062094091557078e-01
2.100955699878557792e-01
2.097787633982786670e-01
2.210253973282644002e-01
2.150588732245630741e-01
2.038122392945773409e-01
2.037594381963144796e-01
2.071387084851365468e-01
1.986377316648186286e-01
1.912455779080205198e-01
1.901367548445007938e-01
1.838006230529594942e-01
1.747716352500132131e-01
1.721315803368710096e-01
1.636306035165531747e-01
1.701251386028829471e-01
1.647922276783356788e-01
1.439357938645123569e-01
1.487934949046940403e-01
1.553936321875495352e-01
1.408205290670045684e-01
1.340091873910977671e-01
1.324251544432124283e-01
1.388668884312793672e-01
1.364380379111885533e-01
1.173768414383019043e-01
1.204393051375468454e-01
1.341675906858862399e-01
1.306827182005385612e-01
1.211785205132266952e-01
1.157928084904165794e-01
1.017477163525001560e-01
9.461956808701622867e-02
9.192671207561117774e-02
8.353133745181896830e-02
7.962405618036853816e-02
8.453455831881299953e-02
8.073287924388827808e-02
6.980305190347955990e-02
7.698400126722633463e-02
7.413274196103279701e-02
6.615977612334332514e-02
7.112307936005070330e-02
9.097629230687999391e-02
9.366914831828505872e-02
8.163049791435660063e-02
7.835682982206033931e-02
8.564338138233272557e-02
9.277152964781665290e-02
8.495696710491580650e-02
8.648819895453828399e-02
9.620360103490155357e-02
9.995247901156341375e-02
1.063414119013675607e-01
1.139975711494799204e-01
1.183800623052959355e-01
1.168488304556734581e-01
1.108295052537092706e-01
1.069222239822588544e-01
1.079254448492528856e-01
1.053381910343735295e-01
9.842124716194095013e-02
9.398595490786208762e-02
9.588679444532444140e-02
9.831564496541524145e-02
7.730080785680344679e-02
6.953904641216539229e-02
8.200010560219649081e-02
8.052167485083687459e-02
7.392153756798139352e-02
7.529436612281538432e-02
7.191509583399333105e-02
6.779661016949151131e-02
7.138708485136488480e-02
8.163049791435660063e-02
7.835682982206033931e-02
5.459633560378054917e-02
4.778499392787366462e-02
5.755319710649978854e-02
6.663498600770892399e-02
5.401552352288925551e-02
5.195628069063834564e-02
5.380431912983792836e-02
5.512434658640899543e-02
5.734199271344846138e-02
5.908442895612225909e-02
5.248429167326678496e-02
5.100586092190716181e-02
4.952743017054754560e-02
4.810180051745077678e-02
4.989703785838742883e-02
5.845081577696811803e-02
4.836580600876495828e-02
4.329690057553195470e-02
5.058345213580443117e-02
5.639157294471720122e-02
5.628597074819157581e-02
4.255768519985218129e-02
3.516553144305400308e-02
4.403611595121180444e-02
3.653835999788791755e-02
2.001161624161783975e-02
2.571413485400491153e-02
2.914620624108981914e-02
2.386609641480540514e-02
1.267226358308251241e-02
1.066582184909445168e-02
1.483710861185913096e-02
1.151063942129992683e-02
1.177464491261418639e-02
8.289772427266505969e-03
1.129943502824859794e-02
1.298907017265954651e-02
4.804899941918744886e-03
0.000000000000000000e+00
1.446750092401916619e-02
1.985321294682928367e-02
1.752996462326418883e-02
2.502772057658799246e-02
2.793178098104438095e-02
3.083584138550076945e-02
2.956861502719255672e-02
2.882939965151270698e-02
