4.040004651703685279e-02
3.781835097104315618e-02
3.053843470170954436e-02
3.456215839051056393e-02
3.816722874752880024e-02
4.223746947319458045e-02
3.770205837888124939e-02
3.874869170833817461e-02
4.386556576346087311e-02
4.298174206303061878e-02
3.567856727526455551e-02
3.784160948947554171e-02
4.016746133271311553e-02
4.493545761135017691e-02
3.726014652866616039e-02
3.172461914176067516e-02
3.428305616932199318e-02
3.753924874985466176e-02
3.486451913013144388e-02
3.107338062565415809e-02
3.125944877311313125e-02
3.344574950575649602e-02
3.077101988603328162e-02
3.007326433306200045e-02
3.695778578904528738e-02
4.572624723805098629e-02
4.447028724270263300e-02
3.277125247121760038e-02
3.488777764856382246e-02
4.781951389696475346e-02
4.640074427258988193e-02
4.158623095708806339e-02
4.233050354692410172e-02
4.123735318060241933e-02
3.944644726130945578e-02
3.858588207931158004e-02
3.907431096639143314e-02
3.777183393417839208e-02
3.646935690196535795e-02
3.651587393883012206e-02
3.335271543202697475e-02
3.842307245028491608e-02
4.630771019886036066e-02
4.165600651238520608e-02
3.979532503779509289e-02
4.870333759739508411e-02
5.316897313641118922e-02
4.851726944993603463e-02
4.098150947784630349e-02
4.565647168275384360e-02
5.570415164554019805e-02
5.128503314338877378e-02
5.275031980462847880e-02
5.547156646121646079e-02
6.233282939876728934e-02
5.947203163158509831e-02
5.354110943132921185e-02
5.712292126991513896e-02
6.484474938946391265e-02
6.821723456215841863e-02
6.414699383649263842e-02
6.375159902314223026e-02
6.928712641004772244e-02
7.068263751599028477e-02
6.975229677869518308e-02
7.659030119781370938e-02
8.231189673217817471e-02
7.947435748342827899e-02
7.258983602744507879e-02
7.959065007559018579e-02
8.814978485870453295e-02
8.882428189324342860e-02
8.414931968833590237e-02
8.705663449238285057e-02
9.026631003605067871e-02
8.484707524130717660e-02
8.147459006861268449e-02
8.459123153855098443e-02
9.024305151761838339e-02
9.303407372950342480e-02
8.754506337946277306e-02
8.282358413769047578e-02
8.805675078497500474e-02
9.066170484940108687e-02
8.084661007093846274e-02
8.240493080590768904e-02
8.591696708919641101e-02
8.987091522270035382e-02
8.477729968601004085e-02
8.235841376904293187e-02
8.998720781486219122e-02
8.919641818816145817e-02
8.421909524363296873e-02
8.273055006396096145e-02
8.789394115594842405e-02
9.319688335853008876e-02
9.075473892313061508e-02
9.024305151761838339e-02
9.194092336318182568e-02
8.677753227119434920e-02
8.924293522502621534e-02
9.077799744156299366e-02
8.184672636353063080e-02
7.766019304570301318e-02
7.998604488894059394e-02
8.103267821839751917e-02
8.645191301314109067e-02
9.117339225491338794e-02
8.482381672287479801e-02
8.000930340737297253e-02
8.824281893243397790e-02
9.184788928945229747e-02
8.921967670659383676e-02
8.754506337946277306e-02
8.710315152924760773e-02
9.094080707058958823e-02
9.419699965112225681e-02
8.842888707989303432e-02
8.568438190487266681e-02
9.031282707291544976e-02
9.533666705430862698e-02
9.347598557971859012e-02
9.145249447610188931e-02
9.217350854750555600e-02
9.252238632399119311e-02
8.705663449238285057e-02
8.554483079427838144e-02
8.733573671357135193e-02
8.887079893010819964e-02
8.666123967903244241e-02
8.489359227817186437e-02
8.701011745551809340e-02
8.919641818816145817e-02
8.677753227119434920e-02
8.314920339574373431e-02
8.601000116292592534e-02
8.761483893475983942e-02
8.368414931968835846e-02
8.345156413536461426e-02
8.866147226421676464e-02
9.066170484940108687e-02
8.424235376206534731e-02
8.019537155483194568e-02
8.052099081288520421e-02
8.017211303639956710e-02
8.077683451564139638e-02
8.254448191650190503e-02
8.103267821839751917e-02
8.424235376206534731e-02
8.573089894173743786e-02
8.452145598325391807e-02
8.080009303407377497e-02
8.263751599023143324e-02
8.763809745319223188e-02
8.721944412140951453e-02
8.373066635655311563e-02
9.224328410280269175e-02
9.512734038841727524e-02
8.691708338178856519e-02
8.424235376206534731e-02
8.824281893243397790e-02
8.821956041400168258e-02
8.442842190952438985e-02
7.779974415629722917e-02
8.000930340737297253e-02
8.512617746249567796e-02
9.156878706826379610e-02
8.921967670659383676e-02
9.117339225491338794e-02
9.624374927317133621e-02
9.636004186533315974e-02
9.763926037911389855e-02
9.245261076869405736e-02
9.438306779858122997e-02
1.019653448075357877e-01
9.840679148738223914e-02
9.533666705430862698e-02
9.542970112803814131e-02
8.994069077799742018e-02
9.435980928014885138e-02
9.191766484474943322e-02
9.631352482846847196e-02
1.085242470054657432e-01
1.110361669961623665e-01
1.126177462495639020e-01
1.233399232468891660e-01
1.285730898941737643e-01
1.281311780439585990e-01
1.338760320967554429e-01
1.389929061518781483e-01
1.418071868821956516e-01
1.357599720897779416e-01
1.355971624607512638e-01
1.439702290964065545e-01
1.478544016746133616e-01
1.470636120479125730e-01
1.497383416676357770e-01
1.529247586928713099e-01
1.559018490522154077e-01
1.586230957088033966e-01
1.605768112571229478e-01
1.635306430980346670e-01
1.680660541923479911e-01
1.690894290033725378e-01
1.684614490056983993e-01
1.647633445749506209e-01
1.635306430980346670e-01
1.664379579020816846e-01
1.625537853238748776e-01
1.604837771833934057e-01
1.648098616118153226e-01
1.657169438306780318e-01
1.676474008605652044e-01
1.677869519711594759e-01
1.773927200837306650e-01
1.752296778695197621e-01
1.679265030817536919e-01
1.729503430631468830e-01
1.759506919409233594e-01
1.773462030468659079e-01
1.730666356553087759e-01
1.678567275264565561e-01
1.706012327014769236e-01
1.757878823118967648e-01
1.735085475055239412e-01
1.720432608442842293e-01
1.772996860100011507e-01
1.833934178392836456e-01
1.767182230491917694e-01
1.652750319804628665e-01
1.702523549249912727e-01
1.756483312013024656e-01
1.680660541923479911e-01
1.616234445865798730e-01
1.639725549482498324e-01
1.689266193743458599e-01
1.649028956855448369e-01
1.582509594138853670e-01
1.580648912664263106e-01
1.591580416327479930e-01
1.616932201418770088e-01
1.590184905221537770e-01
1.549017327596232396e-01
1.600186068147459451e-01
1.665309919758111434e-01
1.682056053029422071e-01
1.636469356901965599e-01
1.604372601465286485e-01
1.655308756832189754e-01
1.643214327247354556e-01
1.566461216420514391e-01
1.594138853355041019e-01
1.679730201186184491e-01
1.630189556925224215e-01
1.551808349808117549e-01
1.558785905337830291e-01
1.661123386440284400e-01
1.648098616118153226e-01
1.567158971973485193e-01
1.554366786835678638e-01
1.595766949645307797e-01
1.624142342132806616e-01
1.610419816257704917e-01
1.618095127340388462e-01
1.625072682870101204e-01
1.569252238632399543e-01
1.521339690661704935e-01
1.507617164786603237e-01
1.473194557506686819e-01
1.455285498313757808e-01
1.437376439120828242e-01
1.430864053959763071e-01
1.451331550180254004e-01
1.475055238981277383e-01
1.476683335271543329e-01
1.486219327828817161e-01
1.518781253634143846e-01
1.488080009303407725e-01
1.477148505640190901e-01
1.460634957553204050e-01
1.486219327828817161e-01
1.547621816490289681e-01
1.606931038492848407e-01
1.571810675659960632e-01
1.623909756948482830e-01
1.635539016164670456e-01
1.600186068147459451e-01
1.609256890336085710e-01
1.679497616001860705e-01
1.696011164088847556e-01
1.669263867891615516e-01
1.707175252936388166e-01
1.818583556227468534e-01
1.851843237585766022e-01
1.838585882079311895e-01
1.854634259797650897e-01
1.941621118734736529e-01
1.982556111175718117e-01
1.984184207465984895e-01
1.997674148156762808e-01
2.041865333178277120e-01
2.048145133155018505e-01
2.087452029305733314e-01
2.116060006977555918e-01
2.071868821956041884e-01
2.110477962553785336e-01
2.188626584486568216e-01
2.158157925340155880e-01
2.150715199441795566e-01
2.226305384347017358e-01
2.297476450750087495e-01
2.363065472729387051e-01
2.375625072682870653e-01
2.378648680079079314e-01
2.420746598441679276e-01
2.467728805675078463e-01
2.526572857308989617e-01
2.521223398069543653e-01
2.561460634957553606e-01
2.593324805209908379e-01
2.623793464356320437e-01
2.680544249331317519e-01
2.728456797302011849e-01
2.741016397255494619e-01
2.745668100941970335e-01
2.779160367484591609e-01
2.844284219095243871e-01
2.861262937550878571e-01
2.754971508314920658e-01
2.720083730666357225e-01
2.817769508082335617e-01
2.851261774624956891e-01
2.867542737527619678e-01
2.855215722758460695e-01
2.914524944761018865e-01
2.965461100127922411e-01
2.926386789161530277e-01
2.984067914873822502e-01
3.045702988719619642e-01
3.029654611001279529e-01
2.933829515059890869e-01
3.048726596115827747e-01
3.131294336550762281e-01
3.116176299569717867e-01
3.075939062681707359e-01
3.093615536690312307e-01
3.121990929177811402e-01
3.157809047563670535e-01
3.204791254797069722e-01
3.207582277008955707e-01
3.283172461914176110e-01
3.339458076520526175e-01
3.342946854285381852e-01
3.338527735783231032e-01
3.366205372717758215e-01
3.408535876264682796e-01
3.454587742760786839e-01
3.444121409466216477e-01
3.425282009535992600e-01
3.409698802186301725e-01
3.440400046517037014e-01
3.442028142807304070e-01
3.427840446563554244e-01
3.529945342481684567e-01
3.613210838469589348e-01
3.593208512617745987e-01
3.509012675892546063e-01
3.525061053610884509e-01
3.613908594022560705e-01
3.587161297825328665e-01
3.543435283172462480e-01
3.569949994185371289e-01
3.548319572043261427e-01
3.455052913129434411e-01
3.419699965112222295e-01
3.534131875799511602e-01
3.592743342249098415e-01
3.502500290731481170e-01
3.433422490987324549e-01
3.431794394697057493e-01
3.475752994534249130e-01
3.411094313292243330e-01
3.323642283986509849e-01
3.302477032213047559e-01
3.368763809745319859e-01
3.293638795208745917e-01
3.178509128968485253e-01
3.231538550994301762e-01
3.260379113850448429e-01
3.215722758460285990e-01
3.148040469822072085e-01
3.140365158739387708e-01
3.186184440051169631e-01
3.159437143853937591e-01
3.086172810791953380e-01
3.095243632980579362e-01
3.079893010815210608e-01
3.026863588789394099e-01
2.971275729736015947e-01
3.017327596232120546e-01
3.059890684963367247e-01
3.018723107338063816e-01
3.015466914757530259e-01
3.054541225723921283e-01
3.097336899639493435e-01
3.106872892196766434e-01
3.069426677520642466e-01
3.107338062565414560e-01
3.257588091638562999e-01
3.272008373066636056e-01
3.230375625072682833e-01
3.347365972787534338e-01
3.511803698104430382e-01
3.550180253517851714e-01
3.458309105709966302e-01
3.496453075939063293e-01
3.622049075473892654e-01
3.622746831026864012e-01
3.575532038609141039e-01
3.597860216304222258e-01
3.611815327363647743e-01
3.713222467728806708e-01
3.768810326782183751e-01
3.732992208396326284e-01
3.766251889754623217e-01
3.892545644842423935e-01
3.959995348296314055e-01
3.963251540876845946e-01
4.041167577625305873e-01
4.171880451215258523e-01
4.207931154785440331e-01
4.226072799162694515e-01
4.304221421095476563e-01
4.376322828235841289e-01
4.387719502267706795e-01
4.369577857890452610e-01
4.414234213280615049e-01
4.484009768577741362e-01
4.476799627863705111e-01
4.442609605768112480e-01
4.519595301779277263e-01
4.626119316199558407e-01
4.716827538085824889e-01
4.750552389812769949e-01
4.785672752645657724e-01
4.919176648447494693e-01
5.049889522037446232e-01
5.074776136760089651e-01
5.027793929526690464e-01
5.037562507268287249e-01
5.168275380858240453e-01
5.267821839748808577e-01
5.324107454355158087e-01
5.475752994534248685e-01
5.650424467961391306e-01
5.782300267472962885e-01
5.900220955925107313e-01
6.025816955459938340e-01
6.144900569833702253e-01
6.257006628677752591e-01
6.369112687521805150e-01
6.415862309570881106e-01
6.424933131759508198e-01
6.471450168624259813e-01
6.542853820211652627e-01
6.609373182928247603e-01
6.763344574950576060e-01
6.919641818816141265e-01
6.978485870450051864e-01
7.035004070240725715e-01
7.110826840330272125e-01
7.148505640190719879e-01
7.186882195604141765e-01
7.275729736015815741e-01
7.371787417141528742e-01
7.424119083614373338e-01
7.495987905570415943e-01
7.582974764507501853e-01
7.659960460518664416e-01
7.729270845447145932e-01
7.780439585998373264e-01
7.788580067449702993e-01
7.832538667286894629e-01
7.969531340853589496e-01
7.926735666938017344e-01
7.939295266891499558e-01
8.033259681358297932e-01
8.104198162577045395e-01
8.120479125479707072e-01
8.145133155018025040e-01
8.223746947319456879e-01
8.303523665542505983e-01
8.264681939760438745e-01
8.249796487963717562e-01
8.408652168856843856e-01
8.536574020234910520e-01
8.548203279451099812e-01
8.579834864519130244e-01
8.648447493894639848e-01
8.721711826956624058e-01
8.773578323060821083e-01
8.832654959879057133e-01
8.865682056053030280e-01
8.908710315152924553e-01
9.018955692522386824e-01
9.042446796139086418e-01
9.020118618444006309e-01
9.115711129201071738e-01
9.158274217932318439e-01
9.170136062332830962e-01
9.141528084661008080e-01
9.132457262472380988e-01
9.231538550994301540e-01
9.298290498895221967e-01
9.267356669380161227e-01
9.258285847191534135e-01
9.276660076753111550e-01
9.297825328526574395e-01
9.345272706128621154e-01
9.472264216769392675e-01
9.547854401674614744e-01
9.535759972089777881e-01
9.531573438771950846e-01
9.568321897895104566e-01
9.652517734620305045e-01
9.671357134550530033e-01
9.649028956855449923e-01
9.667403186417026228e-01
9.719037097336900022e-01
9.765321549017328406e-01
9.846493778346320225e-01
9.897197348528899985e-01
9.921618792882893612e-01
9.924874985463425503e-01
9.856029770903594889e-01
9.831375741365274701e-01
9.872543318990580907e-01
9.880218630073264174e-01
9.900453541109431876e-01
9.932550296546109880e-01
9.928363763228283956e-01
9.913013141062914091e-01
9.959762763111991157e-01
1.000000000000000000e+00
9.996743807419466998e-01
9.975345970461682032e-01
9.958599837190370563e-01
9.971624607512501459e-01
9.931619955808814737e-01
9.939527852075824566e-01
9.917199674380743346e-01
9.909989533666706540e-01
9.939062681707176994e-01
9.972554948249796603e-01
9.957436911268753299e-01
9.888591696708920464e-01
9.881381555994883659e-01
9.880683800441912856e-01
9.802767763693454039e-01
9.726014652866612487e-01
9.732527038027678490e-01
9.788347482265380428e-01
9.773462030468659245e-01
9.725084312129317343e-01
9.701825793696943201e-01
9.707640423305036181e-01
9.680660541923480356e-01
9.629026631003605452e-01
9.583207349691824639e-01
9.569019653448075369e-01
9.560646586812421299e-01
9.517850912896849147e-01
9.525991394348181096e-01
9.550180253517851492e-01
9.509710431445517198e-01
9.437609024305152472e-01
9.397371787417142519e-01
9.368996394929643978e-01
9.334341202465403775e-01
9.249215025002908153e-01
9.283637632282825125e-01
9.301314106291429518e-01
9.299220839632516000e-01
9.358530061635075281e-01
9.378997557855566214e-01
9.300383765554134374e-01
9.237120595418073510e-01
9.153855099430167064e-01
9.053145714617979456e-01
8.998488196301895892e-01
8.945923944644726955e-01
8.924526107686940879e-01
8.918944063263171129e-01
8.902430515176184000e-01
8.856843819048727529e-01
8.829166182114199790e-01
8.755204093499244777e-01
8.723572508431214345e-01
8.743807419467380937e-01
8.632399116176300291e-01
8.439353413187580255e-01
8.394464472613095696e-01
8.353762065356438171e-01
8.232585184323759631e-01
8.141644377253169917e-01
8.197464821490871856e-01
8.156297243865566760e-01
8.122572392138621700e-01
8.087684614490057156e-01
8.013024770322131340e-01
7.940225607628794702e-01
7.890917548552157657e-01
7.796255378532387370e-01
7.641353645772764880e-01
7.576229794162112618e-01
7.528549831375742629e-01
7.410396557739271639e-01
7.381555994883126637e-01
7.337132224677288539e-01
7.206186765903013214e-01
7.038725433189907399e-01
6.932201418769624590e-01
6.864053959762762558e-01
6.790324456332131886e-01
6.751715315734387879e-01
6.689149901151296707e-01
6.520990812885218979e-01
6.466100709384812184e-01
6.434469124316781752e-01
6.371671124549366239e-01
6.379811606000698188e-01
6.302360739620886942e-01
6.102802651471100903e-01
5.961856029770903342e-01
5.917664844749390696e-01
5.878823118967321237e-01
5.769973252703803901e-01
5.605070357018258065e-01
5.475055238981276773e-01
5.440400046517036570e-01
5.402023491103616903e-01
5.237585765786720859e-01
5.110361669961622777e-01
5.114315618095127691e-01
5.112454936620537405e-01
4.959879055704152218e-01
4.837306663565531517e-01
4.794045819281311793e-01
4.701476915920456134e-01
4.526107686940342156e-01
4.437260146528665961e-01
4.478892894522619184e-01
4.483544598209093790e-01
4.366786835678568290e-01
4.356785672752646055e-01
4.419351087335737227e-01
4.430282590998953496e-01
4.315618095127340403e-01
4.241888591696709176e-01
4.293057332247937063e-01
4.306547272938714976e-01
4.209326665891383046e-01
4.066519362716595198e-01
4.048377718339342124e-01
4.045354110943132908e-01
3.959297592743342697e-01
3.864170252354924839e-01
3.802767763693452596e-01
3.751831608326550160e-01
3.640655890219792745e-01
3.535527386905454872e-01
3.453192231654843569e-01
3.489010350040703257e-01
3.508314920339574705e-01
3.380858239330155057e-01
3.332945691359460727e-01
3.348063728340505696e-01
3.315036632166531994e-01
3.166647284567973841e-01
3.116874055122689224e-01
3.178043958599837682e-01
3.111524595883242705e-01
3.018257936969416244e-01
3.006396092568903722e-01
2.970577974183044589e-01
2.954064426096058016e-01
2.909873241074543704e-01
2.859402256076288285e-01
2.769159204558669929e-01
2.711943249215025276e-01
2.749156878706826568e-01
2.787533434120247344e-01
2.771019886033259660e-01
2.698453308524247363e-01
2.626584486568205867e-01
2.664961041981626089e-01
2.658216071636236855e-01
2.607279916269333864e-01
2.621932782881730706e-01
2.606814745900686292e-01
2.560297709035934677e-01
2.523316664728457170e-01
2.534713338760321566e-01
2.514478427724154419e-01
2.493313175950692406e-01
2.526572857308989617e-01
2.527038027677637189e-01
2.545877427607861621e-01
2.559134783114315748e-01
2.609373182928247381e-01
2.649610419816257334e-01
2.681939760437260234e-01
2.688219560414001896e-01
2.680776834515641305e-01
2.702639841842074953e-01
2.725433189905803189e-01
2.716594952901500992e-01
2.757064774973834731e-01
2.763809745319223965e-01
2.763344574950575838e-01
2.761483893475985552e-01
2.797069426677520898e-01
2.823816722874753493e-01
2.811722293289917185e-01
2.810094196999651239e-01
2.830561693220142172e-01
2.868240493080591591e-01
2.882195604140017076e-01
2.864519130131411018e-01
2.894755204093499845e-01
2.911966507733457776e-01
2.865914641237353178e-01
2.848703337597395246e-01
2.866844981974648321e-01
2.821258285847192404e-01
2.833120130247703261e-01
2.885684381904872753e-01
2.912896848470752365e-01
2.960344226072799123e-01
2.968252122339807286e-01
2.878939411559483519e-01
2.889173159669728985e-01
2.927549715083149207e-01
2.945458774276079050e-01
2.878706826375160288e-01
2.860565181997907214e-01
2.918013722525875653e-01
2.896150715199442005e-01
2.829166182114199457e-01
2.787533434120247344e-01
2.780788463774858110e-01
2.784742411908361359e-01
2.696360041865333845e-01
2.651005930922200604e-01
2.687056634492382967e-01
2.655425049424351980e-01
2.657983486451913069e-01
2.648912664263287087e-01
2.640307012443307566e-01
2.661704849401093642e-01
2.678450982672404002e-01
2.615652982904989599e-01
2.555878590533783301e-01
2.569368531224561214e-01
2.509826724037679258e-01
2.457495057564832996e-01
2.495871612978253495e-01
2.517269449936039294e-01
2.446563553901617005e-01
2.450982672403767826e-01
2.498197464821490799e-01
2.464937783463193588e-01
2.422839865100593626e-01
2.392371205954181290e-01
2.350505872775904281e-01
2.353994650540760791e-01
2.322130480288406296e-01
2.276776369345273054e-01
2.268635887893941105e-01
2.253517850912897247e-01
2.211652517734620238e-01
2.120013955111060000e-01
2.116990347714850507e-01
2.059309222002559114e-01
1.968135829747645615e-01
1.932317711361786483e-01
1.890917548552157046e-01
1.897662518897546002e-01
1.846028607977672209e-01
1.740667519479009440e-01
1.740202349110361868e-01
1.743691126875218100e-01
1.673217816025119320e-01
1.620653564367950383e-01
1.610187231073381131e-01
1.620188393999302534e-01
1.596929875566927004e-01
1.551575764623793485e-01
1.561344342365391380e-01
1.552273520176765120e-01
1.513664379579020836e-01
1.497150831492033984e-01
1.439004535411094188e-01
1.388998720781486340e-01
1.375043609722060578e-01
1.368763809745319193e-01
1.368066054192347836e-01
1.319455750668682703e-01
1.243865565763460773e-01
1.182928247470635963e-01
1.184323758576578817e-01
1.167345040120944533e-01
1.139667403186417072e-01
1.123851610652401717e-01
1.112454936620537183e-01
1.096173973717874256e-01
1.113617862542156250e-01
1.132224677288056619e-01
1.132457262472380405e-01
1.133387603209675687e-01
1.161065240144203148e-01
1.127805558785905660e-01
1.130596580997790673e-01
1.118967321781602492e-01
1.131759506919409741e-01
1.159437143853936369e-01
1.147575299453425096e-01
1.119897662518897635e-01
1.133155018025351901e-01
1.168275380858239676e-01
1.132457262472380405e-01
1.080590766368182687e-01
1.072450284916850877e-01
1.067565996046052346e-01
1.051517618327712372e-01
1.025933248052099261e-01
1.015932085126177720e-01
1.041981625770438402e-01
1.029887196185603343e-01
1.023142225840214387e-01
1.074078381207117516e-01
1.107105477381091080e-01
1.064774973834166638e-01
1.059192929410396611e-01
1.098267240376787773e-01
1.124549366205373074e-01
1.113152692173508679e-01
1.132689847656704191e-01
1.252471217583440433e-01
1.308524247005465879e-01
1.250145365740202297e-01
1.205954180718688679e-01
1.194092336318176711e-01
1.230143039888358936e-01
1.208512617746249906e-01
1.148738225375044164e-01
1.198744040004652150e-01
1.222235143621351744e-01
1.183160832654959888e-01
1.217816025119200091e-01
1.244795906500756055e-01
1.249680195371555280e-01
1.234329573206186803e-01
1.238283521339690885e-01
1.196883358530061586e-01
1.181997906733341513e-01
1.206884521455983267e-01
1.210838469589487210e-01
1.205954180718688679e-01
1.187812536341435327e-01
1.191533899290615484e-01
1.199906965926270386e-01
1.250610536108849868e-01
1.248284684265612426e-01
1.195720432608443351e-01
1.221304802884056462e-01
1.246889173159669573e-01
1.262704965693685621e-01
1.222932899174323101e-01
1.199441795557622814e-01
1.230143039888358936e-01
1.226886847307826350e-01
1.182230491917665299e-01
1.153855099430166481e-01
1.198744040004652150e-01
1.181067565996046231e-01
1.123851610652401717e-01
1.150133736480986324e-01
1.162925921618792879e-01
1.131759506919409741e-01
1.131526921735085955e-01
1.114780788463775318e-01
1.102453773694615641e-01
1.096406558902198042e-01
1.073380625654146159e-01
1.050819862774741709e-01
1.051750203512036297e-01
9.961623444586582832e-02
9.452261890917551534e-02
9.882544481916502588e-02
9.431329224328408034e-02
9.382486335620422724e-02
1.002674729619723593e-01
9.373182928247471291e-02
8.303291080358182752e-02
8.287010117455516356e-02
7.854401674613327444e-02
7.226421676939182026e-02
6.868240493080587927e-02
6.940341900220954596e-02
7.391557157809049150e-02
7.293871380393071591e-02
7.398534713338764113e-02
7.677636934527268253e-02
7.012443307361321265e-02
6.710082567740435766e-02
7.014769159204559124e-02
7.435748342830565683e-02
6.910105826258866601e-02
6.663565530875688314e-02
6.949645307593907417e-02
7.058960344226075656e-02
7.421793231771137145e-02
7.391557157809049150e-02
7.026398418420749803e-02
7.419467379927899287e-02
7.389231305965811292e-02
6.565879753459702428e-02
5.719269682521228165e-02
6.098383532968949111e-02
6.356553087568325711e-02
6.210024421444355208e-02
6.082102570066289654e-02
5.277357832306086433e-02
4.907547389231309981e-02
5.416908942900342666e-02
5.207582277008958316e-02
4.565647168275384360e-02
4.479590650075589153e-02
4.472613094545882517e-02
3.988835911152462110e-02
4.005116874055120874e-02
4.035352948017208868e-02
4.477264798232351295e-02
4.716827538085822946e-02
4.500523316664731960e-02
4.749389463891148799e-02
4.923828352133969438e-02
5.193627165949529084e-02
5.193627165949529084e-02
5.277357832306086433e-02
4.912199092917778759e-02
4.695894871496687772e-02
4.384230724502849452e-02
4.123735318060241933e-02
3.958599837190374116e-02
4.723805093615537215e-02
4.854052796836841321e-02
4.861030352366555590e-02
4.951738574252818881e-02
4.828468426561229737e-02
4.407489242935223178e-02
4.914524944761016617e-02
5.663449238283520953e-02
5.542504942435169668e-02
4.900569833701595712e-02
5.309919758111412286e-02
5.856494941272238908e-02
5.637864868007909369e-02
5.521572275846026862e-02
5.602977090359345658e-02
5.909989533666707567e-02
5.572741016397257663e-02
5.023839981393185550e-02
5.012210722177002503e-02
5.081986277474122987e-02
4.847075241307127053e-02
4.714501686242585088e-02
5.109896499592980063e-02
5.723921386207696943e-02
5.135480869868591647e-02
4.316781021048959194e-02
4.812187463658562647e-02
5.551808349808122489e-02
5.242470054657522027e-02
5.158739388300965373e-02
5.475055238981280104e-02
5.549482497964883937e-02
5.512268868473082367e-02
6.140248866147227091e-02
6.444935457611351837e-02
6.112338644028377649e-02
6.254215606465872435e-02
6.072799162693337527e-02
5.763460867542737065e-02
6.377485754157460884e-02
6.289103384114436146e-02
6.430980346551923299e-02
6.072799162693337527e-02
6.261193161995579071e-02
6.103035236655424828e-02
5.954180718688224100e-02
6.240260495406443203e-02
6.068147459006861116e-02
5.512268868473082367e-02
5.302942202581698017e-02
5.940225607628795562e-02
6.258867310152348151e-02
5.575066868240495521e-02
5.223863239911617079e-02
5.661123386440283095e-02
5.796022793348062918e-02
5.193627165949529084e-02
5.116874055122686699e-02
4.956390277939295291e-02
4.895918130015119996e-02
4.686591464123735645e-02
4.821490871031515468e-02
5.075008721944416351e-02
4.526107686940343544e-02
4.323758576578673463e-02
4.109780207000813396e-02
4.151645540179091376e-02
3.819048726596117882e-02
3.593441097802074768e-02
3.551575764623796094e-02
3.881846726363531730e-02
4.319106872892197746e-02
3.995813466682176379e-02
3.335271543202697475e-02
3.584137690429121947e-02
4.181881614141179371e-02
3.795790208163744156e-02
3.535294801721129004e-02
4.116757762530527665e-02
4.128387021746718344e-02
3.728340504709854591e-02
3.379462728224214008e-02
3.425979765088968398e-02
3.649261542039773654e-02
3.777183393417839208e-02
3.323642283986514429e-02
2.549133620188398508e-02
2.739853471333877910e-02
2.428189324340039590e-02
2.251424584253981440e-02
1.895569252238634220e-02
2.279334806372838862e-02
1.860681474590070161e-02
1.060588440516342656e-02
1.288521921153624149e-02
1.118734736597280094e-02
8.140481451331560425e-03
8.442842190952440373e-03
1.449005698337015730e-02
1.095476218164906715e-02
5.163391091987464335e-03
8.931271078032366334e-03
8.559134783114345432e-03
5.000581462960796905e-03
8.442842190952440373e-03
1.207117106640305526e-02
5.186649610419845520e-03
0.000000000000000000e+00
1.046633329456913945e-02
1.290847772996862354e-02
7.372950343063136569e-03
9.908128852192145397e-03
1.146644958716129883e-02
9.094080707058957436e-03
1.186184440051170179e-02
1.025700662867778598e-02
9.094080707058957436e-03
1.062914292359580688e-02
9.884870333759763344e-03
1.035004070240723266e-02
9.233631817653244547e-03
7.093848121874639541e-03
4.954064426096034535e-03
2.046749622049080699e-03
4.628445168042775136e-03
7.024072566577495985e-03
1.021048959181302361e-02
1.072217699732525530e-02
1.144319106872891678e-02
1.151296662402606120e-02
1.218746365856496032e-02
8.117222932899180107e-03
1.311780439585997701e-02
1.937434585416912547e-02
1.125712292126994536e-02
1.158274217932320389e-02
1.797883474822656313e-02
1.900220955925110283e-02
1.718804512152575723e-02
1.804861030352370582e-02
