3.071075847528154795e-02
2.890750707429397617e-02
2.330355656660935970e-02
2.133385119014587564e-02
2.211063640903283140e-02
1.559118903623133226e-02
6.297508738833616088e-03
6.408478055817558479e-03
8.960772346446101502e-03
4.466515008600058061e-03
0.000000000000000000e+00
2.302613327414886665e-03
7.878821505853516455e-03
9.598845919103343727e-03
5.520723519946658595e-03
4.910392276535401751e-03
9.848526882317002254e-03
1.814348332686008952e-02
2.660489374687887570e-02
3.442823059424063303e-02
4.319480663596505371e-02
5.723242523442267915e-02
6.882871885923527722e-02
7.257393330744035809e-02
8.006436220385050595e-02
9.240969871830428950e-02
1.017866060034399583e-01
1.150751817122566134e-01
1.337180269655440235e-01
1.398490817289019250e-01
1.422626643733007623e-01
1.533595960716860607e-01
1.629029573322976487e-01
1.692836930588692002e-01
1.656217055984020858e-01
1.608777672973421835e-01
1.669255950729623683e-01
1.713921100815624099e-01
1.642900737945958423e-01
1.625145647228540546e-01
1.633190922709870097e-01
1.573267491538589968e-01
1.485324307828883861e-01
1.455085168950785157e-01
1.491982466847916189e-01
1.460633634799978209e-01
1.383232536203740093e-01
1.327747877711811519e-01
1.337180269655440235e-01
1.354935360372856168e-01
1.311657326749152697e-01
1.281695611163513882e-01
1.355767630250235556e-01
1.412084558619541574e-01
1.371858181212894379e-01
1.354103090495478723e-01
1.398490817289019250e-01
1.439826887865506000e-01
1.470898296620984369e-01
1.476724185762637032e-01
1.526382955112910722e-01
1.539976696443433046e-01
1.515563446706984785e-01
1.587970926038949626e-01
1.684791655107362729e-01
1.689507851079176115e-01
1.674249569993896680e-01
1.688120734616878893e-01
1.757476557731787459e-01
1.834045386450645909e-01
1.906175442490150862e-01
1.953059978915830386e-01
2.024635188370415562e-01
2.074293957720689252e-01
2.034067580314042056e-01
2.062087332852466370e-01
2.216612106752482436e-01
2.294845475226099940e-01
2.327581423736337640e-01
2.379737002718747829e-01
2.422737613049991412e-01
2.453254175220552225e-01
2.398879209898462928e-01
2.440215280474949400e-01
2.557287909892915212e-01
2.570881651223437259e-01
2.617766187649114284e-01
2.682405814792209742e-01
2.754535870831714695e-01
2.802807523719691440e-01
2.835266048937469252e-01
2.897686289740887822e-01
2.998390944903734368e-01
3.030572046829052013e-01
3.081895355934085035e-01
3.188148476946124354e-01
3.322421350496588266e-01
3.389002940686900445e-01
3.361260611440936019e-01
3.440048826499473300e-01
3.596238140154246476e-01
3.633690284636297285e-01
3.636741940853353561e-01
3.642567829995006501e-01
3.674748931920324146e-01
3.624535315985130679e-01
3.570715197247961159e-01
3.570160350663041382e-01
3.570437773955501548e-01
3.438106863452256579e-01
3.360705764856016242e-01
3.403983798479719991e-01
3.402596682017422491e-01
3.395938522998390163e-01
3.345170060478277474e-01
3.358486378516339910e-01
3.420629196027298313e-01
3.429506741386007529e-01
3.440048826499473300e-01
3.490262442434666768e-01
3.560173112134495388e-01
3.596238140154246476e-01
3.594573600399489366e-01
3.609831881484769078e-01
3.719691505298784451e-01
3.769627697941519973e-01
3.738833712478499827e-01
3.752704877101481484e-01
3.774898740498253136e-01
3.812628308272763555e-01
3.818731620706874441e-01
3.817621927537037108e-01
3.841202907396105704e-01
3.828441435942962490e-01
3.821505853631470551e-01
3.829551129112799823e-01
3.844254563613161979e-01
3.853686955556788196e-01
3.842590023858402648e-01
3.861454807745657858e-01
3.910836153803474158e-01
3.888642290406702506e-01
3.887810020529323118e-01
3.880874438217832845e-01
3.914720079897907601e-01
3.899184375520168278e-01
3.948288298285524411e-01
3.979637130333462669e-01
4.077844975864172716e-01
4.141097486544971229e-01
4.190201409310325142e-01
4.278699439604948807e-01
4.391333296343560844e-01
4.424346668146257877e-01
4.467347278477501460e-01
4.522554513676968480e-01
4.652388614548078616e-01
4.694002108417023034e-01
4.694279531709482645e-01
4.733673639238750175e-01
4.833268601231759942e-01
4.871275592298729973e-01
4.943128225045775315e-01
4.942018531875935761e-01
5.006103312434111441e-01
5.009987238528547104e-01
4.965322088442546966e-01
5.018864783887256875e-01
5.074349442379182396e-01
5.052710425567331631e-01
5.062420240803418015e-01
5.113743549908450481e-01
5.205293236420129865e-01
5.228319369694279795e-01
5.218886977750653022e-01
5.210286855684403973e-01
5.240248571270044176e-01
5.270487710148145100e-01
5.276591022582255430e-01
5.300726849026243803e-01
5.425289907340621331e-01
5.480219719247627630e-01
5.469677634134162414e-01
5.479942295955168019e-01
5.496032846917827674e-01
5.505187815568995946e-01
5.550962658824836193e-01
5.609498973533818544e-01
5.643067191921433690e-01
5.659990012761472178e-01
5.729623259168840077e-01
5.828108527992010846e-01
5.903012816956112463e-01
5.884702879653775920e-01
5.901625700493814408e-01
5.960716861787717091e-01
6.029240415025246547e-01
6.028408145147866604e-01
6.028408145147866604e-01
6.019530599789160163e-01
6.042556733063308982e-01
6.102480164234590498e-01
6.127170837263496983e-01
6.081673417300116347e-01
6.051434278422017643e-01
6.056982744271210972e-01
6.091660655828664561e-01
6.183210342340342835e-01
6.204849359152194710e-01
6.228707762303722362e-01
6.305276591022583865e-01
6.380735726571604705e-01
6.427342839704821564e-01
6.321367141985242410e-01
6.369916218165678767e-01
6.553015591189036426e-01
6.803528824280086207e-01
6.875658880319592825e-01
6.950840592576152943e-01
7.072074571381014030e-01
7.259057870498807352e-01
7.497087055429174640e-01
7.745658325473007144e-01
7.872718193419521171e-01
7.970093769072851275e-01
8.155689951728347653e-01
8.385673861177385113e-01
8.572934583587639157e-01
8.751040337346723819e-01
8.750762914054266428e-01
8.725239971147978890e-01
8.816234811074739053e-01
8.992953448371526770e-01
9.118348776563280911e-01
9.183820673583755756e-01
9.249569993896687992e-01
9.388559063418965289e-01
9.451811574099763247e-01
9.438495256061698591e-01
9.474560284081454675e-01
9.558896964989183065e-01
9.536980524884871580e-01
9.404649614381626055e-01
9.316706430671920502e-01
9.332242135049659826e-01
9.320312933473896555e-01
9.312545081285026338e-01
9.352216612106754035e-01
9.376629861843202018e-01
9.292570604227932130e-01
9.179659324196860481e-01
9.165233312988960712e-01
9.156633190922711663e-01
9.175497974809966317e-01
9.221827664650725787e-01
9.178272207734563537e-01
9.091716140487156039e-01
9.090883870609776096e-01
9.071464240137603330e-01
9.037618598457526353e-01
9.032070132608334134e-01
9.017366698107974754e-01
8.977695167286247058e-01
8.886145480774566563e-01
8.857848304943685136e-01
8.828164012650503434e-01
8.787105365366477683e-01
8.695833102147256799e-01
8.660045497419965876e-01
8.604560838928037025e-01
8.512733729123899140e-01
8.524662930699662411e-01
8.550185873605949949e-01
8.497752871331077928e-01
8.432558397603064915e-01
8.402319258724963991e-01
8.416467846640406369e-01
8.411474227376131152e-01
8.374299506186539954e-01
8.347944293402874694e-01
8.384009321422628558e-01
8.427009931753871586e-01
8.404538645064640878e-01
8.389835210564281498e-01
8.456139377462132956e-01
8.481107473783499051e-01
8.442823059424070520e-01
8.482772013538257827e-01
8.521611274482605580e-01
8.511069189369140364e-01
8.484991399877934715e-01
8.493314098651724153e-01
8.527992010209178853e-01
8.527714586916718131e-01
8.505243300227487424e-01
8.548798757143650784e-01
8.637851634023193670e-01
8.684458747156411640e-01
8.710813959940079121e-01
8.711646229817455733e-01
8.758808189535595146e-01
8.802086223159296674e-01
8.790989291460913346e-01
8.824002663263608159e-01
8.838706097763969760e-01
8.862287077623038911e-01
8.879209898463077399e-01
8.913055540143152156e-01
8.958830383398991293e-01
9.001553570437775820e-01
9.024302280419463917e-01
9.024579703711924639e-01
9.005992343117128485e-01
8.969372468512457619e-01
8.948288298285526077e-01
8.976585474116407504e-01
8.986572712644953498e-01
8.952727070964878742e-01
8.904455418076901996e-01
8.900571491982468553e-01
8.909171614048715382e-01
8.897519835765412832e-01
8.845364256783000423e-01
8.785718248904179628e-01
8.810131498640626502e-01
8.838151251179050538e-01
8.807912112300949614e-01
8.805415302668813116e-01
8.872274316151584905e-01
8.921655662209401205e-01
8.895577872718193335e-01
8.879209898463077399e-01
8.929146091105810701e-01
8.965488542418021956e-01
8.984630749597737331e-01
9.009876269211564148e-01
9.053431726127726398e-01
9.026521666759143026e-01
8.965488542418021956e-01
9.014869888475838255e-01
9.116684236808524355e-01
9.094490373411752149e-01
9.115574543638684801e-01
9.240969871830438942e-01
9.321145203351274278e-01
9.355268268323810865e-01
9.394662375853077840e-01
9.462353659213229573e-01
9.551406536092771349e-01
9.615491316650947029e-01
9.681795483548800707e-01
9.773345170060481202e-01
9.858791544138048035e-01
9.866559396326916032e-01
9.871830438883648640e-01
9.931753870054931266e-01
1.000000000000000000e+00
9.971147977584200461e-01
9.939799145536262204e-01
9.910669699827998613e-01
9.845475226099983379e-01
9.813016700882206678e-01
9.870165899128894305e-01
9.908172890195859894e-01
9.885424180214172907e-01
9.853520501581315427e-01
9.845197802807523768e-01
9.809965044665152067e-01
9.785829218221161474e-01
9.773900016645400424e-01
9.733396215946291674e-01
9.733673639238751285e-01
9.722299284247906126e-01
9.632136714198524796e-01
9.496754147478222441e-01
9.427120901070853431e-01
9.424069244853798821e-01
9.362758697220220361e-01
9.224879320867780397e-01
9.139155523497752842e-01
9.120568162902957798e-01
9.045386450646396570e-01
8.940797869389115471e-01
8.951617377795041408e-01
8.948010874993065356e-01
8.884203517727350397e-01
8.757421073073295981e-01
8.691671752760363745e-01
8.702491261166289682e-01
8.683349053986574306e-01
8.680574821061978197e-01
8.722743161515841281e-01
8.835377018254453318e-01
8.923597625256617372e-01
8.845919103367919645e-01
8.801808799866839284e-01
8.889474560284083005e-01
8.961604616323588512e-01
8.970482161682294953e-01
8.933584863785164476e-01
8.763801808799868143e-01
8.562115075181713220e-01
8.520501581312768247e-01
8.573489430172558379e-01
8.606780225267713913e-01
8.594018753814570699e-01
8.478055817566444441e-01
8.443100482716531241e-01
8.412583920545969596e-01
8.381512511790492059e-01
8.329634356100539261e-01
8.306885646118850053e-01
8.309937302335904663e-01
8.302169450147034446e-01
8.263607612495146304e-01
8.280807856627643293e-01
8.270820618099096189e-01
8.283582089552239403e-01
8.269433501636799244e-01
8.240026632636078263e-01
8.184264550851689801e-01
8.126560506020086283e-01
8.050823947178605833e-01
8.000332907950952199e-01
7.943183709704266793e-01
7.916273650335684531e-01
7.858569605504078792e-01
7.785052433002276340e-01
7.720967652444100660e-01
7.687954280641403626e-01
7.643566553847861433e-01
7.596404594129724241e-01
7.555623370138156991e-01
7.512622759806912853e-01
7.464351106918937218e-01
7.447983132663820172e-01
7.429118348776564407e-01
7.364201298341009894e-01
7.286522776452312167e-01
7.241580203073851862e-01
7.185540697997004900e-01
7.136159351939189710e-01
7.070132608333796753e-01
6.961382677689618159e-01
6.857626366309715893e-01
6.764966986628198065e-01
6.683681961937524285e-01
6.660655828663375466e-01
6.680075459135550453e-01
6.640403928313820536e-01
6.572712644953671024e-01
6.502524551961382793e-01
6.486988847583644580e-01
6.432613882261555283e-01
6.387948732175554589e-01
6.320534872107862467e-01
6.268379293125452278e-01
6.242856350219164741e-01
6.242301503634245519e-01
6.205959052322034264e-01
6.211784941463686094e-01
6.227320645841425417e-01
6.263108250568719670e-01
6.252566165455251124e-01
6.296676468956334816e-01
6.361038672806970107e-01
6.491427620262997245e-01
6.590467735671087235e-01
6.705043555456916549e-01
6.722798646174333870e-01
6.678688342673251288e-01
6.697830549852966664e-01
6.820451645120124695e-01
6.968040836708651042e-01
7.031293347389446780e-01
6.989402430228042196e-01
6.988847583643122974e-01
6.963879487321756878e-01
6.955279365255507829e-01
6.961937524274538491e-01
6.986073350718526864e-01
7.036564389946179388e-01
6.992176663152639415e-01
6.924485379792487683e-01
6.913665871386561745e-01
6.882039616046163877e-01
6.855406979970039005e-01
6.834600233035567074e-01
6.836264772790323629e-01
6.824335571214560359e-01
6.819341951950287362e-01
6.820174221827665084e-01
6.830438883648670689e-01
6.852077900460522564e-01
6.900349553348499310e-01
6.951118015868612554e-01
7.024357765077956506e-01
7.026577151417633393e-01
7.093991011485325515e-01
7.158908061920880028e-01
7.188869777506519121e-01
7.220496032846919210e-01
7.257670754036510408e-01
7.300948787660214157e-01
7.357265716029519620e-01
7.377240193086612718e-01
7.428008655606725963e-01
7.500970981523610304e-01
7.587804472063474082e-01
7.641069744215723825e-01
7.668812073461688250e-01
7.745935748765466755e-01
7.814181878710537710e-01
7.808633412861345491e-01
7.800865560672475274e-01
7.783110469955057953e-01
7.811407645785941600e-01
7.864672917938191343e-01
7.885757088165122886e-01
7.859956721966377957e-01
7.843866171003719412e-01
7.801697830549852997e-01
7.775620041058648457e-01
7.750097098152362030e-01
7.733174277312323541e-01
7.723464462076237158e-01
7.720412805859181438e-01
7.744548632303169811e-01
7.721245075736559160e-01
7.680186428452534519e-01
7.695999556122733454e-01
7.772845808134051238e-01
7.822504577484327148e-01
7.864950341230650954e-01
7.921267269599957528e-01
8.005881373800145528e-01
8.088553514953116252e-01
8.187593630361206243e-01
8.298285524052601003e-01
8.412583920545969596e-01
8.597902679909006363e-01
8.667535926316375372e-01
8.726072241025357723e-01
8.914997503190368322e-01
9.085890251345503099e-01
9.155800921045331719e-01
9.215169505631694014e-01
9.361094157465461585e-01
9.483437829440161115e-01
9.518115740997613594e-01
9.583032791433169217e-01
9.705099040115408027e-01
9.795539033457252298e-01
9.758641735560117381e-01
9.822726516118293061e-01
9.867669089496755586e-01
9.841868723298009547e-01
9.885424180214172907e-01
9.938134605781503428e-01
9.959218776008434970e-01
9.942850801753316814e-01
9.918437552016871050e-01
9.912056816290297778e-01
9.846862342562283654e-01
9.725905787049884399e-01
9.610497697386672922e-01
9.507018809299228046e-01
9.507851079176607989e-01
9.516451201242859259e-01
9.391333296343561399e-01
9.247073184264551493e-01
9.129723131554126070e-01
8.989069522277092217e-01
8.850080452754813809e-01
8.794873217555346789e-01
8.792653831215669902e-01
8.750762914054266428e-01
8.676136048382622201e-01
8.616490040503802517e-01
8.545469677634134342e-01
8.471952505132331890e-01
8.382344781667868672e-01
8.312711535260500773e-01
8.273594851023693408e-01
8.182045164512012914e-01
8.097431060311824913e-01
8.001997447705708755e-01
7.965100149808578278e-01
7.920712423015037196e-01
7.876047272929036502e-01
7.811407645785941600e-01
7.737058203406760315e-01
7.637185818121290382e-01
7.519835765410864958e-01
7.421073073295235689e-01
7.349775287133107904e-01
7.264606336348000681e-01
7.173611496421240519e-01
7.089274815513512129e-01
7.049325861399324822e-01
7.016589912889087399e-01
6.972479609388003707e-01
6.929478999056760680e-01
6.926149919547246459e-01
6.920601453698054240e-01
6.892859124452089814e-01
6.864284525328747666e-01
6.910614215169504915e-01
6.930311268934140623e-01
6.955001941963048218e-01
6.998279975586751966e-01
7.057371136880654650e-01
7.123120457193586885e-01
7.186372967874382622e-01
7.216612106752483546e-01
7.229651001498086371e-01
7.248515785385341026e-01
7.301781057537590769e-01
7.369194917605282891e-01
7.473783498862565100e-01
7.539532819175498446e-01
7.510403373467237076e-01
7.553403983798480104e-01
7.660766797980359533e-01
7.715141763302448830e-01
7.730122621095267821e-01
7.725683848415914046e-01
7.791988015313766613e-01
7.936248127392776519e-01
8.021139654885424131e-01
8.057204682905177995e-01
8.141818787105365995e-01
8.197580868889752237e-01
8.170948232813627365e-01
8.223103811796039775e-01
8.290517671863731897e-01
8.359041225101260242e-01
8.378738278865894840e-01
8.374576929478999565e-01
8.431171281140765750e-01
8.518559618265549860e-01
8.593186483937192977e-01
8.668368196193753095e-01
8.703600954336127016e-01
8.720523775176165504e-01
8.752704877101482595e-01
8.812905731565222611e-01
8.857848304943685136e-01
8.870887199689287961e-01
8.834267325084614875e-01
8.827331742773124601e-01
8.876990512123398291e-01
8.915274926482827933e-01
8.906397381124119272e-01
8.896410142595573278e-01
8.848693336292515754e-01
8.835377018254453318e-01
8.838706097763969760e-01
8.852577262386952528e-01
8.870332353104367629e-01
8.896410142595573278e-01
8.898906952227709777e-01
8.850357876047273420e-01
8.847583643122677310e-01
8.834544748377074486e-01
8.783498862564501630e-01
8.794873217555346789e-01
8.758253342950675924e-01
8.660322920712423267e-01
8.525495200577042354e-01
8.449203795150641572e-01
8.425067968706653199e-01
8.417577539810243703e-01
8.357654108638963297e-01
8.319924540864452878e-01
8.298562947345060614e-01
8.280807856627643293e-01
8.247794484824947370e-01
8.201464794984187900e-01
8.167896576596570535e-01
8.137657437718471831e-01
8.061920878876991381e-01
8.000887754535871421e-01
8.009765299894581192e-01
8.038894745602842562e-01
8.021971924762804074e-01
7.987848859790269707e-01
7.984242356988293654e-01
8.015036342451313800e-01
8.061643455584531770e-01
8.086334128613439365e-01
8.113244187982023847e-01
8.157631914775564930e-01
8.186483937191368909e-01
8.248626754702325092e-01
8.312711535260500773e-01
8.421461465904679367e-01
8.507462686567166532e-01
8.531321089718694184e-01
8.540753481662320956e-01
8.610664151362149576e-01
8.709149420185319235e-01
8.841757753981026591e-01
8.890306830161460727e-01
8.888642290406703061e-01
8.926649281473674202e-01
8.996005104588582491e-01
9.066193197580870722e-01
9.114464850468847468e-01
9.101703379015702033e-01
9.102813072185541587e-01
9.156910614215171274e-01
9.120013316318039687e-01
9.111135770959331026e-01
9.087277367807802264e-01
9.063418964656274612e-01
9.141097486544972339e-01
9.142484603007269284e-01
9.096987183043888647e-01
9.135271597403319399e-01
9.187427176385729588e-01
9.181323863951619257e-01
9.160517117017145106e-01
9.186317483215892254e-01
9.264550851689510313e-01
9.201020917716251635e-01
9.026521666759143026e-01
9.041225101259502406e-01
9.132497364478723290e-01
9.190756255895246030e-01
9.146368529101704947e-01
9.088387060977639598e-01
9.053986572712645620e-01
9.010985962381401482e-01
8.925817011596294259e-01
8.905565111246741550e-01
8.990734062031849883e-01
9.116406813516063634e-01
9.131110248016424125e-01
9.055373689174944785e-01
8.977695167286247058e-01
8.884480941019810007e-01
8.873661432613884070e-01
8.951617377795041408e-01
8.935249403539923252e-01
8.837873827886590927e-01
8.747156411252290376e-01
8.769072851356601861e-01
8.771292237696278749e-01
8.678910281307218311e-01
8.536037285690507570e-01
8.423403428951895533e-01
8.352660489374688080e-01
8.331298895855295816e-01
8.245020251900351260e-01
8.188980746823505408e-01
8.228929700937692715e-01
8.225045774843257052e-01
8.192864672917938851e-01
8.237529823003939544e-01
8.241968595683295540e-01
8.218665039116686000e-01
8.117405537368918012e-01
8.124618542972870117e-01
8.143760750152584382e-01
8.065804804971427044e-01
7.963990456638740945e-01
7.976474504799423437e-01
8.064695111801587490e-01
8.124341119680409395e-01
8.131554125284359280e-01
8.175109582200522640e-01
8.194251789380238016e-01
8.066637074848804767e-01
7.907950951561895092e-01
7.930699661543584300e-01
8.094379404094769193e-01
8.160683570992620650e-01
8.013926649281474246e-01
7.888808744382179716e-01
7.930699661543584300e-01
8.013094379404095413e-01
8.048049714254008613e-01
8.056927259612718384e-01
8.043610941574655948e-01
8.054153026688121164e-01
8.143205903567665160e-01
8.220052155578982944e-01
8.248626754702325092e-01
8.234478166786884934e-01
8.218942462409144500e-01
8.216723076069467613e-01
8.378183432280975618e-01
8.581812128946347817e-01
8.642290406702547445e-01
8.520224158020308636e-01
8.418132386395162925e-01
8.432835820895522305e-01
8.482217166953338605e-01
8.564889308106309329e-01
8.606502801975255412e-01
8.643400099872386999e-01
8.563502191644012385e-01
8.462797536481163618e-01
8.279975586750265570e-01
8.157077068190646818e-01
8.199245408644511013e-01
8.240581479220995265e-01
8.119070077123676787e-01
7.853021139654885463e-01
7.569771958053599370e-01
7.545913554902070608e-01
7.721245075736559160e-01
7.627198579592744387e-01
7.296232591688398550e-01
7.178882538977973127e-01
7.259890140376187295e-01
7.280419464018199616e-01
7.207179714808856774e-01
7.205515175054097998e-01
7.112855795372580170e-01
6.927814459302004124e-01
6.792986739166619881e-01
6.721411529712034705e-01
6.695056316928369444e-01
6.661765521833212800e-01
6.574099761415969079e-01
6.442601120790101277e-01
6.348277201353826893e-01
6.313876713088832915e-01
6.250069355823114625e-01
6.268934139710370390e-01
6.325251068079675854e-01
6.282527881040892437e-01
6.215946290850580258e-01
6.262553403983799338e-01
6.322754258447539355e-01
6.330244687343948851e-01
6.268656716417909669e-01
6.211784941463686094e-01
6.152416356877323800e-01
6.121344948121846263e-01
6.111635132885757660e-01
6.152138933584864189e-01
6.215946290850580258e-01
6.229262608888642694e-01
6.190145924651835330e-01
6.251179048992954179e-01
6.304444321145203922e-01
6.319980025522943246e-01
6.424568606780225455e-01
6.537479886811297103e-01
6.590190312378627624e-01
6.586583809576653792e-01
6.617932641624592049e-01
6.722798646174333870e-01
6.791322199411863325e-01
6.792986739166619881e-01
6.860400599234312002e-01
6.952227709038452108e-01
7.016867336181547010e-01
7.039893469455695829e-01
7.054596903956057430e-01
7.141152971203462707e-01
7.251844864894857468e-01
7.267657992565056402e-01
7.169727570326805965e-01
7.190534317261277897e-01
7.265993452810299846e-01
7.294290628641181273e-01
7.286245353159851446e-01
7.155578982411364697e-01
6.971647339510627095e-01
6.788547966487267216e-01
6.683959385229983896e-01
6.629029573322977598e-01
6.634023192587250595e-01
6.615435831992455551e-01
6.480885535149532028e-01
6.414858791544139072e-01
6.345225545136771172e-01
6.297508738833713648e-01
6.285302113965488546e-01
6.259779171059203229e-01
6.178216723076069838e-01
6.006214281751097728e-01
5.763746324141375554e-01
5.632802530100426974e-01
5.568162902957332072e-01
5.511013704710648886e-01
5.412805859179936618e-01
5.340953226432890721e-01
5.239971147977584565e-01
5.134827720135382023e-01
5.094323919436275494e-01
5.099040115408091101e-01
5.109304777229096706e-01
5.075736558841480450e-01
5.052987848859791242e-01
5.009432391943627882e-01
4.985019142207179343e-01
4.987793375131776008e-01
4.988070798424235619e-01
5.032735948510236312e-01
5.065471897020473735e-01
5.032181101925319311e-01
4.987238528546856231e-01
4.982522332575042845e-01
4.978638406480609402e-01
4.968928591244520798e-01
4.948954114187428255e-01
4.937579759196582541e-01
4.915385895799810889e-01
4.862398046940021312e-01
4.874604671808246414e-01
4.865449703157077588e-01
4.801919769183821685e-01
4.764467624701770876e-01
4.734505909116130118e-01
4.712589469011818077e-01
4.713699162181657631e-01
4.678743827331743321e-01
4.653498307717915949e-01
4.629639904566387187e-01
4.623536592132274636e-01
4.634633523830660740e-01
4.608833157631915256e-01
4.626588248349330912e-01
4.617988126283081862e-01
4.549187149753093351e-01
4.446540531543029529e-01
4.393552682683237731e-01
4.310880541530266452e-01
4.196859568329357471e-01
4.116684236808522690e-01
4.086167674637962155e-01
4.057315652222160396e-01
4.014037618598457202e-01
3.934139710370082588e-01
3.874771125783720294e-01
3.820673583754093383e-01
3.791544138045829793e-01
3.771847084281196860e-01
3.722188314930920949e-01
3.625645009154968013e-01
3.592631637352272644e-01
3.545747100926593398e-01
3.550740720190866395e-01
3.580979859068967319e-01
3.559618265549575611e-01
3.537979248737723736e-01
3.560727958719414610e-01
3.564334461521388442e-01
3.526050047161960466e-01
3.556566609332519335e-01
3.564057038228928831e-01
3.570715197247961159e-01
3.553792376407922671e-01
3.494423791821560377e-01
3.505520723519945925e-01
3.587915441380459258e-01
3.619264273428397516e-01
3.617322310381180794e-01
3.610664151362148466e-01
3.637019364145813172e-01
3.573766853465017435e-01
3.488875325972369823e-01
3.476946124396604332e-01
3.419796926149918925e-01
3.350995949619929859e-01
3.322698773789047877e-01
3.273040004438771966e-01
3.201187371691727179e-01
3.155967375020806709e-01
3.146812406369637882e-01
3.122954003218109675e-01
3.143205903567664050e-01
3.087998668368195365e-01
3.017810575375909354e-01
2.966764689563336499e-01
2.935138434222938075e-01
2.915718803750763088e-01
2.911280031071407648e-01
2.933196471175719133e-01
2.908505798146811538e-01
2.845808134050935023e-01
2.842756477833878748e-01
2.852743716362425297e-01
2.877989235976252669e-01
2.892692670476612049e-01
2.908228374854353593e-01
2.969261499195472997e-01
3.043888364867114449e-01
3.099373023359041079e-01
3.104644065915773687e-01
3.120179770293513011e-01
3.155412528435886932e-01
3.167619153304112034e-01
3.220052155578982389e-01
3.211729456805192950e-01
3.235310436664261546e-01
3.228929700937691605e-01
3.212561726682572893e-01
3.208955223880596841e-01
3.240304055928534543e-01
3.262220496032846584e-01
3.234478166786884379e-01
3.231981357154747880e-01
3.233368473617044825e-01
3.222271541918659277e-01
3.210064917050435840e-01
3.236974976419020877e-01
3.226710314598014717e-01
3.192032403040560573e-01
3.162902957332296983e-01
3.102147256283637189e-01
3.023913887810019685e-01
2.957887144204627283e-01
2.899073406203184766e-01
2.866614880985406955e-01
2.773678078011430070e-01
2.689063973811242070e-01
2.628863119347500388e-01
2.588081895355933137e-01
2.560616989402431098e-01
2.496254785551795807e-01
2.419408533540475248e-01
2.367252954558065059e-01
2.299284247905453438e-01
2.235754313932197535e-01
2.171669533374022132e-01
2.112578372080119726e-01
1.998279975586750579e-01
1.890917161404871705e-01
1.805748210619763927e-01
1.743882816401265134e-01
1.610164789435721000e-01
1.477001609055096920e-01
1.441214004327803222e-01
1.429562226044497619e-01
1.374354990845031155e-01
1.333296343561004293e-01
1.349109471231203228e-01
1.356322476835155333e-01
1.362703212561725552e-01
1.372690451090274044e-01
1.354935360372856168e-01
1.394606891194583587e-01
1.420962103978250513e-01
1.466736947234088539e-01
1.432059035676634118e-01
1.409865172279864964e-01
1.410420018864782521e-01
1.344948121844309896e-01
1.256172668257226066e-01
1.273372912389724443e-01
1.276701991899238386e-01
1.204571935859733434e-01
1.083615380347334317e-01
1.047827775620040619e-01
9.984464295622245966e-02
9.202130610886091744e-02
8.597347833324074651e-02
7.964822726516114504e-02
7.235199467347268321e-02
7.016035066304152079e-02
6.438994617988121061e-02
6.020085446374079385e-02
5.764856017311204006e-02
5.293236420129832087e-02
4.835487987571432389e-02
4.638517449925083636e-02
4.763357931531933542e-02
4.755035232758137581e-02
4.214059812461844884e-02
3.895023026133266619e-02
3.692504022637742300e-02
3.797924873772402093e-02
3.928313821228427566e-02
3.476113854519224944e-02
2.998945791488656296e-02
3.173722465738216397e-02
3.739665982355874774e-02
4.374965322088433806e-02
4.699550574266209146e-02
4.666259779171048200e-02
4.721744437662976634e-02
5.243300227487100729e-02
6.006214281751087042e-02
5.823114908727730632e-02
5.898019197691828364e-02
6.408478055817558305e-02
7.127004383288010336e-02
6.930033845641682400e-02
6.605448593463907059e-02
6.669255950729609250e-02
7.207457138101304450e-02
7.509848526882312303e-02
7.978693891139085337e-02
7.937080397270149246e-02
8.164567497087060755e-02
9.074515896354663769e-02
9.823558785995678555e-02
9.568329356932803176e-02
9.252066803528823102e-02
9.224324474282859232e-02
9.437940409476777703e-02
1.018143483326859472e-01
