6.133672570701631521e-01
6.196301007926409143e-01
6.178197475291125063e-01
6.266757999804283275e-01
6.394950582248749571e-01
6.467364712789898107e-01
6.465896858792444801e-01
6.371954202955276703e-01
6.286329386437028433e-01
6.219786671885703111e-01
6.256483021822095703e-01
6.328897152363244238e-01
6.272140131128288720e-01
6.348468538995986066e-01
6.459536158136801598e-01
6.621978667188570533e-01
6.554457383305607454e-01
6.319600743712689983e-01
6.066640571484488431e-01
5.995694294940793201e-01
6.009883550249532913e-01
6.022604951560815989e-01
5.995205010274977653e-01
6.078383403464133750e-01
6.122908308053622850e-01
6.275075839123200883e-01
6.384186319600742010e-01
6.413543399549858082e-01
6.461982581465895992e-01
6.518250318035031521e-01
6.326940013699969834e-01
6.113611899403073036e-01
6.030922790879732487e-01
6.095997651433601172e-01
6.248165182503178094e-01
6.439964771504059771e-01
6.397886290243660623e-01
6.257461591153732350e-01
6.181133183286036115e-01
6.205597416576963399e-01
6.074469126137584940e-01
5.841080340542125215e-01
5.747137684704961558e-01
5.744691261375866054e-01
5.590077306977198068e-01
5.497113220471666617e-01
5.605245131617575538e-01
5.630198649574319480e-01
5.571973774341910657e-01
5.588609452979741432e-01
5.743223407378412748e-01
5.932087288384378931e-01
5.966337214991680460e-01
5.906644485761815000e-01
5.893923084450531924e-01
5.917898033075642550e-01
5.967805068989134876e-01
6.064194148155394037e-01
6.164986789314021998e-01
6.309815050396319069e-01
6.409629122223310382e-01
6.575496623935802587e-01
6.695371367061355716e-01
6.650846462471866616e-01
6.652314316469319921e-01
6.829435365495645227e-01
6.887170956062237392e-01
6.865153146100401171e-01
6.797142577551616993e-01
6.866131715432037819e-01
6.922888736666993337e-01
7.463059007730697969e-01
7.844701047069182476e-01
7.993932870143848346e-01
7.974361483511106519e-01
7.935707994911439522e-01
7.829533222428809447e-01
7.822683237107346255e-01
8.038457774733338557e-01
8.079557686662099947e-01
7.869165280360114201e-01
7.669047852040314917e-01
7.434191212447401886e-01
7.564340933555142588e-01
7.697915647323610999e-01
7.658283589392307356e-01
7.567765926215870298e-01
7.694001369997063300e-01
7.799197573148055618e-01
7.971915060182012125e-01
8.140228985223603164e-01
8.270867990997160524e-01
8.254232312359329748e-01
8.171053919170173652e-01
8.090811233975924166e-01
8.110382620608670434e-01
8.086407671983559808e-01
8.150014678539974078e-01
8.038947059399158546e-01
7.938154418240530585e-01
7.840786769742633666e-01
7.911243761620508907e-01
7.946961542225264852e-01
7.961640082199820112e-01
7.825129660436440648e-01
7.564830218220959246e-01
7.273705842058907356e-01
7.187591740874839097e-01
7.283002250709461611e-01
7.390155592523728334e-01
7.493883941677268457e-01
7.433701927781580787e-01
7.123984734318424827e-01
6.941481553968097407e-01
6.822096095508365377e-01
6.837753204814558394e-01
6.903317350034247069e-01
6.925824444661904389e-01
6.898913788041882711e-01
7.031509932478714475e-01
7.124474018984244816e-01
7.207652412173402023e-01
7.040806341129268731e-01
6.946374400626282863e-01
6.972306487914667894e-01
7.033956355807808869e-01
6.962031509932476991e-01
6.839710343477832799e-01
6.726685585673742862e-01
6.767785497602504252e-01
6.781974752911243964e-01
6.751639103630490135e-01
6.675799980428610558e-01
6.558371660632155153e-01
6.593600156571091109e-01
6.663078579117328593e-01
6.793228300225069294e-01
6.953713670613563824e-01
7.049124180448181898e-01
7.185145317545744703e-01
7.356884235248067894e-01
7.404834132498284704e-01
7.467462569723063437e-01
7.607397984147175052e-01
7.643115764751929886e-01
7.442509051766315054e-01
7.111263333007142862e-01
6.846071044133476002e-01
6.812310402191994463e-01
6.877385262745862038e-01
6.809863978862898959e-01
6.699285644387904526e-01
6.779039044916329582e-01
6.878853116743319784e-01
6.861728153439669020e-01
7.015363538506700358e-01
7.354437811918973500e-01
7.654369312065758546e-01
7.712104902632350711e-01
7.701340639984343150e-01
7.764947646540757420e-01
7.853018886388100084e-01
7.864272433701928744e-01
7.945004403561990447e-01
8.173500342499264715e-01
8.493492513944612687e-01
8.677952832958213403e-01
8.637342205695272002e-01
8.639788629024366395e-01
8.855073881984538708e-01
9.069869850278889922e-01
9.163812506116058021e-01
9.155983951462961512e-01
9.190723162736079699e-01
9.227419512672472290e-01
9.159408944123689222e-01
9.081123397592717472e-01
8.965162931793716483e-01
8.811527546726686255e-01
8.817398962716508359e-01
8.880516684607102640e-01
8.996477150406103629e-01
8.971034347783539697e-01
8.893238085918384606e-01
8.904980917898029924e-01
9.092866229572362791e-01
8.923573735199138435e-01
8.817888247382325018e-01
9.148644681475680551e-01
9.441726196301006846e-01
9.718661317154319024e-01
1.000000000000000000e+00
9.934435854780311326e-01
9.649672179273898198e-01
9.383990605734414681e-01
9.230355220667383342e-01
9.302280066542711889e-01
9.440258342303549099e-01
9.194148155396807409e-01
9.024366376357763064e-01
9.176044622761519998e-01
9.387904883060963490e-01
9.228398082004110048e-01
9.165280360113511327e-01
9.237205205988843204e-01
9.210783834034638184e-01
9.061062726294155656e-01
9.006262843722474543e-01
9.007730697719932289e-01
9.036109208337408383e-01
8.942166552500243615e-01
8.984245033760641652e-01
8.989627165084643767e-01
8.878559545943828235e-01
8.819356101379782764e-01
8.911830903219493116e-01
8.821802524708873827e-01
8.587924454447597444e-01
8.437714062041293817e-01
8.576181622467952126e-01
8.617281534396710185e-01
8.410314120755455480e-01
8.127507583912316758e-01
8.036500636070064152e-01
7.938643702906350574e-01
7.799686857813876717e-01
7.560915940894410436e-01
7.409237694490654613e-01
7.441530482434678406e-01
7.501223211664544976e-01
7.497798219003816156e-01
7.552598101575493938e-01
7.260005871415987633e-01
6.969370779919756842e-01
6.777571190918875166e-01
6.672864272433699506e-01
6.537332420001956690e-01
6.550053821313238656e-01
6.530482434680496828e-01
6.533418142675407880e-01
6.463450435463350408e-01
6.448282610822977379e-01
6.341618553674526204e-01
6.152265388002740032e-01
5.963890791662586066e-01
5.951658675017124089e-01
5.911537332420000457e-01
5.852823172521770534e-01
5.818083961248652347e-01
5.779919757314805340e-01
5.700166356786376953e-01
5.794109012623541721e-01
5.974655054310598068e-01
6.054897739504843113e-01
6.101379782757607728e-01
6.160093942655836541e-01
6.121440454056169544e-01
6.130247578040903811e-01
6.124865446716897255e-01
6.097465505431058919e-01
5.974655054310598068e-01
5.999608572267342010e-01
6.088658381446324652e-01
6.019669243565903827e-01
5.908601624425088295e-01
5.908112339759271636e-01
5.908601624425088295e-01
5.839612486544671910e-01
5.744691261375866054e-01
5.772580487327525489e-01
5.903219493101086179e-01
6.163518935316564251e-01
6.293179371758488294e-01
6.294647225755942710e-01
6.384186319600742010e-01
6.547607397984147592e-01
6.579410901262354727e-01
6.506507486055386202e-01
6.409629122223310382e-01
6.428711224190231110e-01
6.283882963107934039e-01
6.198747431255503537e-01
5.994715725609156554e-01
5.751541246697325915e-01
5.717291320090027718e-01
5.979058616302963536e-01
5.989333594285154438e-01
5.836676778549760858e-01
5.671787846168900860e-01
5.585184460319012612e-01
5.522066738428415000e-01
5.438399060573441135e-01
5.250024464233288279e-01
5.211860260299441272e-01
5.198160289656522659e-01
5.074371269204420720e-01
4.842450337606418742e-01
4.628143653977884187e-01
4.432429787650454811e-01
4.450044035619922234e-01
4.519522458166159717e-01
4.703004207848123785e-01
4.957921518739603073e-01
5.003914277326546589e-01
4.947157256091591071e-01
4.916821606810841683e-01
4.859575300910069506e-01
4.744104119776885176e-01
4.547411684117818598e-01
4.381544182405321952e-01
4.222037381348468510e-01
4.148155396809862228e-01
4.096291222233092721e-01
4.181916038751343767e-01
4.198551717389174542e-01
4.157451805460416483e-01
4.049319894314512558e-01
3.959780800469712703e-01
3.937762990507876482e-01
3.886877385262743623e-01
3.813484685389958440e-01
3.836481064683431863e-01
3.688717095606223184e-01
3.633427928368722082e-01
3.644681475682550187e-01
3.651042176338193390e-01
3.551228104511202632e-01
3.461689010666402777e-01
3.333985712887757025e-01
3.266464429004793946e-01
3.204814561111652971e-01
3.181328897152362889e-01
3.203346707114199665e-01
3.376064194148155617e-01
3.521871024562089891e-01
3.526274586554454804e-01
3.453860456013306268e-01
3.397592719444171294e-01
3.453860456013306268e-01
3.536549564536646262e-01
3.483217535962422895e-01
3.327135727566297163e-01
3.029650650748602070e-01
2.938154418240532251e-01
2.978275760837653108e-01
2.911243761620510573e-01
2.753204814561110436e-01
2.614737254134452682e-01
2.571190918876600229e-01
2.573148057539874634e-01
2.502201780996183289e-01
2.500244642332909439e-01
2.496819649672177566e-01
2.542323123593304146e-01
2.462080438399058824e-01
2.264409433408355043e-01
2.093649085037672941e-01
2.113220471670414768e-01
2.122516880320969024e-01
2.015852823172518682e-01
2.032977786476169446e-01
2.128388296310791683e-01
2.218905959487228463e-01
2.212545258831585260e-01
2.128388296310791683e-01
2.035424209805264117e-01
1.899892357373517415e-01
1.798121146883256138e-01
1.748214110969760759e-01
1.694882082395537393e-01
1.614639397201288185e-01
1.477639690772087899e-01
1.315197181720323127e-01
1.330365006360700042e-01
1.417946961542225215e-01
1.507975340052841451e-01
1.511889617379389983e-01
1.487425384088462699e-01
1.451218318817886488e-01
1.498678931402287196e-01
1.663567863783146639e-01
1.792249730893433757e-01
1.683139250415892352e-01
1.580878755259806645e-01
1.527546726685583278e-01
1.552010959976514448e-01
1.493786084744101739e-01
1.463939720129168731e-01
1.422839808200410672e-01
1.366572071631272367e-01
1.400821998238574451e-01
1.525100303356492493e-01
1.600450141892552358e-01
1.649378608474410812e-01
1.721303454349738804e-01
1.788335453566885225e-01
1.694882082395537393e-01
1.579410901262353062e-01
1.464429004794988998e-01
1.510421763381932236e-01
1.575496623935804530e-01
1.598982287895094889e-01
1.602896565221643144e-01
1.682160681084251264e-01
1.575496623935804530e-01
1.330365006360700042e-01
1.164497504648203396e-01
1.057833447499752777e-01
1.002544280262255283e-01
9.115373324200019833e-02
6.326450729034119314e-02
4.149133966141495961e-02
3.155886094529791047e-02
2.607887268812981649e-02
1.580389470593959386e-02
8.415696252079366349e-03
7.681769253351355270e-03
1.272140131128256593e-02
8.562481651824736806e-03
7.583912320187646307e-03
9.687836383207583738e-03
5.382131324003999913e-03
4.794989725021745267e-03
1.629317937175813955e-02
2.006067129856151446e-02
1.619532243859442971e-02
1.066640571484467510e-02
1.678246403757706687e-02
2.969957921518705246e-02
4.516097465505423958e-02
6.566200215285225572e-02
8.058518446031885663e-02
8.484196105294038170e-02
8.591838731774119331e-02
8.376553478813958398e-02
8.073196986006460352e-02
7.941090126235433866e-02
8.616302965065064656e-02
8.484196105294038170e-02
8.763088364810628361e-02
8.880516684607080158e-02
7.980232899500917798e-02
7.652412173402473039e-02
8.440160485370389043e-02
7.598590860162414418e-02
6.106272629415792491e-02
4.574811625403649162e-02
2.774244055191286973e-02
2.250709462765424287e-02
1.247675897837348391e-02
3.033564928074981761e-03
1.663567863783054542e-03
1.516782464037298977e-03
7.192484587532810454e-03
1.962031509932463114e-02
3.170564634504328266e-02
3.239064487718924107e-02
3.561992367159202977e-02
3.747920540170249920e-02
4.202955279381516418e-02
4.344847832468914234e-02
3.870241706624905770e-02
4.291026519228854919e-02
4.560133085429073779e-02
3.469028280653659729e-02
3.371171347489950593e-02
3.791956160093938599e-02
4.848811038262034606e-02
6.409629122223291231e-02
8.038947059399143003e-02
9.384479890400200530e-02
1.049515608180839471e-01
1.169879635972205512e-01
1.336236422350522424e-01
1.435561209511692915e-01
1.362168509638907177e-01
1.280947255113024930e-01
1.204129562579507456e-01
1.334768568353064955e-01
1.533907427341226481e-01
1.637146491828945227e-01
1.703199921714450837e-01
1.762892650944317130e-01
1.796164008219982011e-01
1.740874840982480631e-01
1.697817790390448722e-01
1.664057148448967183e-01
1.710049907035910421e-01
1.648400039142769724e-01
1.587239455915449848e-01
1.430668362853507458e-01
1.323025736373419914e-01
1.311282904393774873e-01
1.270182992465013205e-01
1.217829533222426763e-01
1.207065270574418786e-01
1.266268715138464673e-01
1.401800567570211375e-01
1.383207750269106751e-01
1.290243663763575299e-01
1.251100890498091645e-01
1.281925824444662132e-01
1.145904687347098633e-01
1.020158528231722983e-01
9.908014482826102420e-02
9.325765730501975326e-02
9.663372149916790721e-02
1.032879929543005088e-01
1.024562090224091782e-01
9.859086016244247852e-02
9.472551130247577889e-02
9.599765143360398933e-02
8.626088658381436680e-02
7.941090126235433866e-02
8.122125452588314920e-02
7.911733046286321958e-02
7.334377140620398916e-02
6.683628535081675981e-02
5.886094529797428199e-02
5.846951756531944266e-02
7.280555827380340295e-02
9.594872296702194880e-02
1.092572658772871519e-01
1.088169096780506467e-01
9.839514629611505192e-02
9.345337117134716598e-02
9.702514923182274653e-02
9.736764849789592002e-02
8.792445444759741657e-02
8.014482826108196289e-02
7.476269693707796038e-02
7.720912026617068880e-02
7.740483413249811540e-02
7.716019179958903684e-02
7.750269106566182176e-02
7.853018886388095365e-02
8.459731872003130315e-02
8.880516684607080158e-02
9.291515803894696834e-02
9.404051277032980660e-02
9.736764849789592002e-02
1.123397592719441729e-01
1.283393678442115715e-01
1.310304335062137671e-01
1.299540072414129555e-01
1.285840101771210386e-01
1.274586554457382004e-01
1.293668656424307173e-01
1.318622174381054724e-01
1.384186319600743675e-01
1.487425384088462699e-01
1.522164595361581163e-01
1.423818377532047874e-01
1.305411488403952214e-01
1.148351110676189557e-01
1.021137097563360047e-01
1.030433506213914302e-01
9.966728642724327625e-02
8.498874645268614247e-02
7.671983560035214311e-02
7.070163421078384802e-02
6.664057148448934709e-02
6.654271455132564073e-02
6.478128975437887072e-02
6.483021822096092512e-02
7.060377727762014166e-02
7.471376847049591985e-02
7.300127214013081567e-02
7.011449261180120740e-02
7.598590860162414418e-02
7.916625892944487153e-02
8.474410411977667534e-02
8.660338584988715172e-02
8.909873764556192066e-02
9.144730404149133129e-02
9.771014776396909352e-02
1.041687053527742823e-01
1.062726294157938234e-01
1.102358352089242433e-01
1.171836774635479639e-01
1.233486642528620197e-01
1.326450729034151510e-01
1.383207750269106751e-01
1.408650552891670960e-01
1.366572071631272367e-01
1.287307955768663970e-01
1.264800861141011090e-01
1.254036598493002974e-01
1.196301007926410809e-01
1.082297680790683947e-01
8.909873764556192066e-02
8.836481064683429643e-02
7.808983266464407380e-02
6.306879342401376654e-02
5.387024170662473022e-02
4.863489578236610683e-02
3.596242293766481468e-02
2.172423916234457117e-02
5.822487523240882368e-03
3.767491926802991973e-03
4.403561992366909414e-03
0.000000000000000000e+00
4.256776592621537222e-03
8.317839318915656519e-03
1.678246403757706687e-02
3.248850181035295437e-02
4.369312065759860253e-02
5.186417457676850695e-02
6.977199334572842249e-02
8.078089832664626935e-02
8.763088364810628361e-02
7.901947352969949934e-02
7.397984147176829561e-02
8.058518446031885663e-02
9.472551130247577889e-02
1.108229768079064953e-01
1.211958117232604243e-01
1.303943634406494745e-01
1.318132889715234457e-01
1.276054408454835587e-01
1.297093649085034883e-01
1.392504158919657120e-01
1.489382522751736826e-01
1.535864566004500609e-01
1.616596535864566198e-01
1.715921323025732803e-01
1.874449554750953206e-01
2.021724239162344949e-01
2.035424209805264117e-01
2.090713377042761889e-01
2.217438105489770717e-01
2.266855856737449715e-01
2.240434484783244418e-01
2.164106076915547350e-01
2.181720324885015050e-01
2.182698894216652252e-01
2.141598982287894470e-01
2.122027595655152643e-01
1.943927977297190413e-01
1.810353263528717838e-01
1.641060769155493482e-01
1.443879048830606360e-01
1.339661415011250412e-01
1.284861532439573184e-01
1.255993737156277101e-01
1.281925824444662132e-01
1.289754379097758641e-01
1.363147078970544379e-01
1.435561209511692915e-01
1.498678931402287196e-01
1.579410901262353062e-01
1.738428417653389846e-01
1.872003131421858535e-01
2.068695567080925390e-01
2.190527448869752647e-01
2.293277228691651126e-01
2.364712789901162460e-01
2.460612584401605241e-01
2.561894510226049859e-01
2.644094334083569309e-01
2.710147763969074641e-01
2.741461982581465673e-01
2.717487033956355047e-01
2.681279968685778559e-01
2.592719444172616461e-01
2.472844701047066940e-01
2.450337606419413783e-01
2.500733926998726098e-01
2.491926803013992109e-01
2.389177023192089744e-01
2.273705842058909299e-01
2.196888149525391964e-01
2.158234660925724968e-01
2.167531069576279223e-01
2.202270280849397688e-01
2.238966630785790557e-01
2.367648497896073789e-01
2.483119679029258398e-01
2.580976612192971142e-01
2.666601428711222188e-01
2.730697719933457557e-01
2.798708288482237294e-01
2.892650944319402062e-01
2.986104315490749617e-01
3.051668460710438846e-01
3.094725511302474641e-01
3.342303552206674078e-01
3.625110089049808360e-01
3.831098933359425862e-01
3.881984538604558166e-01
3.793424014091396068e-01
3.667188570310203621e-01
3.603092279087972138e-01
3.517467462569721093e-01
3.499363929934432571e-01
3.535570995205009059e-01
3.559545943830119685e-01
3.639788629024364730e-01
3.679909971621489473e-01
3.604560133085425999e-01
3.585967315784321374e-01
3.670124278305114673e-01
3.785595459438299004e-01
3.775809766121928090e-01
3.728349153537527383e-01
3.789020452099031155e-01
3.860456013308542489e-01
4.069380565613071044e-01
4.249926607300127390e-01
4.293472942557979843e-01
4.455426166943928235e-01
4.685879244544472466e-01
4.809668264996574405e-01
4.921714453469027140e-01
4.968196496721790645e-01
4.996085722673449525e-01
5.055778451903316650e-01
5.120364027791367567e-01
5.090028378510613738e-01
5.049417751247673447e-01
5.019571386632739607e-01
4.976025051374887709e-01
4.929543008122123648e-01
4.966239358058516795e-01
5.109110480477540017e-01
5.210881690967804625e-01
5.138467560426656089e-01
4.894803796849004907e-01
4.820432527644582521e-01
4.983853606027984218e-01
5.096878363832078040e-01
5.087581955181523785e-01
5.100792641158625740e-01
5.153635385067029118e-01
5.126724728447010770e-01
5.155592523730303522e-01
5.338095704080634274e-01
5.475584695175651495e-01
5.475584695175651495e-01
5.490752519816027855e-01
5.567570212349545189e-01
5.628730795576865065e-01
5.732948429396221846e-01
5.922790879733828007e-01
6.072022702808494987e-01
6.088658381446324652e-01
5.929640865055287868e-01
5.893433799784711935e-01
5.999119287601525352e-01
6.041197768861924500e-01
6.162051081319110946e-01
6.256972306487912361e-01
6.290243663763577242e-01
6.255504452490459055e-01
6.297582933750853762e-01
6.380272042274193200e-01
6.433604070848416567e-01
6.442900479498970823e-01
6.449750464820430684e-01
6.463450435463350408e-01
6.453175457481162836e-01
6.479107544769547866e-01
6.557393091300518506e-01
6.678246403757704952e-01
6.803992562873076855e-01
6.818181818181816567e-01
6.749681964967216841e-01
6.635189353165669157e-01
6.608278696545647479e-01
6.621489382522749434e-01
6.604853703884919769e-01
6.666503571778059634e-01
6.751639103630490135e-01
6.799099716214891398e-01
6.814756825521088857e-01
6.805949701536351260e-01
6.715921323025735301e-01
6.723749877678831810e-01
6.721303454349740747e-01
6.570603777277617130e-01
6.316665035717778931e-01
6.214893825227517654e-01
6.216850963890792059e-01
6.106272629415793185e-01
6.023094236226635978e-01
6.003522849593890820e-01
6.026519228887363688e-01
6.108229768079066480e-01
6.125844016048535012e-01
6.002544280262253062e-01
5.912026617085820446e-01
5.848419610529406176e-01
5.697230648791465901e-01
5.591055876308835826e-01
5.548488110382620020e-01
5.507877483119678619e-01
5.532341716410605903e-01
5.546041687053525626e-01
5.517663176436049532e-01
5.450631177218903112e-01
5.358156375379192760e-01
5.306292200802427139e-01
5.276445836187493299e-01
5.266660142871122385e-01
5.249535179567471621e-01
5.206967413641255815e-01
5.153146100401212459e-01
5.182992465016145189e-01
5.235345924258731909e-01
5.226538800273997643e-01
5.150210392406301407e-01
5.187885311674330646e-01
5.286720814169680871e-01
5.247088756238377227e-01
5.105196203150991208e-01
5.219199530286717792e-01
5.376259908014480171e-01
5.437420491241804488e-01
5.416870535277421572e-01
5.510813191114590781e-01
5.589588022311378079e-01
5.599373715627752324e-01
5.628241510911045076e-01
5.695273510128191496e-01
5.710441334768567856e-01
5.694294940796554849e-01
5.689891378804186051e-01
5.639984342890693725e-01
5.616009394265583099e-01
5.604266562285937781e-01
5.568548781681182946e-01
5.569527351012819594e-01
5.533809570408063649e-01
5.481945395831293588e-01
5.379195616009392333e-01
5.343477835404636389e-01
5.337606419414813175e-01
5.314610040121340306e-01
5.273999412858398905e-01
5.311674332126429254e-01
5.307760054799880445e-01
5.262256580878753587e-01
5.228006654271455389e-01
5.174185341031412033e-01
5.128192582444465186e-01
5.104706918485174549e-01
5.093942655837166988e-01
5.108621195811723359e-01
5.154124669732849107e-01
5.171249633036500981e-01
5.067521283882960859e-01
4.926118015461395938e-01
4.846853899598783655e-01
4.817986104315487572e-01
4.744104119776885176e-01
4.659457872590271332e-01
4.563068793424012171e-01
4.530776005479987822e-01
4.514629611507974261e-01
4.512672472844699856e-01
4.455426166943928235e-01
4.399647715040609919e-01
4.391329875721692866e-01
4.394754868382424462e-01
4.338487131813286157e-01
4.331147861826010192e-01
4.429494079655543204e-01
4.551815246110183510e-01
4.560622370094921108e-01
4.519522458166159717e-01
4.481358254232309379e-01
4.430472648987180406e-01
4.341912124474017753e-01
4.292983657892159854e-01
4.253840884626676200e-01
4.225462374009196220e-01
4.137880418827671325e-01
4.086016244250905149e-01
4.076719835600350894e-01
4.081123397592719693e-01
4.081123397592719693e-01
4.101673353557098722e-01
4.105587630883646977e-01
4.134944710832759718e-01
4.151091104804773835e-01
4.099226930228004329e-01
4.038555631666500556e-01
4.005773559056656219e-01
4.003327135727565156e-01
4.001369997064291306e-01
3.992073588413737051e-01
3.934827282512964874e-01
3.879048830609647114e-01
3.890302377923475774e-01
3.860456013308542489e-01
3.835013210685974117e-01
3.834034641354336914e-01
3.860456013308542489e-01
3.900577355905663346e-01
3.927977297191505568e-01
3.915255895880223047e-01
3.900088071239846688e-01
3.912809472551128653e-01
3.919170173206771857e-01
3.924063019864957313e-01
3.931402289852233278e-01
3.940698698502787534e-01
3.956845092474801651e-01
3.970055778451900275e-01
3.983266464429002784e-01
4.004305705059202358e-01
4.021919953028670336e-01
4.033173500342498441e-01
4.057637733633425725e-01
4.071826988942165437e-01
4.066444857618159436e-01
4.070359134944708246e-01
4.084059105587631300e-01
4.086505528916721808e-01
4.080634112926899149e-01
4.087484098248359010e-01
4.064977003620706131e-01
4.041002054995595505e-01
4.031705646345041250e-01
4.041002054995595505e-01
4.047362755651238153e-01
4.032194931010861239e-01
4.058127018299246269e-01
4.058616302965062927e-01
4.026323515021039134e-01
3.994030727077010900e-01
3.978862902436637872e-01
3.973480771112632426e-01
3.962716508464624310e-01
3.929445151188959429e-01
3.902534494568937196e-01
3.873666699285641113e-01
3.833056072022700267e-01
3.824248948037966001e-01
3.806634700068498578e-01
3.788041882767393953e-01
3.761620510813188378e-01
3.718074175555335925e-01
3.724434876210979128e-01
3.736666992856440550e-01
3.781191897445934091e-01
3.800273999412855375e-01
3.773852627458654241e-01
3.708288482238965011e-01
3.664742146981112558e-01
3.661317154320380962e-01
3.653488599667284453e-01
3.626088658381445562e-01
3.616792249730891307e-01
3.577649476465407652e-01
3.545845973187200517e-01
3.525785301888638146e-01
3.528721009883549198e-01
3.520892455230452689e-01
3.516488893238083890e-01
3.518935316567178284e-01
3.541931695860652263e-01
3.595263724434875630e-01
3.569331637146490599e-01
3.534592425873371857e-01
3.531656717878460805e-01
3.531167433212640261e-01
3.514042469908992827e-01
3.478324689304237438e-01
3.483217535962422895e-01
3.480281827967511288e-01
3.501321068597706976e-01
3.486642528623150605e-01
3.496428221939521519e-01
3.547313827184654378e-01
3.562481651825030737e-01
3.524806732557000943e-01
3.512574615911535636e-01
3.517956747235541637e-01
3.525785301888638146e-01
3.512574615911535636e-01
3.521381739896269347e-01
3.505724630590075774e-01
3.506213915255896318e-01
3.509149623250807370e-01
3.495449652607884317e-01
3.451414032684215205e-01
3.450924748018394661e-01
