1.671130155329407854e-02
1.604713444027854041e-02
1.540439207284412769e-02
1.641135511515799672e-02
1.407605784681305316e-02
1.019817889662564224e-02
4.434922335297253500e-03
2.292447777182631159e-03
4.092126405998920864e-03
2.570969469737583238e-03
6.427423674344109612e-05
0.000000000000000000e+00
2.249598286020377744e-03
3.577932512051453136e-03
2.013926084627739796e-03
1.735404392072848866e-03
6.427423674344109883e-04
2.785216925548911465e-04
5.334761649705428710e-03
9.534011783610105845e-03
1.298339582217461485e-02
1.467595072308514915e-02
1.476164970540977742e-02
1.928227102303159760e-02
2.551687198714514340e-02
2.564542046063202421e-02
2.890198178896627099e-02
3.987145152651314778e-02
5.405463310123195808e-02
6.391001606855920003e-02
6.635243706480983827e-02
7.145152651312269843e-02
8.216389930369580319e-02
8.739153722549547476e-02
8.634172469201929767e-02
8.449919657204069123e-02
8.400642742367428473e-02
8.357793251205139495e-02
8.430637386181043247e-02
8.805570433851102330e-02
9.534011783610069068e-02
9.641135511515799839e-02
9.782538832351370117e-02
1.044670594536689506e-01
1.070166041778253530e-01
1.071023031601499864e-01
1.103374397429030401e-01
1.133583288698447045e-01
1.125227637921799168e-01
1.107016604177825658e-01
1.122228173540438939e-01
1.214568826995179179e-01
1.267702196036422368e-01
1.295125870380288702e-01
1.332190680235672275e-01
1.399678628816282411e-01
1.450455275843599012e-01
1.457096946973754359e-01
1.464809855382967207e-01
1.529298339582217114e-01
1.583717193358329112e-01
1.622495982860203689e-01
1.641992501339046007e-01
1.710551687198715032e-01
1.783181574718800400e-01
1.778896625602571502e-01
1.782110337439742898e-01
1.808462774504553117e-01
1.806320299946437835e-01
1.813176218532404627e-01
1.832244242099624332e-01
1.816389930369577410e-01
1.807820032137117949e-01
1.822388859132297589e-01
1.796893411890733705e-01
1.743760042849490655e-01
1.712051419389395146e-01
1.662988752008569826e-01
1.597857525441884752e-01
1.566577396893411855e-01
1.528227102303159612e-01
1.471880021424745166e-01
1.398178896625602297e-01
1.369255490091055572e-01
1.321906802356721533e-01
1.244134975897160933e-01
1.201071237279057180e-01
1.190358864488484103e-01
1.156079271558649729e-01
1.143652919121585232e-01
1.158221746116764733e-01
1.170648098553829231e-01
1.208784145688270167e-01
1.249705409748258778e-01
1.325977504017139263e-01
1.426673808248527520e-01
1.521371183717193099e-01
1.588002142474558009e-01
1.650990894483127802e-01
1.750401713979646001e-01
1.854740224959828265e-01
1.934226031065881535e-01
2.043063738618103864e-01
2.100267809319764645e-01
2.186823781467594763e-01
2.264809855382966530e-01
2.353936797000535375e-01
2.501767541510444004e-01
2.596250669523298971e-01
2.636529191215853940e-01
2.694161756829137055e-01
2.737439742903052253e-01
2.809426888055703841e-01
2.838778789501874567e-01
2.817568291376539302e-01
2.844991965720407023e-01
2.882056775575789209e-01
2.913979646491697273e-01
2.930690948044992195e-01
2.893840385645419788e-01
2.883342260310657879e-01
2.873058382431708524e-01
2.854418853776111709e-01
2.853561863952865374e-01
2.830637386181039106e-01
2.822495982860203645e-01
2.810926620246383956e-01
2.796357793251204593e-01
2.794858061060524479e-01
2.803213711837172495e-01
2.804499196572041164e-01
2.826566684520621098e-01
2.862346009641135725e-01
2.871987145152651300e-01
2.864488484199249618e-01
2.856347080878414157e-01
2.874772362078200083e-01
2.905838243170861812e-01
2.934333154793786202e-01
2.972040707016604388e-01
2.977182645956078511e-01
2.979539367970004959e-01
2.991108730583824094e-01
3.013604713444028027e-01
3.043813604713443421e-01
3.039528655597214524e-01
3.067595072308516024e-01
3.079807177289769493e-01
3.097589716122120529e-01
3.101446170326726537e-01
3.060096411355114343e-01
3.012747723620781692e-01
2.987680771290840420e-01
2.975254418853776062e-01
2.950830208891269679e-01
2.909480449919656930e-01
2.895768612747723902e-01
2.880342795929298205e-01
2.872415640064273634e-01
2.906480985538296702e-01
2.974397429030529727e-01
3.015747188002141921e-01
3.058596679164434229e-01
3.089234065345473623e-01
3.158221746116764983e-01
3.270915907873593875e-01
3.382110337439742653e-01
3.444456347080877556e-01
3.499089448312800443e-01
3.552865559721477551e-01
3.621853240492768911e-01
3.676057846813068353e-01
3.719121585431173216e-01
3.761542581681842079e-01
3.796250669523298926e-01
3.797536154258167596e-01
3.794536689876807367e-01
3.808462774504551840e-01
3.812104981253347513e-01
3.790037493304767025e-01
3.796679164434921261e-01
3.796464916979110371e-01
3.773111944295661213e-01
3.756400642742366847e-01
3.783824317086234568e-01
3.829887520085698549e-01
3.874022495982859526e-01
3.908516336368505484e-01
3.940010712372790658e-01
3.967005891805034934e-01
3.999999999999999112e-01
4.057632565613282782e-01
4.117407605784680902e-01
4.101553294054632315e-01
4.083342260310658944e-01
4.064059989287626684e-01
4.057418318157471337e-01
4.020782003213711486e-01
3.972576325656132501e-01
3.935725763256560650e-01
3.916229244777718055e-01
3.904659882163898921e-01
3.888591322978038889e-01
3.853883235136582042e-01
3.831815747188002108e-01
3.810605249062667399e-01
3.787466523835029686e-01
3.765613283342259532e-01
3.754043920728441508e-01
3.734547402249597803e-01
3.708623460096411306e-01
3.710337439742902865e-01
3.749330476700588610e-01
3.770755222281734764e-01
3.783610069630423123e-01
3.820674879485805309e-01
3.905088377075521255e-01
3.987573647562934753e-01
4.074986609534010928e-01
4.153401178361006973e-01
4.295018746652383701e-01
4.434922335297267759e-01
4.510980182110337355e-01
4.575897161221209597e-01
4.678307445099089135e-01
4.783717193358328901e-01
4.874558114622387639e-01
4.915693626138188943e-01
4.979967862881627405e-01
5.044456347080877867e-01
5.076164970540973931e-01
5.141510444563470728e-01
5.222281735404391556e-01
5.316550615961435078e-01
5.415532940546330387e-01
5.454740224959828687e-01
5.480664167113015184e-01
5.486877343331547641e-01
5.449598286020352900e-01
5.425816818425280852e-01
5.397107659346545017e-01
5.376111408677021197e-01
5.328119978575254212e-01
5.295340117836100369e-01
5.328334226031065102e-01
5.370755222281734520e-01
5.385109801821102993e-01
5.428816282806641080e-01
5.489662560257096979e-01
5.527584359935725500e-01
5.589287627209426068e-01
5.700267809319763401e-01
5.778682378146758891e-01
5.815104445634707853e-01
5.890305302624531114e-01
6.067273701124797913e-01
6.242742367434387374e-01
6.363149437600429392e-01
6.360149973219065833e-01
6.382860203535082322e-01
6.510337439742903687e-01
6.712158543117300313e-01
6.841135511515800127e-01
6.946116764863415893e-01
7.021960364220675155e-01
7.031387252276378730e-01
7.072737011247991479e-01
7.099089448312799755e-01
7.144724156400641402e-01
7.228280664167113789e-01
7.278628816282805003e-01
7.353186930905194485e-01
7.450883770755222235e-01
7.513444027852168583e-01
7.584574183181574947e-01
7.628709159078734814e-01
7.604284949116228987e-01
7.601071237279056758e-01
7.650348152115692413e-01
7.770540974825922431e-01
7.917728976968397836e-01
8.048848419925012099e-01
8.187038028923406818e-01
8.286663095875735907e-01
8.344938403856454467e-01
8.338939475093731790e-01
8.338725227637920900e-01
8.478628816282804959e-01
8.650455275843599301e-01
8.751151580074985059e-01
8.785859667916442461e-01
8.793786823781466477e-01
8.872201392608460857e-01
9.012961971076592915e-01
9.098446705945366642e-01
9.170862346009640564e-01
9.248634172469201165e-01
9.241992501339046928e-01
9.212426352437063093e-01
9.192929833958219943e-01
9.192501339046598163e-01
9.225066952329940007e-01
9.253133369041242062e-01
9.242420996250669818e-01
9.214354579539366652e-01
9.143438671665773398e-01
9.037600428494909632e-01
8.967541510444562158e-01
8.931547937868238307e-01
8.895982860203532905e-01
8.849919657204069479e-01
8.734654525977503248e-01
8.591751472951258961e-01
8.555757900374931779e-01
8.560471344402784677e-01
8.621960364220674355e-01
8.647455811462239073e-01
8.630530262453132151e-01
8.618746652383502127e-01
8.610819496518478111e-01
8.581467595072307386e-01
8.518693090519547928e-01
8.480128548473485628e-01
8.458275307980717139e-01
8.458061060524906249e-01
8.451205141938937793e-01
8.459775040171395588e-01
8.536904124263522409e-01
8.656239957150508868e-01
8.723942153186929893e-01
8.774504552758435327e-01
8.849276914836635699e-01
8.994322442420995545e-01
9.069309051955006806e-01
9.090091055168719736e-01
9.128441349758970036e-01
9.132083556507764044e-01
9.162506695232993659e-01
9.185645420460629706e-01
9.205784681306908857e-01
9.214783074450989542e-01
9.201071237279055959e-01
9.196572040707016171e-01
9.190144617032671714e-01
9.253776111408675842e-01
9.282699517943223677e-01
9.274558114622388771e-01
9.232994108194964022e-01
9.190144617032671714e-01
9.153079807177287863e-01
9.194858061060524612e-01
9.262560257096945637e-01
9.330690948044991773e-01
9.333047670058918222e-01
9.218211033743973770e-01
9.130583824317085595e-01
9.143652919121585398e-01
9.192501339046598163e-01
9.104874129619708878e-01
8.952329941081947906e-01
8.896197107659344905e-01
8.879914301017673983e-01
8.820353508302087864e-01
8.774718800214246217e-01
8.728227102303159901e-01
8.671880021424746010e-01
8.595607927155863859e-01
8.540546331012319747e-01
8.560257096946972677e-01
8.651740760578466860e-01
8.720085698982324995e-01
8.754579539367970398e-01
8.781360471344402674e-01
8.849491162292446589e-01
8.892126405998928007e-01
8.953186930905194796e-01
9.053883235136581664e-01
9.179003749330475470e-01
9.288698446705944134e-01
9.334333154793785781e-01
9.447241564006425563e-01
9.556079271558649557e-01
9.601499732190680314e-01
9.676914836636314465e-01
9.796036422067485594e-01
9.931869309051953865e-01
1.000000000000000000e+00
9.994858061060524212e-01
9.920299946438135841e-01
9.841028387787893461e-01
9.775040171397965105e-01
9.775040171397965105e-01
9.846170326727369249e-01
9.851526513122654816e-01
9.731119442956613907e-01
9.652490626673807528e-01
9.617354043920728346e-01
9.540224959828601525e-01
9.481306909480449185e-01
9.526727370112478832e-01
9.582860203535082944e-01
9.553294054633101329e-01
9.501231922870914115e-01
9.465238350294589154e-01
9.446813069094803783e-01
9.522870915907871714e-01
9.598500267809320086e-01
9.671344402785215788e-01
9.710123192287090088e-01
9.707337975361540749e-01
9.655275843599356866e-01
9.631494376004283708e-01
9.638993036957685945e-01
9.674558114622388016e-01
9.648634172469200410e-01
9.579217996786285605e-01
9.523942153186930604e-01
9.519442956614888596e-01
9.530155329405461950e-01
9.504017139796463454e-01
9.459453668987680697e-01
9.414461703267272830e-01
9.359400107123726498e-01
9.300482056775574158e-01
9.230423138725226684e-01
9.173861810391000793e-01
9.133369041242633823e-01
9.112158543117299114e-01
9.043170862346008310e-01
9.063738618103909239e-01
9.004820567755756899e-01
8.952758435993573016e-01
8.912051419389392937e-01
8.932833422603105866e-01
9.003320835565076230e-01
9.040385645420458971e-01
9.007820032137117128e-01
8.935404392072843205e-01
8.853133369041240597e-01
8.798286020353507375e-01
8.711730048205678090e-01
8.706373861810391412e-01
8.724584895554363673e-01
8.662024638457417325e-01
8.566470273165505134e-01
8.499625066952328778e-01
8.471558650241027832e-01
8.433851098018210202e-01
8.402356722013925028e-01
8.401071237279057469e-01
8.390144617032671004e-01
8.360792715586500279e-01
8.294804499196571923e-01
8.264809855382967418e-01
8.234172469201926914e-01
8.186609534011781708e-01
8.153615425816816975e-01
8.098125334761647753e-01
8.061274772362078123e-01
8.130476700589178707e-01
8.178253883235134802e-01
8.192822710230315275e-01
8.157471880021425203e-01
8.116122121049811344e-01
8.102410283877877761e-01
8.127691483663629368e-01
8.153186930905195196e-01
8.194965184788430834e-01
8.194965184788430834e-01
8.131762185324048486e-01
8.049705409748257878e-01
8.049491162292445878e-01
8.048205677557578319e-01
8.023995715050883382e-01
7.985216925549007971e-01
7.929941081949651860e-01
7.892019282271021119e-01
7.899946438136045135e-01
7.907445099089447371e-01
7.916871987145152056e-01
7.900160685591857135e-01
7.869094804499195961e-01
7.869309051955006851e-01
7.857311194429563717e-01
7.797107659346544928e-01
7.744617032672734824e-01
7.743760042849490155e-01
7.795822174611677369e-01
7.836529191215854118e-01
7.874236743438671748e-01
7.873808248527048859e-01
7.878521692554899536e-01
7.912587038028922048e-01
7.971076593465451499e-01
8.055275843599355445e-01
8.153186930905195196e-01
8.186395286555970818e-01
8.220674879485805331e-01
8.263738618103908529e-01
8.341296197107658239e-01
8.328441349758969325e-01
8.382217461167646988e-01
8.434708087841455981e-01
8.452919121585430462e-01
8.414140332083555052e-01
8.346009641135511137e-01
8.308730583824316396e-01
8.310444563470809065e-01
8.296946973754686372e-01
8.252597750401713395e-01
8.209105516871986197e-01
8.167541510444561448e-01
8.112694161756828226e-01
8.067702196036421469e-01
8.048205677557578319e-01
8.033422603106586957e-01
8.023138725227636492e-01
7.945795393679699892e-01
7.875093733261916418e-01
7.825602570969469873e-01
7.813818960899837629e-01
7.748901981788965942e-01
7.591430101767540073e-01
7.471880021424746054e-01
7.453668987680771574e-01
7.507659346545259016e-01
7.513444027852168583e-01
7.474022495982858283e-01
7.400321371183716801e-01
7.338832351365827122e-01
7.313765399035886405e-01
7.314193893947509295e-01
7.270701660417780987e-01
7.194858061060523946e-01
7.219496518478841773e-01
7.261489019817889412e-01
7.299196572040705933e-01
7.273486877343329216e-01
7.200428494911621513e-01
7.204284949116229742e-01
7.219282271023029773e-01
7.182003213711836143e-01
7.100589180503481535e-01
7.078735940010711936e-01
7.077236207820031266e-01
7.087305838243169731e-01
7.105088377075522432e-01
7.058810926620244786e-01
7.031815747188000509e-01
7.042956614890196754e-01
7.017032672737011367e-01
6.999250133904658666e-01
6.974825923942152839e-01
6.905623995715050034e-01
6.845420460632030135e-01
6.777075522228173110e-01
6.687948580610605376e-01
6.604392072844135209e-01
6.534118907337973514e-01
6.495982860203534104e-01
6.435993572576325095e-01
6.391001606855918338e-01
6.344295661489020022e-01
6.223674343867164893e-01
6.094268880557042189e-01
6.031494376004283842e-01
5.974933047670057951e-01
5.909373326191750264e-01
5.837171933583287231e-01
5.729833958221745016e-01
5.587145152651312729e-01
5.493947509373325877e-01
5.433743974290304868e-01
5.415104445634707497e-01
5.392179967862881229e-01
5.369041242635244071e-01
5.321692554900909755e-01
5.231065881092662462e-01
5.118800214247455349e-01
5.025602570969468497e-01
4.886341724692018773e-01
4.769362613818960428e-01
4.643813604713443732e-01
4.597750401713979751e-01
4.581896089983931164e-01
4.578039635779324601e-01
4.532190680235672064e-01
4.501124799143010335e-01
4.499625066952329111e-01
4.493411890733797209e-01
4.459346545259774142e-01
4.373219068023566636e-01
4.316014997321905855e-01
4.292233529726834917e-01
4.243170862346009597e-01
4.197321906802356506e-01
4.182967327262988588e-01
4.176754151044455576e-01
4.137332619175146942e-01
4.052490626673808660e-01
4.004070701660417120e-01
3.985216925549008304e-01
3.977075522228172844e-01
3.973004820567755391e-01
3.976432779860739064e-01
3.958007498660953138e-01
3.918371719335831949e-01
3.886877343331547885e-01
3.853883235136582042e-01
3.801821103374396493e-01
3.752544188537761394e-01
3.737118371719335697e-01
3.697696839850027062e-01
3.682056775575789920e-01
3.691269416175683160e-01
3.719550080342795551e-01
3.776325656132832886e-01
3.826245313336904541e-01
3.799678628816282600e-01
3.814247455811462517e-01
3.863738618103910172e-01
3.895875736475629680e-01
3.886234600964112995e-01
3.821103374397429309e-01
3.786395286555971906e-01
3.757900374933048071e-01
3.742474558114621819e-01
3.757043385109801736e-01
3.767970005356185981e-01
3.758114622388858961e-01
3.729833958221746570e-01
3.649062667380824077e-01
3.579217996786288047e-01
3.525441885377610940e-01
3.463738618103909817e-01
3.475522228173540396e-01
3.457739689341188249e-01
3.427530798071772855e-01
3.407820032137118260e-01
3.413818960899839827e-01
3.403535083020888807e-01
3.370112479914300629e-01
3.328548473486876991e-01
3.329191215854310770e-01
3.323192287091590869e-01
3.284413497589716013e-01
3.224209962506695004e-01
3.181574718800213586e-01
3.178575254418853913e-01
3.168934118907338338e-01
3.122870915907873246e-01
3.093090519550080186e-01
3.076807712908409265e-01
3.019817889662559374e-01
2.970755222281735719e-01
2.930048205677557305e-01
2.873486877343331414e-01
2.833208355650776444e-01
2.815640064274236853e-01
2.755008034279593510e-01
2.697589716122121284e-01
2.625388323513658251e-01
2.567113015532940246e-01
2.532190680235671953e-01
2.522549544724156378e-01
2.478414568826995124e-01
2.425495447241563240e-01
2.419496518478842784e-01
2.447991430101767174e-01
2.438778789501873934e-01
2.407712908409212205e-01
2.374504552758435472e-01
2.359507230851633219e-01
2.348366363149437530e-01
2.316871987145152079e-01
2.312372790573111736e-01
2.319657204070700862e-01
2.315158007498660797e-01
2.304231387252276275e-01
2.289234065345474300e-01
2.285806106052490350e-01
2.284520621317621403e-01
2.251526513122656947e-01
2.238243170862346254e-01
2.255382967327262400e-01
2.271880021424745877e-01
2.226031065881093063e-01
2.229244777718264459e-01
2.273379753615425714e-01
2.258596679164434906e-01
2.245099089448313046e-01
2.257311194429566237e-01
2.258810926620246351e-01
2.250883770755222058e-01
2.217246920192822712e-01
2.168612747723621115e-01
2.162399571505088380e-01
2.148473486877343630e-01
2.137332619175146831e-01
2.142474558114622063e-01
2.133476164970540268e-01
2.092340653454740629e-01
2.080985538296732384e-01
2.084413497589716335e-01
2.095768612747723192e-01
2.098553829673272253e-01
2.038350294590251244e-01
1.974933047670058839e-01
1.968505623995714660e-01
1.964006427423674317e-01
1.912372790573111381e-01
1.893947509373326565e-01
1.913872522763791495e-01
1.936582753079806596e-01
1.958221746116765305e-01
1.967005891805034545e-01
1.981788966256025353e-01
1.968077129084092047e-01
1.909159078735939985e-01
1.873165506159614191e-01
1.883663631494376101e-01
1.845313336904123858e-01
1.768184252811998147e-01
1.740332083556507814e-01
1.765184788430636809e-01
1.770755222281736041e-01
1.728762720942688680e-01
1.711408677021959979e-01
1.717407605784681546e-01
1.686127477236207262e-01
1.627637921799678922e-01
1.578146759507231267e-01
1.550508837707552101e-01
1.502303160149973116e-01
1.445099089448312335e-01
1.435029459025174425e-01
1.423674343867166181e-01
1.381039100160685040e-01
1.326405998928762986e-01
1.281842528119978009e-01
1.277557579003749111e-01
1.285056239957150792e-01
1.292340653454739918e-01
1.298125334761650318e-01
1.307123727905730726e-01
1.312051419389394791e-01
1.353186930905195817e-01
1.403749330476700141e-01
1.453454740224960351e-01
1.455382967327263077e-01
1.446813069094805004e-01
1.459025174076058196e-01
1.499946438136046667e-01
1.489234065345473590e-01
1.438028923406534376e-01
1.414461703267273218e-01
1.412533476164970492e-01
1.442956614890198441e-01
1.452169255490091404e-01
1.423674343867166181e-01
1.403106588109266362e-01
1.364327798607391506e-01
1.303481521156936718e-01
1.274772362078200050e-01
1.254418853776111398e-01
1.208998393144081474e-01
1.105516871987145544e-01
1.086234600964113145e-01
1.070808784145688558e-01
1.009319764327798741e-01
9.893947509373327009e-02
9.831815747187998278e-02
1.006320299946438651e-01
1.028387787895018585e-01
1.083020889126941749e-01
1.117943224424210041e-01
1.174076057846813181e-01
1.199571505088377066e-01
1.221853240492769693e-01
1.284627745045527070e-01
1.354686663095875931e-01
1.381681842528119930e-01
1.390465988216390558e-01
1.368612747723620404e-01
1.351044456347080813e-01
1.312051419389394791e-01
1.225066952329941089e-01
1.186502410283877679e-01
1.173861810391001875e-01
1.172790573111944373e-01
1.137868237814676081e-01
1.126513122656667976e-01
1.067809319764328330e-01
9.930369576861278191e-02
9.439742903053024992e-02
8.914836636314946161e-02
8.606320299946440544e-02
7.985002678093192086e-02
7.599357257632570473e-02
7.292983395822177917e-02
