1.438654162235328549e-01
1.390312288504302329e-01
1.302330078313835293e-01
1.380643913758097252e-01
1.489896548390215181e-01
1.508266460408005660e-01
1.481195011118630889e-01
1.457024074253118195e-01
1.440587837184569286e-01
1.405781688098230453e-01
1.415450062844435808e-01
1.388378613555061591e-01
1.276225466499081307e-01
1.245286667311224782e-01
1.314898965483902171e-01
1.403848013148989715e-01
1.343904089722517681e-01
1.307164265686938387e-01
1.317799477907763694e-01
1.392245963453543900e-01
1.460891424151600504e-01
1.416416900319056593e-01
1.322633665280866511e-01
1.311031615585419863e-01
1.420284250217538624e-01
1.395146475877405423e-01
1.307164265686938387e-01
1.379677076283477022e-01
1.466692448999323273e-01
1.427052112539881623e-01
1.347771439620999989e-01
1.353572464468723036e-01
1.408682200522091976e-01
1.436720487286086978e-01
1.488929710915595228e-01
1.476360823745528628e-01
1.409649037996712762e-01
1.338103064874794634e-01
1.316832640433143464e-01
1.438654162235328549e-01
1.536304747172000662e-01
1.491830223339456751e-01
1.434786812336846240e-01
1.412549550420574285e-01
1.384511263656579283e-01
1.390312288504302329e-01
1.421251087692158854e-01
1.401914338199748422e-01
1.358406651841825297e-01
1.299429565889973770e-01
1.342937252247896895e-01
1.427052112539881623e-01
1.400947500725128192e-01
1.439620999709948501e-01
1.564343033935995664e-01
1.616552257565503081e-01
1.575945083631441479e-01
1.542105772019723708e-01
1.501498598085662106e-01
1.481195011118630889e-01
1.494730735763318275e-01
1.446388862032292055e-01
1.464758774050081980e-01
1.501498598085662106e-01
1.475393986270907842e-01
1.503432273034902844e-01
1.519868510103451753e-01
1.505365947984144137e-01
1.497631248187179798e-01
1.459924586676979719e-01
1.450256211930774364e-01
1.407715363047472024e-01
1.360340326791066590e-01
1.359373489316445804e-01
1.398046988301266946e-01
1.450256211930774364e-01
1.459924586676979719e-01
1.453156724354635887e-01
1.439620999709948501e-01
1.424151600116020377e-01
1.374842888910374206e-01
1.433819974862225455e-01
1.492797060814077537e-01
1.423184762641400147e-01
1.403848013148989715e-01
1.434786812336846240e-01
1.396113313352025376e-01
1.357439814367205067e-01
1.375809726384994991e-01
1.459924586676979719e-01
1.498598085661800583e-01
1.505365947984144137e-01
1.515034322730348659e-01
1.565309871410615616e-01
1.526636372425795307e-01
1.462825099100841242e-01
1.521802185052692491e-01
1.581746108479164525e-01
1.561442521512134141e-01
1.552740984240548738e-01
1.571110896258339218e-01
1.539205259595862185e-01
1.486996035966353935e-01
1.558542009088272617e-01
1.612684907667021050e-01
1.613651745141641558e-01
1.596248670598472696e-01
1.590447645750749095e-01
1.639756356956395822e-01
1.659093106448806254e-01
1.635889007057913513e-01
1.600116020496954172e-01
1.597215508073092649e-01
1.579812433529923787e-01
1.512133810306487136e-01
1.550807309291308000e-01
1.616552257565503081e-01
1.557575171613651832e-01
1.542105772019723708e-01
1.536304747172000662e-01
1.525669534951174799e-01
1.456057236778497410e-01
1.402881175674368930e-01
1.437687324760707763e-01
1.500531760611041321e-01
1.498598085661800583e-01
1.502465435560282059e-01
1.520835347578072538e-01
1.509233297882625613e-01
1.470559798897805581e-01
1.503432273034902844e-01
1.567243546359857187e-01
1.532437397273518354e-01
1.535337909697379877e-01
1.602049695446195743e-01
1.584646620903026049e-01
1.598182345547713434e-01
1.592381320699990388e-01
1.511166972831867183e-01
1.399980663250507684e-01
1.359373489316445804e-01
1.370975539011891897e-01
1.430919462438363932e-01
1.414483225369815023e-01
1.316832640433143464e-01
1.311031615585419863e-01
1.386444938605820021e-01
1.422217925166779362e-01
1.348738277095619942e-01
1.272358116600599831e-01
1.237551967514260998e-01
1.274291791549840569e-01
1.333268877501691818e-01
1.314898965483902171e-01
1.330368365077830295e-01
1.333268877501691818e-01
1.253021367108189399e-01
1.148602919849173315e-01
1.166005994392343009e-01
1.262689741854394476e-01
1.296529053466112524e-01
1.271391279125979046e-01
1.350671952044861512e-01
1.332302040027071866e-01
1.215314705597989181e-01
1.200812143478681010e-01
1.245286667311224782e-01
1.245286667311224782e-01
1.181475393986271272e-01
1.199845306004060919e-01
1.307164265686938387e-01
1.277192303973701815e-01
1.148602919849173315e-01
1.140868220052209531e-01
1.168906506816204532e-01
1.135067195204485929e-01
1.088658996422701281e-01
1.061587547133327064e-01
1.021947210673885553e-01
9.504012375519674261e-02
9.513680750265882113e-02
9.426665377550033642e-02
8.672532147346030673e-02
8.981920139224598698e-02
9.542685874504497345e-02
1.048051822488639678e-01
1.049018659963260325e-01
9.997099487576135979e-02
1.052886009861742633e-01
1.158271294595378531e-01
1.198878468529440133e-01
1.169873344290824485e-01
1.080924296625737496e-01
1.056753359760224109e-01
1.138934545102968099e-01
1.107995745915111713e-01
1.077056946727255327e-01
1.089625833897322066e-01
1.097360533694285711e-01
1.052886009861742633e-01
1.097360533694285711e-01
1.109929420864352451e-01
1.040317122691675894e-01
1.036449772793193724e-01
9.871410615875468586e-02
9.890747365367882904e-02
1.099294208643527282e-01
1.151503432273034838e-01
1.160204969544619269e-01
1.083824809049599019e-01
1.011311998453060246e-01
9.649037996712755971e-02
9.823068742144445975e-02
1.041283960166295985e-01
1.071255921879532280e-01
1.100261046118147235e-01
1.097360533694285711e-01
1.105095233491250190e-01
1.126365657932901360e-01
1.164072319443101577e-01
1.127332495407522145e-01
1.118630958135937714e-01
1.165039156917722224e-01
1.107995745915111713e-01
1.107028908440490927e-01
1.165039156917722224e-01
1.176641206613168317e-01
1.164072319443101577e-01
1.211447355699506873e-01
1.274291791549840569e-01
1.316832640433143464e-01
1.260756066905152906e-01
1.217248380547229919e-01
1.253021367108189399e-01
1.273324954075219784e-01
1.268490766702117523e-01
1.215314705597989181e-01
1.172773856714686008e-01
1.211447355699506873e-01
1.260756066905152906e-01
1.290728028618389478e-01
1.276225466499081307e-01
1.256888717006671430e-01
1.297495890940733032e-01
1.336169389925553341e-01
1.348738277095619942e-01
1.367108189113410421e-01
1.408682200522091976e-01
1.458957749202358933e-01
1.408682200522091976e-01
1.331335202552451080e-01
1.258822391955912168e-01
1.263656579329014429e-01
1.388378613555061591e-01
1.458957749202358933e-01
1.423184762641400147e-01
1.337136227400174127e-01
1.330368365077830295e-01
1.351638789519481465e-01
1.401914338199748422e-01
1.397080150826646161e-01
1.376776563859614944e-01
1.353572464468723036e-01
1.410615875471333547e-01
1.483128686067872182e-01
1.496664410712559012e-01
1.525669534951174799e-01
1.548873634342067263e-01
1.575945083631441479e-01
1.603016532920815695e-01
1.592381320699990388e-01
1.555641496664411094e-01
1.550807309291308000e-01
1.573044571207579956e-01
1.612684907667021050e-01
1.613651745141641558e-01
1.611718070192400820e-01
1.608817557768539297e-01
1.612684907667021050e-01
1.621386444938606175e-01
1.667794643720390824e-01
1.678429855941215854e-01
1.595281833123851911e-01
1.498598085661800583e-01
1.509233297882625613e-01
1.521802185052692491e-01
1.519868510103451753e-01
1.516001160204969445e-01
1.557575171613651832e-01
1.592381320699990388e-01
1.591414483225369603e-01
1.553707821715169524e-01
1.500531760611041321e-01
1.481195011118630889e-01
1.500531760611041321e-01
1.522769022527313276e-01
1.539205259595862185e-01
1.567243546359857187e-01
1.540172097070482138e-01
1.502465435560282059e-01
1.544039446968964446e-01
1.539205259595862185e-01
1.456057236778497410e-01
1.443488349608430810e-01
1.448322536981533626e-01
1.508266460408005660e-01
1.545006284443585232e-01
1.504399110509523629e-01
1.516967997679590230e-01
1.512133810306487136e-01
1.555641496664411094e-01
1.607850720293918789e-01
1.617519095040123867e-01
1.592381320699990388e-01
1.607850720293918789e-01
1.621386444938606175e-01
1.577878758580682217e-01
1.560475684037513355e-01
1.612684907667021050e-01
1.579812433529923787e-01
1.478294498694769366e-01
1.437687324760707763e-01
1.480228173644010936e-01
1.517934835154211015e-01
1.486996035966353935e-01
1.459924586676979719e-01
1.409649037996712762e-01
1.390312288504302329e-01
1.399013825775886899e-01
1.402881175674368930e-01
1.413516387895195070e-01
1.475393986270907842e-01
1.531470559798897568e-01
1.484095523542492412e-01
1.417383737793677378e-01
1.400947500725128192e-01
1.403848013148989715e-01
1.389345451029681544e-01
1.345837764671758419e-01
1.291694866093010263e-01
1.329401527603210342e-01
1.370975539011891897e-01
1.374842888910374206e-01
1.349705114570240727e-01
1.393212800928163853e-01
1.535337909697379877e-01
1.633955332108672776e-01
1.585613458377646834e-01
1.495697573237939060e-01
1.505365947984144137e-01
1.498598085661800583e-01
1.415450062844435808e-01
1.304263753263076864e-01
1.312965290534661433e-01
1.347771439620999989e-01
1.420284250217538624e-01
1.470559798897805581e-01
1.427052112539881623e-01
1.377743401334235729e-01
1.387411776080440806e-01
1.436720487286086978e-01
1.384511263656579283e-01
1.340036739824035372e-01
1.349705114570240727e-01
1.399013825775886899e-01
1.408682200522091976e-01
1.330368365077830295e-01
1.313932128009281386e-01
1.352605626994102250e-01
1.341970414773276943e-01
1.316832640433143464e-01
1.357439814367205067e-01
1.295562215991491739e-01
1.247220342260466214e-01
1.195011118630957964e-01
1.172773856714686008e-01
1.171807019240066056e-01
1.191143768732476488e-01
1.194044281156337872e-01
1.137967707628347452e-01
1.124431982983660622e-01
1.166005994392343009e-01
1.247220342260466214e-01
1.258822391955912168e-01
1.235618292565019566e-01
1.184375906410132656e-01
1.105095233491250190e-01
1.072222759354152372e-01
1.083824809049599019e-01
1.114763608237455406e-01
1.123465145509039975e-01
1.137000870153727361e-01
1.159238132069999316e-01
1.161171807019240054e-01
1.163105481968480792e-01
1.137967707628347452e-01
1.139901382577588884e-01
1.149569757323794100e-01
1.172773856714686008e-01
1.119597795610557667e-01
1.028715072996229246e-01
9.987431112829935065e-02
1.033549260369332201e-01
1.049018659963260325e-01
1.094460021270424327e-01
1.157304457120757885e-01
1.166972831866963101e-01
1.122498308034419190e-01
1.089625833897322066e-01
1.114763608237455406e-01
1.086725321473460543e-01
1.044184472590157370e-01
1.101227883592768020e-01
1.137967707628347452e-01
1.084791646524219111e-01
1.023880885623126985e-01
1.065454897031809373e-01
1.078023784201875973e-01
1.051919172387121848e-01
1.027748235521609155e-01
1.018079860775403939e-01
1.040317122691675894e-01
1.105095233491250190e-01
1.100261046118147235e-01
1.106062070965870975e-01
1.190176931257855703e-01
1.230784105191917305e-01
1.177608044087788963e-01
1.076090109252634541e-01
1.062554384607947155e-01
1.149569757323794100e-01
1.205646330851783965e-01
1.112829933288213974e-01
1.015179348351542415e-01
1.121531470559799099e-01
1.217248380547229919e-01
1.164072319443101577e-01
1.101227883592768020e-01
1.123465145509039975e-01
1.227883592768055782e-01
1.260756066905152906e-01
1.259789229430532953e-01
1.284927003770666432e-01
1.273324954075219784e-01
1.224016242869573612e-01
1.223049405394952827e-01
1.284927003770666432e-01
1.315865802958522957e-01
1.251087692158947828e-01
1.269457604176738308e-01
1.323600502755486463e-01
1.283960166296045646e-01
1.268490766702117523e-01
1.282993328821424861e-01
1.340036739824035372e-01
1.370008701537271945e-01
1.365174514164168851e-01
1.405781688098230453e-01
1.439620999709948501e-01
1.404814850623610500e-01
1.396113313352025376e-01
1.415450062844435808e-01
1.458957749202358933e-01
1.487962873440974443e-01
1.556608334139031047e-01
1.582712945953785311e-01
1.654258919075703160e-01
1.651358406651841915e-01
1.637822682007154251e-01
1.650391569177221129e-01
1.717103354926036718e-01
1.718070192400657503e-01
1.698733442908247071e-01
1.706468142705211688e-01
1.766412066131682890e-01
1.811853427438847586e-01
1.765445228657062937e-01
1.715169679976795980e-01
1.711302330078313949e-01
1.782848303200231799e-01
1.834090689355119541e-01
1.815720777337329894e-01
1.811853427438847586e-01
1.865996326017596574e-01
1.858261626220632234e-01
1.824422314608914186e-01
1.901769312578555360e-01
1.924006574494827315e-01
1.884366238035386221e-01
1.896935125205453099e-01
1.943343323987237747e-01
1.984917335395920135e-01
1.993618872667504427e-01
2.022623996906120214e-01
2.072899545586386894e-01
2.043894421347771384e-01
1.998453060040607521e-01
1.990718360243642904e-01
1.988784685294402166e-01
1.961713236005027394e-01
1.937542299139514701e-01
1.916271874697863531e-01
1.902736150053176145e-01
1.940442811563376224e-01
2.000386734989848259e-01
2.041960746398530646e-01
2.074833220535627631e-01
2.061297495890941078e-01
2.055496471043217199e-01
2.019723484482258691e-01
2.024557671855360952e-01
2.034226046601566029e-01
2.026491346804602245e-01
1.982016822972058612e-01
1.888233587933868529e-01
1.956879048631925133e-01
2.101904669825002681e-01
2.083534757807213034e-01
2.000386734989848259e-01
2.037126559025427552e-01
2.084501595281832986e-01
2.021657159431499429e-01
1.984917335395920135e-01
2.044861258822392169e-01
2.027458184279222475e-01
1.971381610751232472e-01
1.958812723581165871e-01
1.926907086918688838e-01
1.913371362274002008e-01
1.893067775306970790e-01
1.864062651068355281e-01
1.880498888136904190e-01
1.880498888136904190e-01
1.834090689355119541e-01
1.844725901575945404e-01
1.863095813593735051e-01
1.870830513390698835e-01
1.951078023784202087e-01
2.039060233974669123e-01
2.114473556995069281e-01
2.109639369621966465e-01
2.021657159431499429e-01
2.051629121144735723e-01
2.076766895484869202e-01
2.053562796093976461e-01
1.995552547616745998e-01
1.953978536208063610e-01
1.905636662477037391e-01
1.854394276322149926e-01
1.875664700763801929e-01
1.833123851880498756e-01
1.819588127235811925e-01
1.749008991588514028e-01
1.698733442908247071e-01
1.813787102388088324e-01
1.830223339456637233e-01
1.784781978149473369e-01
1.814753939862709109e-01
1.846659576525186142e-01
1.853427438847529973e-01
1.815720777337329894e-01
1.704534467755970117e-01
1.647491056753359606e-01
1.636855844532534299e-01
1.591414483225369603e-01
1.608817557768539297e-01
1.604950207870057266e-01
1.596248670598472696e-01
1.610751232717780035e-01
1.545973121918205739e-01
1.570144058783718433e-01
1.603983370395436481e-01
1.564343033935995664e-01
1.521802185052692491e-01
1.527603209900415537e-01
1.496664410712559012e-01
1.492797060814077537e-01
1.488929710915595228e-01
1.451223049405395149e-01
1.445422024557672103e-01
1.478294498694769366e-01
1.431886299912984717e-01
1.449289374456153578e-01
1.436720487286086978e-01
1.365174514164168851e-01
1.411582712945953499e-01
1.363240839214928113e-01
1.327467852653968772e-01
1.354539301943343821e-01
1.352605626994102250e-01
1.336169389925553341e-01
1.243352992361984044e-01
1.246253504785845567e-01
1.278159141448322600e-01
1.282993328821424861e-01
1.277192303973701815e-01
1.231750942666538090e-01
1.234651455090399613e-01
1.278159141448322600e-01
1.361307164265686820e-01
1.330368365077830295e-01
1.265590254278255999e-01
1.278159141448322600e-01
1.244319829836604829e-01
1.154403944696896361e-01
1.096393696219665759e-01
1.149569757323794100e-01
1.184375906410132656e-01
1.186309581359373533e-01
1.206613168326404611e-01
1.299429565889973770e-01
1.290728028618389478e-01
1.271391279125979046e-01
1.194044281156337872e-01
1.091559508846562804e-01
1.111863095813593882e-01
1.135067195204485929e-01
1.165039156917722224e-01
1.168906506816204532e-01
1.153437107222276270e-01
1.141835057526829622e-01
1.138934545102968099e-01
1.078990621676496064e-01
1.033549260369332201e-01
1.037416610267813677e-01
1.080924296625737496e-01
1.092526346321183450e-01
1.117664120661316929e-01
1.180508556511650486e-01
1.165039156917722224e-01
1.121531470559799099e-01
1.137967707628347452e-01
1.162138644493860840e-01
1.195011118630957964e-01
1.188243256308614271e-01
1.104128396016629543e-01
1.112829933288213974e-01
1.214347868123368396e-01
1.214347868123368396e-01
1.204679493377163180e-01
1.178574881562409749e-01
1.152470269747655623e-01
1.165039156917722224e-01
1.149569757323794100e-01
1.122498308034419190e-01
1.146669244899932577e-01
1.173740694189306794e-01
1.159238132069999316e-01
1.217248380547229919e-01
1.293628541042251001e-01
1.265590254278255999e-01
1.214347868123368396e-01
1.231750942666538090e-01
1.282026491346804908e-01
1.278159141448322600e-01
1.262689741854394476e-01
1.303296915788456078e-01
1.380643913758097252e-01
1.381610751232717760e-01
1.425118437590640885e-01
1.429952624963743979e-01
1.370975539011891897e-01
1.348738277095619942e-01
1.358406651841825297e-01
1.346804602146379204e-01
1.357439814367205067e-01
1.359373489316445804e-01
1.413516387895195070e-01
1.432853137387605502e-01
1.443488349608430810e-01
1.419317412742918116e-01
1.416416900319056593e-01
1.507299622933384875e-01
1.533404234748139139e-01
1.466692448999323273e-01
1.461858261626220457e-01
1.509233297882625613e-01
1.568210383834477695e-01
1.540172097070482138e-01
1.521802185052692491e-01
1.568210383834477695e-01
1.624286957362467698e-01
1.636855844532534299e-01
1.645557381804118868e-01
1.723871217248380550e-01
1.788649328047954845e-01
1.785748815624093322e-01
1.813787102388088324e-01
1.856327951271391496e-01
1.865029488542975789e-01
1.917238712172483484e-01
1.962680073479648180e-01
1.973315285700474042e-01
2.051629121144735723e-01
2.129942956588997682e-01
2.163782268200715453e-01
2.194721067388571978e-01
2.242096103644977134e-01
2.231460891424151272e-01
2.244996616068838657e-01
2.222759354152566702e-01
2.227593541525669796e-01
2.283670115053659522e-01
2.287537464952141830e-01
2.302040027071449169e-01
2.331045151310064956e-01
2.342647201005511048e-01
2.343614038480131556e-01
2.364884462921782726e-01
2.399690612008121560e-01
2.449966160688388239e-01
2.421927873924393515e-01
2.473170260079280980e-01
2.536014695929614815e-01
2.594991781881466064e-01
2.590157594508362693e-01
2.559218795320506445e-01
2.613361693899255433e-01
2.672338779851106683e-01
2.706178091462824731e-01
2.642366818137871221e-01
2.637532630764768404e-01
2.677172967224210054e-01
2.693609204292757853e-01
2.701343904089722470e-01
2.745818427922266380e-01
2.800928163975635599e-01
2.824132263366528339e-01
2.783525089432466459e-01
2.778690902059363643e-01
2.827999613265010370e-01
2.894711399013825681e-01
2.834767475587353647e-01
2.816397563569563722e-01
2.861838924876728418e-01
2.910180798607753805e-01
2.846369525282800295e-01
2.761287827516194504e-01
2.715846466209029808e-01
2.786425601856328260e-01
2.856037900029005372e-01
2.856037900029005372e-01
2.841535337909696923e-01
2.768055689838538336e-01
2.769022527313158566e-01
2.827999613265010370e-01
2.808662863772600216e-01
2.809629701247219891e-01
2.794160301653291767e-01
2.785458764381707475e-01
2.741951078023784349e-01
2.755486802668471458e-01
2.781591414483224889e-01
2.747752102871507396e-01
2.737116890650682088e-01
2.771923039737019812e-01
2.803828676399496844e-01
2.778690902059363643e-01
2.749685777820748411e-01
2.720680653582133179e-01
2.713912791259789348e-01
2.676206129749589269e-01
2.614328531373876219e-01
2.625930581069322312e-01
2.613361693899255433e-01
2.572754519965194109e-01
2.564052982693609262e-01
2.540848883302717076e-01
2.522478971284927152e-01
2.564052982693609262e-01
2.616262206323117234e-01
2.590157594508362693e-01
2.518611621386445121e-01
2.524412646234167612e-01
2.512810596538722074e-01
2.425795223822875546e-01
2.374552837667988081e-01
2.355216088175577649e-01
2.355216088175577649e-01
2.340713526056270033e-01
2.307841051919172215e-01
2.270134390408972136e-01
2.252731315865803274e-01
2.249830803441941751e-01
2.160881755776853930e-01
2.147346031132166544e-01
2.214057816880982410e-01
2.220825679203325964e-01
2.191820554964710455e-01
2.182152180218505100e-01
2.195687904863192486e-01
2.154113893454510376e-01
2.082567920332592248e-01
2.039060233974669123e-01
2.075800058010248417e-01
2.084501595281832986e-01
2.022623996906120214e-01
1.961713236005027394e-01
1.963646910954268687e-01
2.006187759837571305e-01
2.049695446195494430e-01
1.997486222565986735e-01
1.983950497921299350e-01
2.003287247413709782e-01
2.017789809533017120e-01
1.995552547616745998e-01
1.960746398530407442e-01
1.905636662477037391e-01
1.893067775306970790e-01
1.898868800154693837e-01
1.814753939862709109e-01
1.707434980179831641e-01
1.597215508073092649e-01
1.580779271004544573e-01
1.558542009088272617e-01
1.495697573237939060e-01
1.480228173644010936e-01
1.467659286473944058e-01
1.415450062844435808e-01
1.369041864062651159e-01
1.314898965483902171e-01
1.213381030648747611e-01
1.175674369138547531e-01
1.205646330851783965e-01
1.187276418833994179e-01
1.176641206613168317e-01
1.185342743884752748e-01
1.189210093783234917e-01
1.208546843275645349e-01
1.249154017209707090e-01
1.257855554481291382e-01
1.222082567920332874e-01
1.221115730445712089e-01
1.210480518224886226e-01
1.192110606207096440e-01
1.217248380547229919e-01
1.220148892971091442e-01
1.199845306004060919e-01
1.218215218021850565e-01
1.243352992361984044e-01
1.148602919849173315e-01
1.096393696219665759e-01
1.137000870153727361e-01
1.098327371168906497e-01
1.051919172387121848e-01
1.002610461181475815e-01
9.629701247220341653e-02
9.426665377550033642e-02
9.881078990621676439e-02
1.053852847336362586e-01
1.057720197234844894e-01
1.103161558542009452e-01
1.197911631054819487e-01
1.335202552450933389e-01
1.379677076283477022e-01
1.403848013148989715e-01
1.454123561829256672e-01
1.522769022527313276e-01
1.591414483225369603e-01
1.624286957362467698e-01
1.629121144735569959e-01
1.673595668568113592e-01
1.755776853910857582e-01
1.847626413999806927e-01
1.828289664507396495e-01
1.819588127235811925e-01
1.837958039253601850e-01
1.926907086918688838e-01
1.982983660446679397e-01
2.071932708111766386e-01
2.136710818911341236e-01
2.208256792033259364e-01
2.305907376969931477e-01
2.339746688581649525e-01
2.446098810789906208e-01
2.503142221792516442e-01
2.528279996132650198e-01
2.567920332592090737e-01
2.577588707338296370e-01
2.577588707338296370e-01
2.594991781881466064e-01
2.620129556221599265e-01
2.635598955815527389e-01
2.688775016919655592e-01
2.725514840955235440e-01
2.748718940346128181e-01
2.871507299622933496e-01
2.968191047084984824e-01
2.981726771729672487e-01
3.101614618582616556e-01
3.245673402301073596e-01
3.289181088658996721e-01
3.230204002707144917e-01
3.260175964420380379e-01
3.302716813303684384e-01
3.335589287440780537e-01
3.371362274001740711e-01
3.399400560765735158e-01
3.479648071159237577e-01
3.580199168519771491e-01
3.712655902542781883e-01
3.796770762834767443e-01
3.831576911921105721e-01
3.906990234941505880e-01
4.022043894421347687e-01
4.027844919269070734e-01
3.978536208063424562e-01
3.980469883012666132e-01
4.071352605626993859e-01
4.096490379967127060e-01
4.042347481388378627e-01
4.094556705017887155e-01
4.214444551870831224e-01
4.271487962873442013e-01
4.281156337619646535e-01
4.276322150246544274e-01
4.336266073673015198e-01
4.410712559218795126e-01
4.459054432949821623e-01
4.472590157594509286e-01
4.538335105868703812e-01
4.610847916465243279e-01
4.767475587353766642e-01
4.894131296529054542e-01
4.959876244803248513e-01
4.897998646427536018e-01
4.919269070869187743e-01
4.968577782074833915e-01
5.014985980856617731e-01
5.016919655805859302e-01
5.030455380450546965e-01
5.049792129942957120e-01
5.060427342163782427e-01
5.081697766605434152e-01
5.152276902252730384e-01
5.245093299816301347e-01
5.294402011021948073e-01
5.325340810209804321e-01
5.406555158077926970e-01
5.504205743014598529e-01
5.655032389055398845e-01
5.836797834284057629e-01
6.054336266073673256e-01
6.159721550807308876e-01
6.241902736150053421e-01
6.281543072609494516e-01
6.294111959779561394e-01
6.270907860388668098e-01
6.312481871797350763e-01
6.364691095426859846e-01
6.424635018853330770e-01
6.479744754906699988e-01
6.511650391569177021e-01
6.498114666924489358e-01
6.511650391569177021e-01
6.630571400947500305e-01
6.683747462051630173e-01
6.712752586290244849e-01
6.789132746785265793e-01
6.909987431112830647e-01
6.998936478777918468e-01
6.997969641303297683e-01
7.077250314222178762e-01
7.164265686938025013e-01
7.142995262496375508e-01
7.193270811176641910e-01
7.302523445808759561e-01
7.381804118727642861e-01
7.376003093879919259e-01
7.428212317509426121e-01
7.556801701633956148e-01
7.645750749299043969e-01
7.611911437687325366e-01
7.663153823842212553e-01
7.745335009184955988e-01
7.750169196558058804e-01
7.671855361113797400e-01
7.634148699603597876e-01
7.721164072319444127e-01
7.805278932611428022e-01
7.783041670695156622e-01
7.815914144832254440e-01
7.854587643817073639e-01
7.919365754616648490e-01
8.001546939959393034e-01
8.026684714299526791e-01
7.988011215314705371e-01
7.998646427535531789e-01
8.017983177027940833e-01
8.047955138741178516e-01
8.178478197814947892e-01
8.255825195784589621e-01
8.328338006381127423e-01
8.339940056076573516e-01
8.362177317992846026e-01
8.327371168906506638e-01
8.288697669921686328e-01
8.311901769312579624e-01
8.304167069515614452e-01
8.192980759934255230e-01
8.177511360340327107e-01
8.300299719617133531e-01
8.418253891520836030e-01
8.457894227980276014e-01
8.431789616165523693e-01
8.456927390505656339e-01
8.565213187663153205e-01
8.706371458957748999e-01
8.770182732282704174e-01
8.746978632891810879e-01
8.714106158754714171e-01
8.727641883399401834e-01
8.871700667117857764e-01
8.969351252054529322e-01
9.046698250024171051e-01
9.089239098907473391e-01
9.152083534757807781e-01
9.150149859808566211e-01
9.171420284250217936e-01
9.163685584453253874e-01
9.144348834960842609e-01
9.128879435366915596e-01
9.152083534757807781e-01
9.167552934351735905e-01
9.220728995455863553e-01
9.251667794643719800e-01
9.245866769795997309e-01
9.196558058590351692e-01
9.183989171420284814e-01
9.165619259402494334e-01
9.228463695252828725e-01
9.333848979986464345e-01
9.400560765735279656e-01
9.426665377550033087e-01
9.424731702600793737e-01
9.468239388958716862e-01
9.497244513197331539e-01
9.466305714009475292e-01
9.482741951078023090e-01
9.517548100164362479e-01
9.570724161268490127e-01
9.650004834187373426e-01
9.683844145799090919e-01
9.721550807309290443e-01
9.838538141738374376e-01
9.947790776370492027e-01
9.951658126268975169e-01
9.915885139708014995e-01
9.937155564149666720e-01
1.000000000000000000e+00
9.878178478197814361e-01
9.766025331141834354e-01
9.734119694479357321e-01
9.689645170646813410e-01
9.704147732766121859e-01
9.653872184085855457e-01
9.688678333172194845e-01
9.711882432563085921e-01
9.652905346611234672e-01
9.558155274098423249e-01
9.509813400367398417e-01
9.503045538045054030e-01
9.520448612588223725e-01
9.511747075316639988e-01
9.527216474910567001e-01
9.552354249250700757e-01
9.556221599149183898e-01
9.551387411776079972e-01
9.583293048438557005e-01
9.589094073286279496e-01
9.629701247220342486e-01
9.603596635405587945e-01
9.598762448032486239e-01
9.633568597118823407e-01
9.687711495697574060e-01
9.679976795900608888e-01
9.700280382867640938e-01
9.732186019530117971e-01
9.713816107512327491e-01
9.710915595088465135e-01
9.800831480228173742e-01
9.827902929517547959e-01
9.742821231750943278e-01
9.688678333172194845e-01
9.643236971865030149e-01
9.646137484288890285e-01
9.643236971865030149e-01
9.652905346611234672e-01
9.647104321763511070e-01
9.567823648844629991e-01
9.465338876534854506e-01
9.387991878565212778e-01
9.414096490379967319e-01
9.436333752296239830e-01
9.415063327854588104e-01
9.433433239872377474e-01
9.460504689161751690e-01
9.390892390989075134e-01
9.347384704631152008e-01
9.383157691192109962e-01
9.415063327854588104e-01
9.447935801991685922e-01
9.355119404428116070e-01
9.201392245963453398e-01
9.152083534757807781e-01
9.133713622740017302e-01
9.042830900125687910e-01
8.925843565696606197e-01
8.746011795417191204e-01
8.614521898868801042e-01
8.568113700087015561e-01
8.545876438170743050e-01
8.509136614135163201e-01
8.551677463018467762e-01
8.579715749782461653e-01
8.589384124528667286e-01
8.527506526152953681e-01
8.476264139998067604e-01
8.436623803538625399e-01
8.381514067485256181e-01
8.338006381127333055e-01
8.308034419414096483e-01
8.274195107802378990e-01
8.171710335492603505e-01
8.115633761964613502e-01
8.123368461761578674e-01
8.140771536304747258e-01
8.150439911050951780e-01
8.163975635695639443e-01
8.118534274388474747e-01
8.091462825099101641e-01
8.077927100454413978e-01
8.068258725708208345e-01
8.060524025911245394e-01
8.082761287827515684e-01
8.173644010441845076e-01
8.251957845886106480e-01
8.227786909020593509e-01
8.091462825099101641e-01
8.008314802281736311e-01
8.031518901672628497e-01
8.064391375809726314e-01
8.119501111863095533e-01
8.186212897611911954e-01
8.158174610847916952e-01
8.080827612878275223e-01
7.982210190466982880e-01
7.859421831190177565e-01
7.778207483322053806e-01
7.669921686164555830e-01
7.534564439717683637e-01
7.391472493473847383e-01
7.329594895098133778e-01
7.218408585516775666e-01
7.123658513003964243e-01
7.108189113410036120e-01
7.082084501595281578e-01
7.097553901189210812e-01
7.069515614425214700e-01
6.961229817267717834e-01
6.871313932128009228e-01
6.725321473460311728e-01
6.660543362660735767e-01
6.668278062457700939e-01
6.647974475490669999e-01
6.565793290147926564e-01
6.582229527216475473e-01
6.606400464081988444e-01
6.500048341873730928e-01
6.299912984627284995e-01
6.253504785845499514e-01
6.310548196848110303e-01
6.323117084018176071e-01
6.282509910084115301e-01
6.260272648167842791e-01
6.181958812723582497e-01
6.075606690515324981e-01
6.055303103548294041e-01
6.068838828192981705e-01
6.060137290921396858e-01
5.969254568307067466e-01
5.863869283573430735e-01
5.940249444068451679e-01
5.963453543459343864e-01
5.903509620032872940e-01
5.786522285603791227e-01
5.789422798027651362e-01
5.875471333268876828e-01
5.854200908827226213e-01
5.801991685197718240e-01
5.712075800058009634e-01
5.644397176834574648e-01
5.640529826936092617e-01
5.654065551580780280e-01
5.695639562989461835e-01
5.777820748332205270e-01
5.731412549550420898e-01
5.656966064004640415e-01
5.565116503915692459e-01
5.443294982113506819e-01
5.275065261529536809e-01
5.143575364981146647e-01
4.992748718940346886e-01
4.918302233394566958e-01
4.861258822391956724e-01
4.811950111186310552e-01
4.739437300589771085e-01
4.636952528279995600e-01
4.636952528279995600e-01
4.577008604853524676e-01
4.430049308711205280e-01
4.330465048825292707e-01
4.277288987721165059e-01
4.244416513584066686e-01
4.246350188533308256e-01
4.169970028038287313e-01
4.097457217441747845e-01
4.038480131489896041e-01
4.023977569370589258e-01
4.000773469979695962e-01
3.900222372619162048e-01
3.865416223532824325e-01
3.872184085855167601e-01
3.834477424344967522e-01
3.835444261819588307e-01
3.842212124141932139e-01
3.845112636565792830e-01
3.804505462631732060e-01
3.748428889103742057e-01
3.722324277288988070e-01
3.758097263849946579e-01
3.760030938799188149e-01
3.696219665474234084e-01
3.692352315575752608e-01
3.719423764865125714e-01
3.640143091946244081e-01
3.629507879725418773e-01
3.606303780334525477e-01
3.486415933481581408e-01
3.354926036933191247e-01
3.244706564826452810e-01
3.231170840181765702e-01
3.213767765638596008e-01
3.117084018176544680e-01
3.067775306970897953e-01
3.058106932224692875e-01
3.030068645460697874e-01
2.965290534661123578e-01
2.893744561539205451e-01
2.861838924876728418e-01
2.790292951754810291e-01
2.744851590447645595e-01
2.680073479648071300e-01
2.623996906120081296e-01
2.591124431982983478e-01
2.503142221792516442e-01
2.391955912211156943e-01
2.328144638886203432e-01
2.292371652325244091e-01
2.208256792033259364e-01
2.164749105675336238e-01
2.144445518708305021e-01
2.095136807502658849e-01
2.010055109736053336e-01
2.027458184279222475e-01
1.941409649037997009e-01
1.869863675916078882e-01
1.844725901575945404e-01
1.813787102388088324e-01
1.768345741080924460e-01
1.693899255535144810e-01
1.632021657159431482e-01
1.573044571207579956e-01
1.481195011118630889e-01
1.384511263656579283e-01
1.311031615585419863e-01
1.311998453060040648e-01
1.268490766702117523e-01
1.169873344290824485e-01
1.129266170356762883e-01
1.139901382577588884e-01
1.120564633085178452e-01
1.028715072996229246e-01
9.852073866383061207e-02
9.687711495697572117e-02
9.155950884656288702e-02
8.401817654452285733e-02
8.624190273615005287e-02
9.001256888717006077e-02
8.247123658513003108e-02
7.734699796964131235e-02
7.705694672725516003e-02
7.918398917142027704e-02
8.218118534274387876e-02
7.899062167649617550e-02
7.715363047471719693e-02
7.251281059653873207e-02
7.125592187953207202e-02
7.115923813206999349e-02
6.903219568790487648e-02
7.628347674755875385e-02
8.372812530213670501e-02
7.957072416126850789e-02
8.353475780721263122e-02
8.517838151406749436e-02
8.836894518031519763e-02
9.194624383641110399e-02
9.281639756356954707e-02
9.165619259402495167e-02
9.358986754326599489e-02
9.591027748235519956e-02
1.047084985014018893e-01
1.106062070965870975e-01
1.114763608237455406e-01
1.130233007831383668e-01
1.135067195204485929e-01
1.178574881562409749e-01
1.179541719037029701e-01
1.123465145509039975e-01
1.126365657932901360e-01
1.170840181765445270e-01
1.241419317412743306e-01
1.246253504785845567e-01
1.213381030648747611e-01
1.204679493377163180e-01
1.254955042057430137e-01
1.235618292565019566e-01
1.203712655902543088e-01
1.202745818427922442e-01
1.216281543072609828e-01
1.247220342260466214e-01
1.302330078313835293e-01
1.390312288504302329e-01
1.364207676689548066e-01
1.397080150826646161e-01
1.498598085661800583e-01
1.527603209900415537e-01
1.571110896258339218e-01
1.545973121918205739e-01
1.493763898288697489e-01
1.525669534951174799e-01
1.551774146765928786e-01
1.506332785458764367e-01
1.446388862032292055e-01
1.426085275065261671e-01
1.533404234748139139e-01
1.634922169583292728e-01
1.634922169583292728e-01
1.640723194431015775e-01
1.603016532920815695e-01
1.555641496664411094e-01
1.518901672628830968e-01
1.545973121918205739e-01
1.622353282413226128e-01
1.611718070192400820e-01
1.647491056753359606e-01
1.784781978149473369e-01
1.859228463695253020e-01
1.850526926423668450e-01
1.877598375713042667e-01
1.943343323987237747e-01
1.963646910954268687e-01
1.918205549647104269e-01
1.883399400560765713e-01
1.896935125205453099e-01
1.953011698733442825e-01
2.004254084888330567e-01
1.984917335395920135e-01
2.014889297109155597e-01
2.069999033162525370e-01
2.056463308517837985e-01
2.101904669825002681e-01
2.189886880015469717e-01
2.256598665764284750e-01
2.215024654355602918e-01
2.164749105675336238e-01
2.205356279609397840e-01
2.166682780624576976e-01
2.116407231944310019e-01
2.118340906893550757e-01
2.151213381030648852e-01
2.160881755776853930e-01
2.105772019723484156e-01
2.156047568403751113e-01
2.220825679203325964e-01
2.172483805472300022e-01
2.113506719520448496e-01
2.110606207096587250e-01
2.091269457604176818e-01
2.110606207096587250e-01
2.094169970028038064e-01
2.082567920332592248e-01
2.107705694672725727e-01
2.118340906893550757e-01
2.173450642946920808e-01
2.167649618099197761e-01
2.184085855167746670e-01
2.137677656385961189e-01
2.109639369621966465e-01
2.093203132553417556e-01
2.078700570434109940e-01
2.098037319926520372e-01
2.090302620129556033e-01
2.077733732959489155e-01
2.094169970028038064e-01
2.094169970028038064e-01
2.124141931741274636e-01
2.141545006284443498e-01
2.175384317896161546e-01
2.140578168809822712e-01
2.066131683264043339e-01
2.060330658416320293e-01
2.031325534177704506e-01
1.972348448225853257e-01
1.961713236005027394e-01
1.966547423378130210e-01
1.950111186309581301e-01
1.918205549647104269e-01
1.905636662477037391e-01
1.904669825002416883e-01
1.901769312578555360e-01
1.946243836411099271e-01
1.978149473073576303e-01
1.959779561055786656e-01
1.918205549647104269e-01
1.905636662477037391e-01
1.916271874697863531e-01
1.903702987527796653e-01
1.814753939862709109e-01
1.778980953301749768e-01
1.789616165522575630e-01
1.815720777337329894e-01
1.796384027844919462e-01
1.795417190370298677e-01
1.788649328047954845e-01
1.776080440877888245e-01
1.852460601372909188e-01
1.889200425408488482e-01
1.854394276322149926e-01
1.761577878758580629e-01
1.792516677946437154e-01
1.813787102388088324e-01
1.752876341486996337e-01
1.730639079570724381e-01
1.783815140674852584e-01
1.823455477134293401e-01
1.842792226626703833e-01
1.834090689355119541e-01
1.799284540268780708e-01
1.706468142705211688e-01
1.640723194431015775e-01
1.663927293821908515e-01
1.634922169583292728e-01
1.576911921106062264e-01
1.549840471816687493e-01
1.570144058783718433e-01
1.632021657159431482e-01
1.665860968771149253e-01
1.603016532920815695e-01
1.552740984240548738e-01
1.532437397273518354e-01
1.480228173644010936e-01
1.404814850623610500e-01
1.332302040027071866e-01
1.345837764671758419e-01
1.372909213961133468e-01
1.360340326791066590e-01
1.286860678719907169e-01
1.244319829836604829e-01
1.260756066905152906e-01
1.289761191143768693e-01
1.259789229430532953e-01
1.281059653872184123e-01
1.301363240839214508e-01
1.264623416803635214e-01
1.273324954075219784e-01
1.233684617615778828e-01
1.106062070965870975e-01
1.094460021270424327e-01
1.133133520255245191e-01
1.132166682780624406e-01
1.054819684810983371e-01
1.017113023300783292e-01
1.078990621676496064e-01
1.072222759354152372e-01
9.987431112829935065e-02
1.020013535724644677e-01
1.042250797640916632e-01
1.007444648554578076e-01
9.784395243159624278e-02
9.436333752296241495e-02
9.010925263463213930e-02
8.614521898868801597e-02
8.885236391762546537e-02
9.213961133133521941e-02
8.923909890747365459e-02
9.020593638209417620e-02
8.904573141254953916e-02
9.281639756356954707e-02
8.846562892777723452e-02
8.295465532244029883e-02
8.005414289857876176e-02
7.821715169679975543e-02
7.202939185922847820e-02
6.680846949627768094e-02
6.274775210287152072e-02
6.255438460794740529e-02
5.791356472976894737e-02
5.056559992265299147e-02
5.685004350768634723e-02
6.323117084018177458e-02
6.033065841632021670e-02
5.685004350768634723e-02
5.133906990234940459e-02
5.153243739727352002e-02
5.907376969931354277e-02
6.033065841632021670e-02
5.646330851783816496e-02
4.737503625640531596e-02
4.408778884269556192e-02
4.370105385284733801e-02
5.143575364981147618e-02
5.501305230590738254e-02
5.211253988204585241e-02
4.747172000386735286e-02
3.799671275258628689e-02
3.954365271197914089e-02
4.428115633761964265e-02
4.457120758000582272e-02
4.147732766122014941e-02
3.925360146959295388e-02
3.809339650004835848e-02
3.935028521705502547e-02
4.186406265106837332e-02
4.225079764091655560e-02
4.147732766122014941e-02
3.577298656095912605e-02
3.635308904573142375e-02
3.586967030842116294e-02
3.683650778304168455e-02
3.848013148989654769e-02
4.437784008508171424e-02
4.611814753939864203e-02
4.640819878178479435e-02
4.882529246833606368e-02
4.950207870057043297e-02
4.631151503432272276e-02
4.718166876148120747e-02
4.776177124625350517e-02
4.544136130716427274e-02
4.756840375132938975e-02
4.940539495310839607e-02
4.534467755970223585e-02
4.331431886299915573e-02
4.737503625640531596e-02
5.017886493280480920e-02
4.573141254955042506e-02
4.689161751909505516e-02
5.269264236681815011e-02
6.120081214347870141e-02
5.723677849753457114e-02
5.665667601276227344e-02
5.936382094169969509e-02
5.269264236681815011e-02
5.317606110412841092e-02
5.801024847723098427e-02
6.178091462825099911e-02
6.410132456734023154e-02
6.226433336556125991e-02
5.607657352798994105e-02
5.791356472976894737e-02
5.752682973992072346e-02
6.100744464855458599e-02
6.806535821328435487e-02
7.028908440491155041e-02
6.845209320313257184e-02
6.825872570820847030e-02
6.912887943536691338e-02
6.883882819298076106e-02
7.019240065744947188e-02
6.845209320313257184e-02
6.980566566760128266e-02
7.038576815237358730e-02
7.638016049502079075e-02
8.285797157497826193e-02
8.672532147346030673e-02
8.517838151406749436e-02
7.966740790873054479e-02
7.676689548486900772e-02
8.015082664604079865e-02
8.508169776660544359e-02
8.643527023107415441e-02
8.943246640239775613e-02
9.204292758387314088e-02
9.600696122981726421e-02
9.900415740114090757e-02
9.175287634148698857e-02
9.010925263463213930e-02
9.542685874504497345e-02
9.890747365367882904e-02
9.958425988591319833e-02
1.041283960166295985e-01
1.029681910470849893e-01
1.021947210673885553e-01
1.045151310064778155e-01
1.064488059557188587e-01
1.122498308034419190e-01
1.129266170356762883e-01
1.084791646524219111e-01
1.062554384607947155e-01
1.043217635115537417e-01
1.090592671371942712e-01
1.137967707628347452e-01
1.153437107222276270e-01
1.142801895001450407e-01
1.135067195204485929e-01
1.164072319443101577e-01
1.169873344290824485e-01
1.222082567920332874e-01
1.275258629024461077e-01
1.239485642463501874e-01
1.178574881562409749e-01
1.198878468529440133e-01
1.174707531663927440e-01
1.171807019240066056e-01
1.215314705597989181e-01
1.237551967514260998e-01
1.207580005801024703e-01
1.190176931257855703e-01
1.196944793580199395e-01
1.191143768732476488e-01
1.182442231460891224e-01
1.172773856714686008e-01
1.107028908440490927e-01
1.096393696219665759e-01
1.157304457120757885e-01
1.173740694189306794e-01
1.137967707628347452e-01
1.127332495407522145e-01
1.177608044087788963e-01
1.212414193174127658e-01
1.136034032679106576e-01
1.096393696219665759e-01
1.137000870153727361e-01
1.129266170356762883e-01
1.112829933288213974e-01
1.079957459151116850e-01
1.080924296625737496e-01
1.123465145509039975e-01
1.150536594798414053e-01
1.131199845306004315e-01
1.142801895001450407e-01
1.184375906410132656e-01
1.142801895001450407e-01
1.079957459151116850e-01
1.094460021270424327e-01
1.137000870153727361e-01
1.145702407425311792e-01
1.116697283186696144e-01
1.116697283186696144e-01
1.109929420864352451e-01
1.145702407425311792e-01
1.148602919849173315e-01
1.189210093783234917e-01
1.212414193174127658e-01
1.205646330851783965e-01
1.189210093783234917e-01
1.194044281156337872e-01
1.137000870153727361e-01
1.135067195204485929e-01
1.122498308034419190e-01
1.122498308034419190e-01
1.056753359760224109e-01
1.022914048148506200e-01
1.051919172387121848e-01
1.075123271778013895e-01
1.118630958135937714e-01
1.117664120661316929e-01
1.128299332882142930e-01
1.063521222082567802e-01
9.726384994682393814e-02
9.581359373489319042e-02
9.794063617905830743e-02
1.021947210673885553e-01
1.027748235521609155e-01
1.049018659963260325e-01
1.084791646524219111e-01
1.035482935318572939e-01
9.968094363337520747e-02
9.707048245189986435e-02
9.136614135163879935e-02
8.952915014985980691e-02
9.494344000773467795e-02
9.977762738083728600e-02
9.794063617905830743e-02
9.030262012955621309e-02
8.827226143285313298e-02
9.745721744174801193e-02
1.010345160978439460e-01
9.765058493667215511e-02
9.213961133133521941e-02
9.591027748235519956e-02
9.832737116890653828e-02
9.504012375519674261e-02
9.697379870443778582e-02
9.291308131103162560e-02
8.923909890747365459e-02
8.566180025137774823e-02
8.556511650391571133e-02
8.440491153437107430e-02
7.618679300009667532e-02
7.347964807115925367e-02
7.376969931354540599e-02
7.077250314222180427e-02
6.864546069805664563e-02
6.883882819298076106e-02
7.231944310161463052e-02
7.057913564729768885e-02
6.535821328434690547e-02
6.178091462825099911e-02
6.506816204196075315e-02
6.332785458764381148e-02
5.607657352798994105e-02
5.607657352798994105e-02
6.168423088078896221e-02
6.332785458764381148e-02
6.352122208256792690e-02
5.907376969931354277e-02
5.336942859905251940e-02
5.008218118534273067e-02
5.008218118534273067e-02
4.892197621579813527e-02
4.950207870057043297e-02
5.114570240742533080e-02
5.520641980083149103e-02
5.655999226530020185e-02
4.998549743788069377e-02
4.592478004447453355e-02
4.834187373102583757e-02
4.544136130716427274e-02
4.167069515614425790e-02
4.002707144928936700e-02
4.051049018659962780e-02
4.370105385284733801e-02
4.389442134777145343e-02
3.944696896451706930e-02
3.741661026781398225e-02
3.644977279319346064e-02
3.973702020690321468e-02
4.254084888330270792e-02
4.428115633761964265e-02
4.273421637822681640e-02
3.857681523735861928e-02
3.993038770182733010e-02
4.302426762061296872e-02
4.350768635792322953e-02
3.848013148989654769e-02
3.809339650004835848e-02
4.592478004447453355e-02
4.486125882239197504e-02
3.809339650004835848e-02
3.935028521705502547e-02
4.099390892390988861e-02
3.973702020690321468e-02
3.906023397466888009e-02
3.973702020690321468e-02
3.422604660156627204e-02
3.035869670308422030e-02
3.122885043024266685e-02
3.528956782364886524e-02
4.051049018659962780e-02
4.089722517644785171e-02
3.606303780334527836e-02
3.557961906603501756e-02
3.780334525766220616e-02
3.799671275258628689e-02
3.828676399497246696e-02
4.128396016629603399e-02
3.635308904573142375e-02
3.006864546069806798e-02
2.436430436043701339e-02
2.658803055206420546e-02
3.345257662186985892e-02
4.041380643913759091e-02
3.906023397466888009e-02
3.229237165232526352e-02
2.890844049115343442e-02
2.707144928937446626e-02
2.707144928937446626e-02
3.238905539978730042e-02
3.142221792516677881e-02
2.958522672338780718e-02
3.026201295562217994e-02
3.451609784395245212e-02
3.026201295562217994e-02
2.852170550130524868e-02
3.103548293531858959e-02
2.842502175384317362e-02
2.552450932998164695e-02
2.649134680460216856e-02
2.755486802668472707e-02
3.296915788455959812e-02
3.615972155080731526e-02
3.441941409649038053e-02
3.200232040993911120e-02
3.287247413709756122e-02
3.635308904573142375e-02
3.277579038963552432e-02
3.122885043024266685e-02
3.403267910664219131e-02
3.403267910664219131e-02
3.045538045054625720e-02
2.552450932998164695e-02
2.687808179445035431e-02
3.596635405588319984e-02
3.780334525766220616e-02
3.596635405588319984e-02
3.461278159141449595e-02
3.751329401527602608e-02
3.973702020690321468e-02
4.118727641883399709e-02
3.838344774243450386e-02
4.186406265106837332e-02
3.935028521705502547e-02
3.403267910664219131e-02
3.906023397466888009e-02
4.399110509523349033e-02
4.070385768152373629e-02
3.557961906603501756e-02
3.335589287440782202e-02
4.466789132746785962e-02
4.631151503432272276e-02
4.708498501401916364e-02
5.269264236681815011e-02
5.085565116503917849e-02
4.669825002417094667e-02
4.331431886299915573e-02
4.727835250894324437e-02
5.259595861935607852e-02
5.704341100261046266e-02
5.143575364981147618e-02
4.495794256985401194e-02
5.056559992265299147e-02
5.617325727545201264e-02
5.791356472976894737e-02
5.481968481098326712e-02
5.017886493280480920e-02
5.317606110412841092e-02
6.100744464855458599e-02
6.081407715363047750e-02
5.752682973992072346e-02
5.568983853814175183e-02
5.530310354829352792e-02
5.085565116503917849e-02
5.336942859905251940e-02
5.520641980083149103e-02
5.172580489219762850e-02
5.191917238712173699e-02
5.249927487189404163e-02
5.462631731605919333e-02
5.714009475007253425e-02
5.559315479067968024e-02
5.752682973992072346e-02
5.994392342647202748e-02
5.955718843662380357e-02
5.346611234651456324e-02
5.037223242772891768e-02
5.182248863965966540e-02
4.853524122594991136e-02
4.408778884269556192e-02
4.602146379193657044e-02
4.843855747848787446e-02
4.679493377163298357e-02
4.882529246833606368e-02
5.220922362950788931e-02
4.892197621579813527e-02
4.428115633761964265e-02
4.882529246833606368e-02
5.655999226530020185e-02
5.549647104321764335e-02
5.501305230590738254e-02
5.617325727545201264e-02
5.588320603306586726e-02
5.655999226530020185e-02
5.414289857874893253e-02
5.636662477037608643e-02
6.216764961809922302e-02
5.984723967900995589e-02
5.452963356859712174e-02
5.394953108382482404e-02
6.226433336556125991e-02
6.400464081987819465e-02
6.149086338586484679e-02
6.284443585033355761e-02
6.042734216378228829e-02
5.675335976022431034e-02
6.371458957749204233e-02
6.458474330465048541e-02
5.452963356859712174e-02
5.075896741757710690e-02
5.636662477037608643e-02
5.897708595185150587e-02
5.423958232621096942e-02
5.597988978052790415e-02
6.477811079957460083e-02
6.303780334525767304e-02
5.897708595185150587e-02
5.259595861935607852e-02
4.998549743788069377e-02
5.162912114473559161e-02
4.979212994295658529e-02
5.153243739727352002e-02
5.830029971961713658e-02
5.723677849753457114e-02
5.597988978052790415e-02
5.830029971961713658e-02
6.303780334525767304e-02
6.013729092139610127e-02
5.646330851783816496e-02
5.462631731605919333e-02
5.220922362950788931e-02
5.008218118534273067e-02
5.530310354829352792e-02
6.042734216378228829e-02
5.307937735666633933e-02
5.182248863965966540e-02
5.443294982113508484e-02
5.568983853814175183e-02
5.288600986174225860e-02
4.737503625640531596e-02
4.592478004447453355e-02
4.312095136807504031e-02
4.766508749879146828e-02
4.959876244803251150e-02
4.872860872087402678e-02
5.056559992265299147e-02
5.336942859905251940e-02
5.066228367011507000e-02
5.249927487189404163e-02
5.694672725514842576e-02
5.375616358890070862e-02
5.385284733636274551e-02
5.037223242772891768e-02
5.346611234651456324e-02
5.278932611428018701e-02
5.114570240742533080e-02
5.027554868026684609e-02
4.611814753939864203e-02
4.921202745818428759e-02
4.979212994295658529e-02
4.882529246833606368e-02
4.621483128686068587e-02
4.805182248863965055e-02
4.882529246833606368e-02
4.969544619549454839e-02
5.559315479067968024e-02
5.665667601276227344e-02
5.230590737696992620e-02
4.853524122594991136e-02
4.602146379193657044e-02
3.915691772213091698e-02
3.519288407618679365e-02
4.051049018659962780e-02
4.215411389345451870e-02
3.877018273228269307e-02
4.109059267137196020e-02
4.283090012568889493e-02
4.263753263076477951e-02
4.147732766122014941e-02
3.780334525766220616e-02
4.041380643913759091e-02
4.863192497341198989e-02
5.298269360920430243e-02
5.037223242772891768e-02
4.457120758000582272e-02
3.838344774243450386e-02
3.354926036933193051e-02
2.919849173353958674e-02
2.610461181475394465e-02
2.697476554191242937e-02
3.403267910664219131e-02
3.896355022720680850e-02
3.258242289471140890e-02
2.707144928937446626e-02
2.948854297592577028e-02
3.074543169293244074e-02
2.668471429952624235e-02
1.566276708885238830e-02
1.121531470559800243e-02
1.556608334139031498e-02
1.933674949241032809e-02
1.701633955332109566e-02
1.392245963453545531e-02
1.643623706854879796e-02
1.875664700763803039e-02
2.165715943149955705e-02
1.537271584646620302e-02
1.111863095813592911e-02
1.256888717006671152e-02
2.011021947210673774e-02
2.136710818911340820e-02
1.575945083631442520e-02
1.324567340230108428e-02
1.633955332108672637e-02
2.011021947210673774e-02
1.865996326017595533e-02
2.185052692642366901e-02
2.446098810789908498e-02
1.682297205839698717e-02
1.044184472590159278e-02
1.459924586676979337e-02
1.943343323987240315e-02
2.359083438074060374e-02
2.088368945180314740e-02
1.759644203809339683e-02
1.875664700763803039e-02
1.411582712945953257e-02
1.314898965483904565e-02
1.749975829063135646e-02
2.243062941119597017e-02
2.098037319926522246e-02
1.778980953301750878e-02
1.633955332108672637e-02
1.740307454316928487e-02
1.401914338199749394e-02
7.831383544426176804e-03
1.198878468529441209e-02
1.208546843275645072e-02
9.088272261432847263e-03
9.668374746205181391e-03
8.604853524122586458e-03
2.417093686551304455e-03
2.610461181475415976e-03
2.513777434013342218e-03
1.643623706854894151e-03
3.093879918785676780e-03
1.082857971574977853e-02
1.459924586676979337e-02
4.640819878178496956e-03
5.801024847723344540e-04
5.027554868026684436e-03
1.015179348351544220e-02
1.015179348351544220e-02
5.994392342647206044e-03
1.450256211930782630e-03
0.000000000000000000e+00
4.737503625640535586e-03
6.284443585033355761e-03
4.254084888330273914e-03
1.836991201779005671e-03
4.447452383254385869e-03
8.991588513970808633e-03
6.381127332495429086e-03
3.867349898482229874e-04
4.834187373102608585e-04
6.671178574881578803e-03
9.668374746205181391e-03
1.189210093783237519e-02
1.169873344290826324e-02
1.092526346321185358e-02
1.247220342260467289e-02
7.251281059653877370e-03
9.184956008894920587e-03
9.668374746205181391e-03
3.673982403557975347e-03
2.803828676399491501e-03
1.537271584646620302e-02
2.475103935028523383e-02
2.281736440104419061e-02
1.933674949241032809e-02
1.885333075510006728e-02
1.827322827032776958e-02
1.421251087692160589e-02
1.305230590737697233e-02
1.247220342260467289e-02
1.353572464468723313e-02
1.237551967514259957e-02
1.044184472590159278e-02
6.961229817267727653e-03
1.276225466499082348e-02
1.885333075510006728e-02
1.827322827032776958e-02
1.701633955332109566e-02
1.895001450256214234e-02
1.924006574494829119e-02
1.353572464468723313e-02
9.184956008894920587e-03
1.034516097843951772e-02
2.001353572464470085e-02
1.972348448225855200e-02
1.247220342260467289e-02
1.092526346321185358e-02
1.256888717006671152e-02
1.856327951271391843e-02
2.223726191627189291e-02
1.720970704824520761e-02
1.256888717006671152e-02
1.566276708885238830e-02
1.846659576525187807e-02
1.865996326017595533e-02
2.252731315865804176e-02
2.610461181475394465e-02
2.127042444165137131e-02
1.856327951271391843e-02
2.233394566373392981e-02
2.272068065358215372e-02
2.136710818911340820e-02
2.156047568403752016e-02
1.962680073479647694e-02
1.479261336169390359e-02
1.343904089722519450e-02
1.102194721067389048e-02
8.024751039350287024e-03
8.991588513970808633e-03
1.305230590737697233e-02
1.005510973605336887e-02
5.124238615488757760e-03
3.190563666247714543e-03
5.510973605336945240e-03
6.864546069805689890e-03
7.831383544426176804e-03
1.160204969544618991e-02
1.595281833123853715e-02
1.546939959392827635e-02
1.237551967514259957e-02
1.053852847336362968e-02
1.208546843275645072e-02
1.082857971574977853e-02
9.184956008894920587e-03
1.537271584646620302e-02
2.436430436043701339e-02
2.562119307744368385e-02
2.107705694672725935e-02
2.214057816880982132e-02
2.745818427922265201e-02
3.132553417770474191e-02
3.200232040993911120e-02
2.426762061297497303e-02
2.098037319926522246e-02
2.629797930967805661e-02
2.861838924876728557e-02
2.446098810789908498e-02
1.517934835154212750e-02
1.440587837184571784e-02
1.759644203809339683e-02
1.962680073479647694e-02
2.146379193657548326e-02
2.059363820941699855e-02
1.904669825002417924e-02
2.088368945180314740e-02
2.620129556221598155e-02
2.571787682490575891e-02
2.533114183505753500e-02
2.562119307744368385e-02
3.026201295562217994e-02
3.171226916755293113e-02
2.716813303683650316e-02
2.407425311805086454e-02
3.074543169293244074e-02
3.509620032872475676e-02
3.770666151020013457e-02
3.422604660156627204e-02
2.678139804698831741e-02
2.591124431982983270e-02
2.243062941119597017e-02
2.098037319926522246e-02
2.098037319926522246e-02
1.982016822972058889e-02
2.040027071449288659e-02
2.426762061297497303e-02
2.977859421831191913e-02
2.861838924876728557e-02
2.852170550130524868e-02
2.997196171323599639e-02
2.784491926907087592e-02
2.929517548100165833e-02
2.745818427922265201e-02
2.330078313835445142e-02
2.330078313835445142e-02
2.349415063327856337e-02
2.320409939089241452e-02
2.223726191627189291e-02
2.968191047084984754e-02
3.374262786425601124e-02
3.644977279319346064e-02
3.828676399497246696e-02
3.964033645944117779e-02
3.944696896451706930e-02
3.828676399497246696e-02
4.031712269167554707e-02
4.321763511553707721e-02
4.476457507492990345e-02
4.234748138837863413e-02
3.770666151020013457e-02
3.267910664217345273e-02
3.451609784395245212e-02
4.234748138837863413e-02
4.370105385284733801e-02
4.147732766122014941e-02
4.457120758000582272e-02
4.611814753939864203e-02
4.350768635792322953e-02
4.679493377163298357e-02
5.404621483128686094e-02
5.994392342647202748e-02
5.704341100261046266e-02
5.462631731605919333e-02
5.423958232621096942e-02
5.404621483128686094e-02
5.365947984143867172e-02
5.037223242772891768e-02
4.689161751909505516e-02
4.998549743788069377e-02
5.085565116503917849e-02
4.930871120564632448e-02
5.066228367011507000e-02
5.162912114473559161e-02
4.631151503432272276e-02
4.321763511553707721e-02
4.060717393406169939e-02
4.408778884269556192e-02
4.408778884269556192e-02
3.770666151020013457e-02
3.122885043024266685e-02
