0.000000000000000000e+00
8.255098737455449781e-03
1.311103917125280849e-02
1.197798640336677697e-02
8.578828099708642532e-03
7.607640012949146678e-03
9.711880867594674047e-03
1.230171576561992809e-02
1.861443832955646943e-02
2.039494982194884481e-02
1.537714470702490968e-02
1.197798640336677697e-02
2.104240854645514705e-02
2.978310132729036427e-02
2.978310132729036427e-02
2.800258983489798889e-02
3.140174813855616670e-02
2.622207834250565514e-02
2.719326642926511023e-02
2.994496600841694070e-02
2.525089025574616189e-02
2.735513111039168666e-02
3.480090644221429941e-02
3.237293622531561832e-02
2.622207834250565514e-02
2.800258983489798889e-02
3.302039494982192402e-02
3.577209452897375103e-02
3.593395921010032745e-02
3.366785367432822973e-02
3.059242473292324641e-02
2.751699579151826308e-02
2.492716089349300904e-02
1.958562641631592452e-02
1.893816769180961881e-02
2.865004855940433623e-02
3.107801877630297221e-02
3.188734218193588904e-02
2.654580770475880799e-02
1.942376173518934809e-02
2.023308514082226839e-02
2.654580770475880799e-02
2.508902557461958546e-02
2.023308514082226839e-02
2.525089025574616189e-02
2.978310132729036427e-02
3.107801877630297221e-02
2.606021366137907871e-02
2.573648429912592933e-02
2.767886047264483951e-02
3.253480090644219475e-02
3.318225963094850045e-02
2.945937196503721489e-02
3.350598899320165330e-02
4.532211071544185038e-02
5.114923923599866418e-02
4.386532858530266948e-02
4.143735836840398840e-02
4.273227581741664144e-02
3.917125283263189067e-02
3.836192942699900854e-02
4.435092262868239876e-02
5.114923923599866418e-02
5.050178051149235847e-02
4.726448688896080219e-02
5.001618646811263613e-02
4.985432178698605971e-02
5.066364519261893490e-02
5.098737455487208775e-02
5.163483327937843509e-02
5.325348009064419241e-02
4.969245710585948328e-02
5.114923923599866418e-02
5.212042732275815743e-02
5.228229200388473386e-02
4.953059242473290685e-02
5.017805114923921256e-02
5.114923923599866418e-02
5.357720945289734527e-02
5.908060861120100621e-02
6.426027840725151430e-02
6.506960181288438949e-02
6.377468436387177808e-02
6.701197798640334824e-02
6.846876011654257077e-02
6.636451926189704253e-02
6.086112010359338159e-02
5.794755584331497122e-02
5.956620265458072855e-02
6.393654904499836145e-02
6.539333117513754234e-02
6.814503075428937628e-02
6.652638394302361202e-02
5.616704435092259584e-02
5.697636775655551961e-02
6.587892521851730632e-02
7.413402395597280814e-02
7.348656523146646080e-02
7.008740692780832116e-02
6.911621884104887648e-02
6.652638394302361202e-02
5.794755584331497122e-02
6.086112010359338159e-02
6.765943671090964007e-02
6.458400776950466715e-02
5.859501456782127693e-02
5.713823243768209603e-02
5.859501456782127693e-02
6.409841372612493093e-02
6.361281968274520859e-02
5.600517966979601941e-02
5.244415668501131028e-02
4.936872774360633043e-02
5.066364519261893490e-02
5.341534477177076884e-02
5.503399158303656780e-02
5.778569116218839480e-02
5.632890903204917227e-02
5.908060861120100621e-02
6.231790223373256249e-02
6.280349627711233340e-02
6.393654904499836145e-02
6.620265458077045917e-02
7.008740692780832116e-02
7.575267076723855852e-02
8.141793460666879589e-02
8.497895759145350503e-02
7.866623502751696195e-02
6.976367756555516830e-02
6.895435415992229311e-02
7.461961799935253048e-02
7.931369375202326766e-02
7.186791842020069654e-02
6.879248947879572362e-02
7.186791842020069654e-02
7.834250566526382298e-02
7.737131757850436442e-02
8.400776950469404647e-02
8.870184525736483916e-02
8.028488183878276785e-02
7.413402395597280814e-02
7.526707672385883618e-02
7.882809970864354532e-02
7.316283586921330795e-02
7.041113629006147401e-02
7.526707672385883618e-02
7.656199417287144759e-02
7.801877630301067013e-02
8.093234056328907355e-02
8.465522822920035217e-02
8.724506312722561663e-02
8.659760440271931092e-02
8.951116866299771435e-02
8.578828099708642185e-02
8.174166396892194875e-02
8.028488183878276785e-02
8.141793460666879589e-02
8.384590482356747698e-02
8.546455163483328288e-02
8.530268695370665788e-02
8.675946908384588041e-02
8.675946908384588041e-02
8.611201035933957471e-02
8.692133376497246378e-02
8.740692780835218612e-02
8.125606992554222641e-02
8.319844609906117128e-02
8.481709291032693554e-02
7.915182907089669817e-02
7.122045969569439083e-02
6.830689543541598741e-02
6.523146649401097286e-02
6.490773713175782000e-02
6.215603755260598606e-02
5.988993201683392303e-02
5.972806733570730497e-02
6.539333117513754234e-02
6.782130139203622343e-02
6.409841372612493093e-02
6.814503075428937628e-02
7.219164778245384939e-02
6.587892521851730632e-02
6.490773713175782000e-02
7.073486565231462686e-02
6.798316607316279292e-02
7.445775331822596099e-02
8.077047588216249019e-02
8.157979928779537926e-02
7.202978310132727990e-02
6.685011330527676487e-02
6.863062479766914026e-02
7.834250566526382298e-02
8.141793460666879589e-02
7.186791842020069654e-02
6.555519585626415346e-02
6.523146649401097286e-02
6.377468436387177808e-02
5.730009711880867246e-02
5.438653285853026209e-02
5.487212690190999137e-02
4.467465199093555162e-02
4.402719326642924591e-02
5.082550987374551132e-02
5.082550987374551132e-02
4.758821625121395504e-02
4.920686306247975400e-02
4.985432178698605971e-02
5.357720945289734527e-02
4.758821625121395504e-02
4.499838135318869753e-02
4.985432178698605971e-02
5.519585626416314422e-02
5.665263839430232512e-02
5.050178051149235847e-02
4.257041113629002338e-02
4.516024603431527396e-02
4.677889284558107291e-02
4.823567497572026075e-02
4.483651667206212110e-02
4.030430560051796035e-02
4.208481709291029410e-02
4.418905794755582234e-02
4.337973454192294021e-02
4.677889284558107291e-02
4.386532858530266948e-02
3.852379410812558497e-02
3.318225963094850045e-02
3.787633538361927926e-02
4.289414049854321093e-02
3.544836516672060511e-02
3.415344771770799370e-02
4.062803496277111320e-02
4.321786986079636378e-02
3.900938815150531425e-02
3.350598899320165330e-02
2.800258983489798889e-02
3.318225963094850045e-02
4.791194561346710790e-02
5.098737455487208775e-02
4.370346390417609306e-02
3.706701197798640407e-02
3.868565878925216139e-02
4.483651667206212110e-02
4.807381029459368432e-02
5.147296859825185866e-02
4.904499838135317757e-02
4.467465199093555162e-02
4.386532858530266948e-02
4.823567497572026075e-02
4.726448688896080219e-02
4.694075752670764934e-02
5.292975072839103956e-02
5.778569116218839480e-02
5.260602136613788671e-02
4.758821625121395504e-02
4.969245710585948328e-02
4.791194561346710790e-02
4.661702816445449649e-02
4.418905794755582234e-02
4.337973454192294021e-02
3.900938815150531425e-02
3.512463580446745226e-02
3.544836516672060511e-02
3.771447070249270284e-02
3.366785367432822973e-02
3.577209452897375103e-02
2.929750728391063846e-02
2.751699579151826308e-02
3.253480090644219475e-02
3.625768857235348031e-02
2.994496600841694070e-02
2.249919067659433142e-02
2.039494982194884481e-02
2.767886047264483951e-02
3.593395921010032745e-02
4.758821625121395504e-02
4.758821625121395504e-02
3.609582389122690388e-02
2.152800258983487633e-02
2.557461961799935291e-02
3.237293622531561832e-02
3.544836516672060511e-02
3.172547750080931955e-02
2.541275493687273485e-02
2.865004855940433623e-02
3.625768857235348031e-02
3.739074134023954998e-02
3.075428941404981936e-02
3.140174813855616670e-02
3.577209452897375103e-02
4.046617028164453678e-02
3.334412431207507688e-02
3.415344771770799370e-02
4.305600517966978735e-02
4.467465199093555162e-02
3.965684687601161301e-02
3.577209452897375103e-02
3.625768857235348031e-02
3.350598899320165330e-02
3.140174813855616670e-02
3.010683068954351713e-02
3.480090644221429941e-02
4.354159922304951663e-02
4.014244091939138392e-02
3.658141793460663316e-02
4.192295241178371767e-02
4.046617028164453678e-02
3.706701197798640407e-02
3.868565878925216139e-02
3.981871155713823107e-02
3.463904176108772298e-02
2.962123664616379132e-02
2.800258983489798889e-02
2.962123664616379132e-02
3.771447070249270284e-02
4.208481709291029410e-02
3.884752347037873782e-02
3.302039494982192402e-02
2.735513111039168666e-02
1.780511492392358730e-02
1.861443832955646943e-02
2.784072515377141593e-02
3.431531239883457013e-02
3.528650048559402869e-02
3.172547750080931955e-02
2.557461961799935291e-02
2.347037876335382467e-02
2.282292003884752243e-02
3.302039494982192402e-02
4.564584007769504487e-02
4.742635157008737862e-02
4.888313370022660115e-02
5.406280349627710924e-02
5.406280349627710924e-02
4.176108773065714125e-02
3.561022984784717460e-02
4.418905794755582234e-02
5.033991583036578205e-02
4.564584007769504487e-02
4.661702816445449649e-02
5.390093881515049812e-02
5.584331498866944299e-02
5.471026222078341494e-02
5.179669796050501152e-02
5.535772094528972065e-02
5.551958562641629708e-02
5.179669796050501152e-02
5.730009711880867246e-02
6.199417287147940964e-02
6.102298478471995802e-02
6.167044350922625678e-02
5.956620265458072855e-02
5.519585626416314422e-02
5.600517966979601941e-02
5.891874393007442978e-02
5.827128520556812408e-02
5.891874393007442978e-02
6.377468436387177808e-02
6.134671414697310393e-02
6.296536095823890289e-02
7.057300097118805737e-02
7.251537714470700224e-02
6.911621884104887648e-02
6.701197798640334824e-02
6.506960181288438949e-02
6.960181288442859882e-02
7.332470055033987744e-02
7.348656523146646080e-02
7.251537714470700224e-02
7.963742311427642051e-02
8.497895759145350503e-02
7.979928779540304551e-02
7.041113629006147401e-02
7.364842991259303029e-02
8.125606992554222641e-02
8.481709291032693554e-02
8.514082227258008839e-02
8.433149886694719932e-02
9.323405632890899297e-02
9.485270314017479887e-02
8.465522822920035217e-02
7.866623502751696195e-02
8.368404014244090749e-02
8.465522822920035217e-02
7.753318225963093391e-02
7.170605373907412705e-02
8.044674651990933734e-02
8.821625121398506131e-02
9.096795079313689525e-02
9.145354483651665922e-02
9.129168015539008973e-02
1.006798316607315641e-01
1.107154418905794413e-01
1.181612172224020124e-01
1.244739397863386249e-01
1.251213985108449445e-01
1.252832631919715001e-01
1.309485270314017513e-01
1.393654904499837810e-01
1.359663321463256691e-01
1.338620912916801131e-01
1.403366785367432257e-01
1.408222725801229480e-01
1.333764972483003908e-01
1.356426027840725301e-01
1.390417610877306143e-01
1.367756555519585582e-01
1.309485270314017513e-01
1.249595338297183611e-01
1.163807057300096787e-01
1.065069601812883848e-01
1.082874716736808018e-01
1.213985108449336103e-01
1.324053091615409183e-01
1.328909032049206684e-01
1.312722563936548903e-01
1.361281968274522525e-01
1.422790547102622261e-01
1.440595662026545598e-01
1.430883781158950874e-01
1.448688896082874211e-01
1.560375526060213403e-01
1.626740045322110084e-01
1.634833279378438975e-01
1.570087406927807849e-01
1.471349951440595882e-01
1.481061832308190329e-01
1.505341534477176724e-01
1.434121074781482541e-01
1.422790547102622261e-01
1.550663645192618678e-01
1.602460343153123690e-01
1.659112981547426202e-01
1.728714794431854551e-01
1.761087730657170669e-01
1.730333441243120385e-01
1.775655551958562339e-01
1.790223373259954287e-01
1.835545483975396241e-01
1.804791194561345957e-01
1.817740369051472904e-01
1.858206539333117080e-01
1.885723535124635697e-01
1.877630301068306806e-01
1.856587892521851246e-01
1.999028811913240444e-01
2.075105212042731850e-01
2.028164454516024062e-01
1.943994820330203765e-01
1.914859177727419315e-01
1.939138879896406542e-01
1.958562641631595713e-01
2.028164454516024062e-01
2.055681450307542679e-01
2.068630624797668793e-01
2.092910326966655188e-01
2.049206863062479622e-01
1.963418582065392937e-01
1.888960828747167087e-01
1.853350598899319579e-01
1.819359015862738738e-01
1.903528650048559034e-01
2.011977986403366558e-01
2.101003561022984911e-01
2.122045969569439638e-01
2.112334088701845192e-01
2.086435739721592131e-01
2.013596633214632114e-01
1.968274522499190160e-01
1.943994820330203765e-01
1.961799935254127103e-01
1.995791518290708777e-01
2.003884752347037668e-01
2.008740692780834891e-01
2.013596633214632114e-01
2.026545807704758229e-01
2.073486565231466017e-01
2.109096795079313524e-01
2.123664616380705472e-01
2.123664616380705472e-01
2.076723858853997684e-01
2.086435739721592131e-01
2.065393331175137404e-01
2.016833926837163782e-01
1.977986403366784607e-01
2.026545807704758229e-01
2.078342505665263240e-01
2.084817092910326297e-01
2.112334088701845192e-01
2.181935901586273541e-01
2.235351246358044386e-01
2.245063127225638833e-01
2.267724182583360504e-01
2.199741016510196878e-01
2.104240854645516301e-01
2.110715441890579358e-01
2.149562965360957700e-01
2.190029135642602431e-01
2.160893493039818813e-01
2.162512139851084370e-01
2.159274846228552980e-01
2.120427322758173805e-01
2.133376497248299919e-01
2.207834250566525769e-01
2.269342829394626060e-01
2.269342829394626060e-01
2.311427646487535792e-01
2.395597280673356921e-01
2.450631272256393600e-01
2.416639689219811926e-01
2.363224344448041081e-01
2.337325995467788853e-01
2.343800582712851910e-01
2.311427646487535792e-01
2.230495305924247162e-01
2.191647782453867987e-01
2.185173195208804930e-01
2.177079961152476317e-01
2.094528973777921022e-01
2.000647458724506278e-01
1.979605050178050440e-01
2.052444156685011289e-01
2.062156037552605736e-01
2.097766267400453244e-01
2.170605373907413260e-01
2.235351246358044386e-01
2.285529297507283841e-01
2.309808999676270236e-01
2.296859825186144122e-01
2.232113952735512996e-01
2.128520556814502696e-01
2.118808675946908249e-01
2.190029135642602431e-01
2.193266429265133821e-01
2.156037552606021312e-01
2.149562965360957700e-01
2.177079961152476317e-01
2.249919067659436334e-01
2.261249595338296614e-01
2.259630948527030780e-01
2.308190352865004402e-01
2.381029459371965251e-01
2.385885399805762475e-01
2.385885399805762475e-01
2.348656523146649133e-01
2.306571706053738569e-01
2.325995467788928572e-01
2.314664940110067459e-01
2.241825833603107443e-01
2.207834250566525769e-01
2.245063127225638833e-01
2.270961476205891894e-01
2.211071544189057991e-01
2.170605373907413260e-01
2.199741016510196878e-01
2.220783425056652438e-01
2.167368080284881593e-01
2.113952735513110748e-01
2.143088378115894643e-01
2.130139203625768529e-01
2.076723858853997684e-01
2.034639041761087119e-01
1.966655875687924326e-01
1.843638718031725132e-01
1.790223373259954287e-01
1.872774360634509583e-01
1.877630301068306806e-01
1.816121722240207348e-01
1.832308190352864852e-01
1.866299773389445693e-01
1.901910003237293201e-01
1.913240530916153481e-01
1.892198122369698754e-01
1.888960828747167087e-01
1.829070896730333184e-01
1.861443832955648470e-01
1.853350598899319579e-01
1.871155713823243749e-01
1.911621884104887925e-01
1.872774360634509583e-01
1.765943671090967892e-01
1.738426675299449276e-01
1.793460666882485677e-01
1.888960828747167087e-01
1.838782777597927909e-01
1.798316607316283178e-01
1.854969245710585413e-01
1.850113305276788189e-01
1.798316607316283178e-01
1.770799611524765116e-01
1.752994496600841778e-01
1.689867270961475654e-01
1.568468760116542016e-01
1.540951764325024231e-01
1.573324700550339239e-01
1.561994172871478959e-01
1.563612819682744792e-01
1.621884104888312861e-01
1.602460343153123690e-01
1.644545160246034254e-01
1.696341858206539543e-01
1.727096147620588995e-01
1.615409517643249804e-01
1.536095823891227008e-01
1.495629653609581999e-01
1.521528002589834228e-01
1.413078666235027536e-01
1.335383619294269464e-01
1.309485270314017513e-01
1.262544512787309725e-01
1.175137584978957067e-01
1.162188410488830953e-01
1.223696989316930550e-01
1.269019100032372782e-01
1.183230819035286652e-01
1.103917125283262884e-01
1.082874716736808018e-01
1.089349303981871075e-01
1.090967950793136770e-01
1.074781482680479128e-01
1.110391712528325942e-01
1.126578180640984278e-01
1.108773065717060108e-01
1.110391712528325942e-01
1.160569763677565258e-01
1.196179993525412766e-01
1.183230819035286652e-01
1.097442538038199827e-01
9.922304953059238319e-02
1.016510197474911059e-01
1.061832308190352320e-01
1.060213661379086486e-01
1.065069601812883848e-01
1.039171252832631620e-01
9.792813208157978566e-02
9.064422143088374240e-02
8.692133376497246378e-02
8.400776950469404647e-02
8.222725801230167109e-02
7.575267076723855852e-02
7.089673033344121023e-02
7.105859501456777971e-02
6.717384266752991773e-02
6.879248947879572362e-02
6.992554224668175167e-02
7.202978310132727990e-02
7.202978310132727990e-02
7.963742311427642051e-02
8.222725801230167109e-02
7.947555843314985102e-02
7.559080608611198904e-02
7.057300097118805737e-02
7.170605373907412705e-02
7.834250566526382298e-02
7.979928779540304551e-02
7.996115247652961500e-02
7.834250566526382298e-02
7.979928779540304551e-02
8.157979928779537926e-02
7.672385885399801708e-02
7.154418905794754369e-02
7.688572353512462820e-02
8.077047588216249019e-02
8.077047588216249019e-02
7.801877630301067013e-02
7.526707672385883618e-02
7.008740692780832116e-02
7.332470055033987744e-02
7.478148268047909997e-02
7.122045969569439083e-02
6.571706053739073683e-02
6.571706053739073683e-02
7.122045969569439083e-02
7.866623502751696195e-02
7.510521204273225282e-02
7.186791842020069654e-02
7.461961799935253048e-02
7.979928779540304551e-02
8.093234056328907355e-02
7.478148268047909997e-02
7.122045969569439083e-02
7.105859501456777971e-02
6.879248947879572362e-02
6.685011330527676487e-02
7.348656523146646080e-02
8.012301715765618448e-02
7.963742311427642051e-02
8.319844609906117128e-02
8.902557461961799201e-02
8.595014567821300522e-02
8.077047588216249019e-02
8.174166396892194875e-02
9.145354483651665922e-02
9.873745548721266085e-02
1.011654257041113836e-01
1.018128844286176754e-01
1.078018776303010656e-01
1.152476529621236367e-01
1.210747814826804575e-01
1.233408870184525136e-01
1.223696989316930550e-01
1.171900291356425539e-01
1.134671414697313030e-01
1.197798640336678461e-01
1.230171576561993607e-01
1.142764648753641921e-01
1.071544189057947738e-01
1.139527355131110392e-01
1.272256393654904172e-01
1.294917449012624733e-01
1.320815797992877794e-01
1.382324376820977530e-01
1.416315959857559204e-01
1.464875364195531993e-01
1.442214308837811154e-01
1.421171900291356427e-01
1.438977015215279764e-01
1.510197474910973947e-01
1.544189057947555621e-01
1.608934930398186747e-01
1.748138556167043722e-01
1.833926837164130685e-01
1.811265781806409847e-01
1.845257364842990966e-01
1.921333764972482372e-01
1.926189705406280428e-01
1.825833603107801795e-01
1.830689543541599018e-01
1.885723535124635697e-01
1.864681126578179859e-01
1.861443832955648470e-01
1.837164130786662075e-01
1.887342181935901531e-01
1.905147296859824868e-01
1.911621884104887925e-01
1.950469407575266823e-01
2.036257688572352953e-01
2.110715441890579358e-01
2.149562965360957700e-01
2.228876659112981329e-01
2.332470055033991629e-01
2.445775331822596377e-01
2.531563612819682230e-01
2.513758497895758892e-01
2.529944966008416674e-01
2.565555195856263904e-01
2.630301068306895029e-01
2.665911298154742815e-01
2.686953706701197819e-01
2.688572353512463375e-01
2.698284234380057822e-01
2.813208157979928403e-01
2.881191324053091196e-01
2.918420200712204537e-01
2.947555843314987878e-01
2.976691485917772328e-01
3.023632243444480117e-01
3.080284881838782352e-01
3.203302039494981823e-01
3.332793784396244074e-01
3.462285529297506326e-01
3.557785691162188013e-01
3.559404337973453569e-01
3.583684040142440796e-01
3.651667206215603589e-01
3.737455487212689720e-01
3.756879248947879724e-01
3.711557138232437492e-01
3.693752023308514154e-01
3.779540304305600285e-01
3.889608287471673087e-01
3.931693104564583652e-01
3.954354159922304213e-01
3.991583036581417554e-01
4.007769504694075335e-01
3.991583036581417554e-01
4.043379734541922566e-01
4.168015539009387593e-01
4.184202007122045375e-01
4.164778245386856481e-01
4.161540951764324814e-01
4.184202007122045375e-01
4.263515700874069281e-01
4.444804143735836544e-01
4.592101003561022132e-01
4.632567173842667141e-01
4.640660407898996032e-01
4.700550339915830489e-01
4.736160569763677164e-01
4.779864033667852730e-01
4.797669148591776067e-01
4.817092910326966626e-01
4.885076076400128864e-01
4.964389770152152770e-01
4.927160893493039984e-01
4.836516672062156075e-01
4.838135318873421631e-01
4.823567497572029961e-01
4.794431854969244400e-01
4.779864033667852730e-01
4.800906442214307734e-01
4.859177727419876636e-01
4.854321786986079412e-01
4.932016833926837207e-01
5.077695046940756685e-01
5.101974749109743357e-01
5.101974749109743357e-01
5.160246034315312258e-01
5.273551311103916728e-01
5.352865004855938968e-01
5.343153123988344522e-01
5.348009064422142300e-01
5.403043056005180089e-01
5.509873745548721224e-01
5.574619617999351240e-01
5.621560375526060138e-01
5.665263839430235704e-01
5.715441890579474604e-01
5.712204596956942382e-01
5.726772418258335717e-01
5.751052120427322389e-01
5.827128520556813518e-01
5.917772741987696872e-01
6.074781482680479128e-01
6.084493363548073575e-01
6.069925542246682459e-01
6.032696665587568008e-01
6.112010359339591359e-01
6.167044350922626927e-01
6.141146001942375809e-01
6.115247652962123581e-01
6.133052767886046919e-01
6.201035933959210267e-01
6.225315636128195829e-01
6.243120751052119166e-01
6.311103917125283624e-01
6.437358368404013653e-01
6.469731304629329216e-01
6.468112657818063660e-01
6.484299125930721441e-01
6.531239883457429229e-01
6.523146649401100339e-01
6.513434768533504782e-01
6.599223049530591467e-01
6.697960505017804822e-01
6.709291032696664825e-01
6.673680802848818150e-01
6.668824862415020371e-01
6.644545160246034810e-01
6.631595985755908140e-01
6.654257041113629256e-01
6.683392683716412597e-01
6.754613143412107057e-01
6.845257364842990411e-01
6.919715118161217093e-01
6.974749109744253772e-01
6.950469407575265990e-01
6.922952411783748206e-01
6.919715118161217093e-01
6.919715118161217093e-01
6.906765943671090424e-01
6.932664292651342652e-01
6.971511816121720440e-01
7.031401748138556007e-01
7.063774684363870460e-01
7.180317254775007152e-01
7.236969893169310497e-01
7.191647782453867155e-01
7.207834250566526046e-01
7.301715765619940512e-01
7.347037876335382744e-01
7.398834574295887201e-01
7.494334736160569443e-01
7.602784072515376135e-01
7.599546778892843912e-01
7.550987374554871678e-01
7.606021366137907247e-01
7.675623179022338372e-01
7.717707996115247271e-01
7.657818064098411703e-01
7.711233408870185047e-01
7.801877630301067290e-01
7.852055681450306190e-01
7.869860796374229528e-01
7.894140498543218420e-01
7.923276141146002871e-01
7.965360958238911770e-01
8.034962771123339564e-01
8.083522175461312909e-01
8.054386532858528458e-01
8.013920362576885115e-01
8.099708643573969580e-01
8.167691809647135148e-01
8.204920686306247379e-01
8.213013920362576270e-01
8.227581741663968495e-01
8.258336031078017392e-01
8.250242797021688501e-01
8.240530916154094054e-01
8.251861443832955167e-01
8.240530916154094054e-01
8.203302039494981823e-01
8.167691809647135148e-01
8.179022337325995151e-01
8.200064745872450711e-01
8.225963094852702939e-01
8.266429265134346283e-01
8.323081903528648517e-01
8.423438005827128539e-01
8.512463580446745226e-01
8.580446746519909684e-01
8.641955325348008587e-01
8.622531563612819694e-01
8.595014567821301910e-01
8.538361929426997454e-01
8.493039818711556332e-01
8.476853350598898551e-01
8.501133052767885223e-01
8.561022984784717460e-01
8.561022984784717460e-01
8.569116218841046351e-01
8.637099384914211919e-01
8.698607963742310822e-01
8.714794431854968604e-01
8.696989316931045266e-01
8.776303010683067507e-01
8.913887989640659759e-01
8.994820330203947556e-01
9.004532211071542003e-01
9.054710262220784234e-01
9.100032372936225356e-01
9.075752670767238683e-01
9.049854321786986455e-01
9.109744253803819802e-01
9.127549368727743140e-01
9.135642602784072031e-01
9.145354483651666477e-01
9.185820653933310931e-01
9.261897054062804280e-01
9.292651343476853176e-01
9.323405632890903183e-01
9.412431207510519870e-01
9.478795726772415442e-01
9.414049854321785427e-01
9.344448041437357633e-01
9.307219164778245402e-01
9.310456458400776514e-01
9.297507283910650955e-01
9.289414049854322064e-01
9.334736160569763186e-01
9.368727743606344305e-01
9.354159922304952079e-01
9.312075105212043180e-01
9.291032696665587620e-01
9.321786986079637627e-01
9.341210747814826520e-01
9.334736160569763186e-01
9.350922628682420967e-01
9.384914211719002086e-01
9.384914211719002086e-01
9.420524441566848761e-01
9.491744901262545442e-01
9.509550016186468779e-01
9.456134671414695436e-01
9.375202330851407639e-01
9.425380382000645429e-01
9.498219488507608776e-01
9.494982194885076554e-01
9.448041437358366545e-01
9.433473616056974320e-01
9.462609258659758771e-01
9.506312722563936557e-01
9.525736484299126561e-01
9.577533182259631017e-01
9.592101003561022132e-01
9.590482356749756576e-01
9.651990935577855479e-01
9.749109744253804388e-01
9.716736808028488825e-01
9.707024927160891048e-01
9.719974101651021048e-01
9.747491097442538832e-01
9.682745224991904376e-01
9.522499190676594338e-01
9.469083845904820995e-01
9.464227905471024327e-01
9.417287147944317649e-01
9.383295564907736530e-01
9.371965037228875417e-01
9.357397215927484302e-01
9.329880220135966518e-01
9.302363224344448733e-01
9.294269990288119843e-01
9.325024279702168739e-01
9.305600517966979845e-01
9.307219164778245402e-01
9.352541275493686523e-01
9.373583684040142083e-01
9.431854969245708764e-01
9.473939786338618774e-01
9.480414373583682108e-01
9.506312722563936557e-01
9.575914535448364351e-01
9.580770475882162129e-01
9.546778892845581010e-01
9.516024603431532114e-01
9.551634833279378789e-01
9.506312722563936557e-01
9.460990611848492104e-01
9.507931369375203223e-01
9.584007769504693242e-01
9.512787309808999892e-01
9.486888960828747663e-01
9.545160246034315454e-01
9.584007769504693242e-01
9.509550016186468779e-01
9.444804143735835433e-01
9.449660084169632102e-01
9.512787309808999892e-01
9.541922952411784342e-01
9.543541599223049898e-01
9.522499190676594338e-01
9.524117837487861005e-01
9.501456782130139889e-01
9.480414373583682108e-01
9.483651667206213220e-01
9.473939786338618774e-01
9.491744901262545442e-01
9.485270314017482107e-01
9.482033020394947664e-01
9.537067011977986564e-01
9.601812884428616579e-01
9.614762058918743248e-01
9.577533182259631017e-01
9.575914535448364351e-01
9.598575590806085467e-01
9.580770475882162129e-01
9.562965360958238792e-01
9.617999352541274360e-01
9.697313046293296601e-01
9.698931693104562157e-01
9.694075752670765489e-01
9.731304629329881051e-01
9.805762382648105513e-01
9.865652314664938860e-01
9.870508255098735528e-01
9.859177727419875525e-01
9.902881191324051091e-01
9.975720297831013328e-01
1.000000000000000000e+00
9.933635480738101098e-01
9.886694723211393310e-01
9.860796374231141082e-01
9.765296212366462170e-01
9.669796050501778817e-01
9.621236646163805473e-01
9.619617999352539917e-01
9.571058595014567683e-01
9.550016186468112123e-01
9.632567173842666586e-01
9.645516348332792145e-01
9.624473939786337695e-01
9.682745224991904376e-01
9.789575914535447732e-01
9.859177727419875525e-01
9.841372612495952188e-01
9.825186144383294407e-01
9.844609906118484410e-01
9.834898025250888853e-01
9.797669148591776622e-01
9.755584331498867723e-01
9.692457105859498823e-01
9.668177403690513261e-01
9.640660407898995476e-01
9.621236646163805473e-01
9.629329880220134363e-01
9.658465522822918814e-01
9.671414697313044373e-01
9.605050178051148801e-01
9.564584007769504348e-01
9.593719650372287688e-01
9.632567173842666586e-01
9.606668824862414358e-01
9.598575590806085467e-01
9.609906118484945470e-01
9.561346714146973236e-01
9.498219488507608776e-01
9.501456782130139889e-01
9.517643250242797670e-01
9.512787309808999892e-01
9.470702492716087662e-01
9.407575267076722092e-01
9.342829394626092077e-01
9.334736160569763186e-01
9.459371965037226548e-01
9.480414373583682108e-01
9.473939786338618774e-01
9.454516024603429880e-01
9.499838135318874333e-01
9.520880543865328782e-01
9.503075428941405445e-01
9.467465199093555439e-01
9.443185496924568767e-01
9.439948203302037655e-01
9.460990611848492104e-01
9.499838135318874333e-01
9.457753318225960992e-01
9.370346390417609861e-01
9.305600517966979845e-01
9.363871803172547637e-01
9.337973454192295408e-01
9.227905471026219830e-01
9.177727419876982040e-01
9.159922304953058703e-01
9.192295241178373155e-01
9.195532534800905378e-01
9.145354483651666477e-01
9.098413726124959799e-01
9.176108773065715374e-01
9.268371641307867614e-01
9.240854645516346499e-01
9.172871479443184262e-01
9.189057947555842043e-01
9.159922304953058703e-01
9.091939138879896465e-01
9.077371317578504240e-01
9.166396892198120927e-01
9.247329232761408724e-01
9.299125930721916511e-01
9.294269990288119843e-01
9.248947879572675390e-01
9.229524117837485386e-01
9.205244415668499824e-01
9.155066364519260924e-01
9.087083198446098686e-01
9.116218841048883137e-01
9.129168015539008696e-01
9.090320492068630909e-01
9.023955972806730896e-01
8.973777921657493106e-01
8.964066040789898659e-01
8.988345742958884221e-01
9.004532211071542003e-01
8.975396568468758662e-01
8.991583036581416444e-01
9.012625445127870893e-01
9.022337325995465340e-01
9.038523794108126452e-01
9.074134023955973127e-01
9.098413726124959799e-01
9.124312075105212028e-01
9.146973130462932033e-01
9.142117190029135365e-01
9.125930721916477584e-01
9.044998381353189787e-01
9.007769504694074225e-01
8.952735513111037546e-01
8.954354159922304213e-01
8.910650696018128647e-01
8.907413402395596425e-01
8.912269342829394203e-01
8.899320168339267534e-01
8.905794755584330868e-01
8.858853998057624191e-01
8.810294593719650846e-01
8.800582712852056400e-01
8.816769180964714181e-01
8.798964066040787513e-01
8.802201359663321956e-01
8.797345419229521957e-01
8.750404661702815279e-01
8.722887665911296384e-01
8.755260602136611947e-01
8.807057300097119734e-01
8.766591129815471950e-01
8.755260602136611947e-01
8.813531887342183069e-01
8.815150534153448625e-01
8.774684363871800841e-01
8.734218193590157497e-01
8.753641955325346391e-01
8.787633538361927510e-01
8.776303010683067507e-01
8.790870831984458622e-01
8.823243768209777516e-01
8.800582712852056400e-01
8.771447070249269728e-01
8.769828423438004172e-01
8.750404661702815279e-01
8.718031725477499716e-01
8.662997733894464147e-01
8.591777274198770797e-01
8.606345095500161912e-01
8.675946908384589706e-01
8.714794431854968604e-01
8.667853674328260816e-01
8.646811265781806366e-01
8.768209776626738616e-01
8.837811589511168631e-01
8.774684363871800841e-01
8.763353836192940838e-01
8.786014891550661954e-01
8.842667529944966409e-01
8.879896406604078640e-01
8.829718355454839740e-01
8.784396244739395287e-01
8.726124959533828607e-01
8.661379087083198591e-01
8.583684040142441907e-01
8.535124635804465232e-01
8.483327937843961886e-01
8.412107478148268536e-01
8.337649724830039633e-01
8.285853026869535176e-01
8.216251213985108492e-01
8.196827452249918489e-01
8.188734218193589598e-01
8.083522175461312909e-01
8.017157656199416227e-01
8.025250890255745118e-01
7.994496600841696221e-01
7.973454192295240661e-01
7.965360958238911770e-01
7.957267724182582880e-01
7.910326966655876202e-01
7.837487860148913965e-01
7.746843638718031722e-01
7.690191000323729487e-01
7.706377468436387268e-01
7.732275817416639496e-01
7.704758821625121712e-01
7.667529944966009481e-01
7.589834898025249466e-01
7.531563612819682785e-01
7.478148268047912772e-01
7.439300744577533875e-01
7.432826157332470540e-01
7.408546455163481648e-01
7.363224344448040526e-01
7.309808999676270513e-01
7.277436063450953840e-01
7.204596956943994934e-01
7.138232437682097142e-01
7.123664616380704917e-01
7.044350922628681566e-01
7.007122045969569335e-01
6.994172871479442666e-01
6.906765943671090424e-01
6.842020071220458188e-01
6.765943671090968170e-01
6.722240207186790384e-01
6.707672385885399269e-01
6.662350275169958147e-01
6.615409517643249249e-01
6.570087406927808127e-01
6.561994172871479236e-01
6.540951764325023676e-01
6.497248300420847000e-01
6.443832955649076988e-01
6.348332793784395855e-01
6.301392036257689178e-01
6.335383619294269186e-01
6.340239559728066965e-01
6.231790223373259163e-01
6.173518938167690262e-01
6.160569763677564703e-01
6.165425704111361371e-01
6.181612172224021373e-01
6.154095176432501368e-01
6.058595014567820236e-01
5.953382971835545767e-01
5.911298154742634647e-01
5.877306571706053528e-01
5.815797992877952405e-01
5.731628358692133496e-01
5.715441890579474604e-01
5.686306247976690154e-01
5.647458724506312366e-01
5.644221430883781254e-01
5.589187439300743465e-01
5.496924571058595665e-01
5.420848170929103427e-01
5.373907413402394528e-01
5.339915830365813409e-01
5.315636128196826737e-01
5.280025898348980062e-01
5.231466494011005608e-01
5.205568145030753380e-01
5.218517319520880049e-01
5.174813855616704483e-01
5.063127225639365570e-01
5.014567821301391115e-01
5.016186468112656671e-01
5.009711880867593337e-01
5.024279702168985562e-01
5.022661055357720006e-01
4.961152476529621103e-01
4.938491421171900542e-01
4.883457429588862753e-01
4.891550663645191643e-01
4.914211719002912204e-01
4.876982842343799973e-01
4.796050501780510511e-01
4.749109744253803278e-01
4.799287795403041623e-01
4.797669148591776067e-01
4.697313046293298822e-01
4.577533182259630462e-01
4.598575590806085467e-01
4.609906118484946580e-01
4.595338297183553800e-01
4.609906118484946580e-01
4.648753641955324922e-01
4.655228229200387702e-01
4.655228229200387702e-01
4.666558756879248260e-01
4.679507931369374374e-01
4.647134995144058811e-01
4.627711233408869917e-01
4.580770475882162129e-01
4.501456782130138778e-01
4.401100679831660423e-01
4.355778569116218191e-01
4.320168339268370961e-01
4.316931045645839293e-01
4.328261573324700406e-01
4.339592101003560964e-01
4.383295564907737085e-01
4.362253156361281525e-01
4.313693752023307626e-01
4.248947879572676500e-01
4.219812236969893160e-01
4.202007122045968712e-01
4.232761411460019274e-01
4.192295241178374265e-01
4.075752670767238128e-01
4.001294917449012556e-01
3.899320168339268089e-01
3.779540304305600285e-01
3.682421495629653041e-01
3.638718031725477475e-01
3.578828099708643573e-01
3.569116218841048016e-01
3.583684040142440796e-01
3.539980576238264676e-01
3.480090644221430773e-01
3.416963418582065204e-01
3.400776950469406867e-01
3.358692133376497413e-01
3.339268371641307409e-01
3.293946260925865732e-01
3.242149562965360721e-01
3.261573324700550169e-01
3.256717384266752946e-01
3.237293622531563497e-01
3.175785043703462929e-01
3.123988345742959027e-01
3.120751052120426805e-01
3.107801877630300691e-01
3.086759469083845686e-01
3.064098413726124015e-01
2.968598251861443438e-01
2.992877954030430110e-01
3.062479766914858459e-01
3.080284881838782352e-01
2.992877954030430110e-01
2.966979605050177882e-01
2.952411783748786211e-01
2.835869213337648964e-01
2.641631595985755587e-01
2.491097442538037499e-01
2.369698931693103860e-01
2.259630948527030780e-01
2.202978310132728546e-01
2.168986727096147427e-01
2.105859501456782135e-01
2.021689867270961005e-01
2.052444156685011289e-01
2.092910326966655188e-01
2.112334088701845192e-01
2.062156037552605736e-01
1.971511816121721550e-01
1.837164130786662075e-01
1.719002913564260104e-01
1.707672385885399824e-01
1.676918096471349540e-01
1.558756879248947569e-01
1.516672062156037004e-01
1.568468760116542016e-01
1.652638394302363145e-01
1.727096147620588995e-01
1.770799611524765116e-01
1.728714794431854551e-01
1.696341858206539543e-01
1.576561994172870906e-01
1.511816121722239781e-01
1.385561670443508919e-01
1.251213985108449445e-01
1.189705406280349709e-01
1.194561346714146932e-01
1.149239235998704839e-01
1.095823891226933994e-01
1.061832308190352320e-01
1.086112010359339547e-01
1.115247652962123165e-01
1.073162835869213433e-01
9.792813208157978566e-02
9.355778569116214582e-02
9.226286824214954829e-02
8.643573972159272756e-02
8.724506312722561663e-02
8.481709291032693554e-02
8.190352865004853211e-02
8.044674651990933734e-02
8.255098737455482394e-02
7.526707672385883618e-02
6.587892521851730632e-02
6.846876011654257077e-02
7.947555843314985102e-02
8.044674651990933734e-02
7.316283586921330795e-02
6.571706053739073683e-02
6.393654904499836145e-02
6.587892521851730632e-02
6.960181288442859882e-02
6.312722563936548625e-02
6.199417287147940964e-02
6.102298478471995802e-02
5.843314988669470050e-02
4.823567497572026075e-02
4.548397539656846844e-02
4.936872774360633043e-02
5.600517966979601941e-02
5.600517966979601941e-02
5.600517966979601941e-02
5.082550987374551132e-02
5.050178051149235847e-02
5.438653285853026209e-02
5.875687924894785336e-02
5.665263839430232512e-02
5.762382648106181837e-02
5.940433797345415212e-02
6.021366137908707589e-02
6.102298478471995802e-02
6.426027840725151430e-02
6.361281968274520859e-02
6.053739074134022874e-02
5.875687924894785336e-02
5.373907413402392169e-02
4.710262220783422576e-02
4.435092262868239876e-02
4.888313370022660115e-02
5.487212690190999137e-02
5.438653285853026209e-02
5.082550987374551132e-02
4.613143412107477415e-02
4.386532858530266948e-02
4.775008093234053147e-02
5.681450307542890155e-02
5.859501456782127693e-02
5.422466817740368566e-02
4.969245710585948328e-02
5.260602136613788671e-02
5.810942052444154765e-02
5.681450307542890155e-02
5.422466817740368566e-02
4.694075752670764934e-02
4.726448688896080219e-02
5.471026222078341494e-02
6.053739074134022874e-02
5.891874393007442978e-02
5.875687924894785336e-02
6.102298478471995802e-02
6.393654904499836145e-02
6.005179669796049946e-02
5.843314988669470050e-02
6.636451926189704253e-02
7.073486565231462686e-02
6.312722563936548625e-02
5.114923923599866418e-02
5.114923923599866418e-02
6.458400776950466715e-02
6.911621884104887648e-02
5.697636775655551961e-02
5.050178051149235847e-02
5.098737455487208775e-02
4.645516348332792700e-02
4.095176432502426606e-02
4.402719326642924591e-02
5.390093881515049812e-02
5.730009711880867246e-02
5.341534477177076884e-02
5.422466817740368566e-02
5.309161540951761599e-02
5.179669796050501152e-02
5.017805114923921256e-02
5.082550987374551132e-02
5.325348009064419241e-02
5.924247329232758263e-02
6.102298478471995802e-02
6.134671414697310393e-02
6.264163159598575004e-02
6.426027840725151430e-02
6.409841372612493093e-02
5.843314988669470050e-02
5.584331498866944299e-02
5.422466817740368566e-02
5.292975072839103956e-02
5.228229200388473386e-02
4.985432178698605971e-02
5.066364519261893490e-02
5.519585626416314422e-02
6.199417287147940964e-02
6.749757202978307058e-02
6.280349627711233340e-02
6.782130139203622343e-02
7.575267076723855852e-02
7.623826481061829474e-02
8.303658141793460179e-02
8.449336354807378269e-02
8.708319844609903326e-02
8.773065717060533897e-02
8.983489802525086720e-02
8.983489802525086720e-02
8.918743930074456150e-02
8.514082227258008839e-02
8.853998057623825579e-02
9.371965037228872919e-02
9.274846228552927063e-02
8.546455163483328288e-02
8.109420524441564304e-02
9.210100356102296493e-02
9.533829718355452121e-02
9.032049206863058954e-02
9.663321463256713262e-02
1.071544189057947738e-01
1.123340887018451917e-01
1.147620589187439144e-01
1.116866299773388860e-01
1.107154418905794413e-01
1.102298478471997051e-01
1.183230819035286652e-01
1.307866623502751680e-01
1.379087083198445862e-01
1.341858206539332521e-01
1.299773389446422789e-01
1.351570087406927245e-01
1.387180317254774753e-01
1.387180317254774753e-01
1.370993849142116972e-01
1.377468436387180029e-01
1.400129491744900867e-01
1.411460019423761980e-01
1.430883781158950874e-01
1.451926189705405879e-01
1.417934606668824760e-01
1.387180317254774753e-01
1.385561670443508919e-01
1.377468436387180029e-01
1.330527678860472240e-01
1.319197151181611960e-01
1.349951440595661412e-01
1.346714146973130022e-01
1.332146325671738074e-01
1.320815797992877794e-01
1.377468436387180029e-01
1.442214308837811154e-01
1.413078666235027536e-01
1.453544836516671712e-01
1.476205891874393106e-01
1.419553253480090593e-01
1.348332793784395578e-01
1.353188734218192801e-01
1.476205891874393106e-01
1.502104240854645056e-01
1.390417610877306143e-01
1.404985432178698090e-01
1.445451602460342821e-01
1.482680479119456163e-01
1.529621236646163951e-01
1.555519585626415902e-01
1.560375526060213403e-01
1.552282292003884512e-01
1.494011006798316443e-01
1.464875364195531993e-01
1.513434768533505337e-01
1.558756879248947569e-01
1.574943347361605073e-01
1.521528002589834228e-01
1.377468436387180029e-01
1.346714146973130022e-01
1.370993849142116972e-01
1.322434444804143627e-01
1.343476853350598355e-01
1.377468436387180029e-01
1.440595662026545598e-01
1.497248300420847833e-01
1.515053415344771170e-01
1.573324700550339239e-01
1.595985755908060910e-01
1.544189057947555621e-01
1.561994172871478959e-01
1.547426351570087288e-01
1.523146649401100061e-01
1.476205891874393106e-01
1.456782130139203102e-01
1.482680479119456163e-01
1.455163483327937268e-01
1.393654904499837810e-01
1.442214308837811154e-01
1.445451602460342821e-01
1.377468436387180029e-01
1.325671738426675017e-01
1.312722563936548903e-01
1.312722563936548903e-01
1.343476853350598355e-01
1.379087083198445862e-01
1.346714146973130022e-01
1.361281968274522525e-01
1.434121074781482541e-01
1.469731304629330049e-01
1.460019423761734492e-01
1.508578828099708113e-01
1.537714470702492564e-01
1.631595985755907585e-01
1.712528326319197047e-01
1.688248624150209820e-01
1.673680802848818150e-01
1.696341858206539543e-01
1.740045322110714832e-01
1.764325024279702059e-01
1.717384266752994271e-01
1.638070573000970642e-01
1.618646811265781471e-01
1.660731628358692036e-01
1.691485917772741487e-01
1.612172224020718414e-01
1.537714470702492564e-01
1.581417934606668130e-01
1.594367109096795077e-01
1.660731628358692036e-01
1.696341858206539543e-01
1.631595985755907585e-01
1.591129815474263409e-01
1.704435092262868157e-01
1.817740369051472904e-01
1.833926837164130685e-01
1.838782777597927909e-01
1.866299773389445693e-01
1.905147296859824868e-01
1.882486241502104030e-01
1.830689543541599018e-01
1.832308190352864852e-01
1.775655551958562339e-01
1.751375849789575112e-01
1.665587568792489259e-01
1.549044998381352845e-01
1.474587245063127272e-01
1.448688896082874211e-01
1.434121074781482541e-01
1.455163483327937268e-01
1.513434768533505337e-01
1.584655228229200352e-01
1.540951764325024231e-01
1.536095823891227008e-01
1.536095823891227008e-01
1.443832955649076988e-01
1.359663321463256691e-01
1.411460019423761980e-01
1.487536419553253386e-01
1.484299125930721719e-01
1.450307542894140045e-01
1.461638070573000325e-01
1.508578828099708113e-01
1.549044998381352845e-01
1.539333117513758398e-01
1.589511168662997853e-01
1.642926513434768698e-01
1.720621560375525938e-01
1.786986079637422620e-01
1.795079313693751510e-01
1.725477500809323161e-01
1.655875687924894535e-01
1.651019747491097311e-01
1.710909679507931214e-01
1.681774036905146763e-01
1.618646811265781471e-01
1.607316283586921191e-01
1.600841696341858134e-01
1.518290708967302838e-01
1.406604078989963647e-01
1.382324376820977530e-01
1.392036257688571976e-01
1.343476853350598355e-01
1.288442861767561676e-01
1.260925865976043891e-01
1.249595338297183611e-01
1.220459695694399160e-01
1.230171576561993607e-01
1.173518938167691233e-01
1.158951116866299424e-01
1.163807057300096787e-01
1.165425704111362482e-01
1.176756231790222762e-01
1.213985108449336103e-01
1.218841048883133327e-01
1.191324053091615404e-01
1.202654580770475684e-01
1.241502104240854720e-01
1.202654580770475684e-01
1.204273227581741518e-01
1.191324053091615404e-01
1.178374878601488596e-01
1.171900291356425539e-01
1.136290061508578864e-01
1.121722240207186222e-01
1.155713823243767896e-01
1.259307219164778058e-01
1.314341210747814737e-01
1.337002266105535297e-01
1.328909032049206684e-01
1.370993849142116972e-01
1.375849789575914472e-01
1.311103917125283069e-01
1.285205568145030286e-01
1.288442861767561676e-01
1.277112334088701395e-01
1.259307219164778058e-01
1.304629329880220290e-01
1.327290385237940851e-01
1.265781806409841115e-01
1.222078342505664855e-01
1.173518938167691233e-01
1.069925542246681904e-01
1.103917125283262884e-01
1.121722240207186222e-01
1.073162835869213433e-01
1.044027193266428982e-01
1.069925542246681904e-01
1.107154418905794413e-01
1.105535772094528579e-01
1.090967950793136770e-01
1.048883133700226206e-01
9.469083845904821550e-02
9.355778569116214582e-02
1.107154418905794413e-01
1.194561346714146932e-01
1.121722240207186222e-01
1.066688248624149543e-01
1.048883133700226206e-01
1.044027193266428982e-01
9.906118484946581371e-02
1.014891550663645364e-01
1.032696665587568702e-01
9.323405632890899297e-02
9.388151505341529868e-02
9.970864357397211941e-02
9.679507931369370211e-02
8.837811589511168631e-02
8.773065717060533897e-02
9.404337973454192368e-02
9.517643250242795172e-02
9.258659760440270114e-02
9.339592101003557634e-02
9.032049206863058954e-02
8.514082227258008839e-02
8.853998057623825579e-02
9.307219164778242348e-02
8.967303334412428384e-02
8.400776950469404647e-02
8.870184525736483916e-02
9.614762058918741028e-02
9.906118484946581371e-02
9.582389122693425743e-02
9.728067335707347996e-02
1.016510197474911059e-01
1.032696665587568702e-01
1.027840725153771340e-01
1.011654257041113836e-01
1.008416963418581475e-01
9.857559080608607749e-02
9.404337973454192368e-02
8.611201035933957471e-02
8.125606992554222641e-02
8.157979928779537926e-02
8.319844609906117128e-02
8.400776950469404647e-02
8.174166396892194875e-02
7.753318225963093391e-02
8.109420524441564304e-02
8.141793460666879589e-02
7.526707672385883618e-02
7.915182907089669817e-02
9.129168015539008973e-02
9.193913887989639544e-02
9.145354483651665922e-02
8.999676270637743669e-02
8.643573972159272756e-02
8.433149886694719932e-02
8.416963418582062983e-02
8.238912269342825445e-02
7.688572353512462820e-02
6.701197798640334824e-02
5.503399158303656780e-02
5.665263839430232512e-02
6.523146649401097286e-02
6.312722563936548625e-02
5.940433797345415212e-02
5.681450307542890155e-02
5.114923923599866418e-02
5.357720945289734527e-02
5.697636775655551961e-02
5.616704435092259584e-02
5.843314988669470050e-02
5.778569116218839480e-02
5.972806733570730497e-02
5.988993201683392303e-02
5.649077371317574869e-02
5.794755584331497122e-02
6.053739074134022874e-02
6.215603755260598606e-02
5.972806733570730497e-02
5.956620265458072855e-02
6.118484946584652751e-02
5.843314988669470050e-02
5.681450307542890155e-02
6.458400776950466715e-02
6.798316607316279292e-02
6.717384266752991773e-02
7.364842991259303029e-02
7.834250566526382298e-02
7.316283586921330795e-02
5.794755584331497122e-02
5.875687924894785336e-02
6.668824862415019539e-02
6.215603755260598606e-02
5.827128520556812408e-02
5.988993201683392303e-02
6.733570734865650109e-02
5.956620265458072855e-02
4.920686306247975400e-02
4.855940433797344830e-02
5.535772094528972065e-02
4.807381029459368432e-02
4.240854645516344695e-02
4.257041113629002338e-02
4.726448688896080219e-02
5.001618646811263613e-02
5.050178051149235847e-02
5.195856264163158100e-02
5.212042732275815743e-02
5.147296859825185866e-02
4.127549368727741197e-02
2.994496600841694070e-02
3.382971835545480616e-02
4.062803496277111320e-02
4.176108773065714125e-02
3.755260602136612641e-02
3.674328261573320958e-02
4.014244091939138392e-02
3.447717707996114656e-02
2.606021366137907871e-02
2.492716089349300904e-02
3.075428941404981936e-02
3.722887665911298050e-02
3.528650048559402869e-02
3.480090644221429941e-02
3.156361281968274313e-02
2.865004855940433623e-02
2.994496600841694070e-02
3.269666558756877117e-02
2.784072515377141593e-02
2.962123664616379132e-02
3.107801877630297221e-02
3.059242473292324641e-02
3.302039494982192402e-02
2.978310132729036427e-02
2.249919067659433142e-02
1.796697960505016373e-02
1.910003237293619524e-02
1.877630301068304586e-02
9.064422143088370076e-03
9.064422143088370076e-03
1.489155066364518214e-02
1.764325024279701434e-02
2.185173195208802571e-02
2.055681450307541777e-02
1.780511492392358730e-02
1.651019747491094120e-02
1.375849789575911072e-02
7.445775331822571119e-03
3.561022984784709567e-03
1.651019747491094120e-02
2.492716089349300904e-02
2.088054386532857062e-02
1.796697960505016373e-02
1.990935577856911554e-02
1.926189705406277167e-02
1.715765619941728506e-02
1.667206215603751762e-02
9.064422143088370076e-03
1.408222725801226358e-02
1.796697960505016373e-02
1.068306895435412913e-02
7.122045969569419134e-03
1.068306895435412913e-02
1.165425704111362412e-02
1.586273875040463896e-02
1.359663321463253603e-02
7.607640012949146678e-03
6.798316607316268016e-03
9.873745548721250473e-03
1.683392683716409405e-02
2.201359663321460214e-02
1.715765619941728506e-02
1.133052767886047300e-02
1.100679831660728025e-02
1.667206215603751762e-02
1.667206215603751762e-02
1.133052767886047300e-02
7.445775331822571119e-03
1.133052767886031081e-03
2.751699579151830471e-03
9.064422143088370076e-03
1.311103917125280849e-02
1.327290385237938318e-02
1.294917449012623206e-02
1.392036257688568715e-02
1.683392683716409405e-02
1.683392683716409405e-02
1.877630301068304586e-02
2.152800258983487633e-02
1.845257364842989301e-02
1.618646811265778834e-02
1.812884428617674015e-02
2.897377792165748561e-02
3.043056005179666998e-02
2.460343153123985618e-02
1.715765619941728506e-02
1.375849789575911072e-02
1.683392683716409405e-02
2.298478471997409886e-02
2.136613790870829990e-02
1.667206215603751762e-02
1.845257364842989301e-02
1.699579151829070864e-02
2.104240854645514705e-02
3.043056005179666998e-02
3.204920686306246547e-02
3.043056005179666998e-02
2.670767238588538442e-02
1.812884428617674015e-02
1.505341534477175856e-02
2.055681450307541777e-02
2.735513111039168666e-02
2.686953706701196085e-02
2.913564260278406204e-02
3.172547750080931955e-02
3.221107154418904189e-02
3.593395921010032745e-02
3.900938815150531425e-02
3.382971835545480616e-02
3.043056005179666998e-02
3.188734218193588904e-02
2.897377792165748561e-02
3.447717707996114656e-02
3.334412431207507688e-02
2.962123664616379132e-02
2.185173195208802571e-02
2.622207834250565514e-02
3.625768857235348031e-02
3.091615409517639579e-02
2.541275493687273485e-02
2.654580770475880799e-02
2.832631919715114174e-02
2.411783748786013037e-02
1.780511492392358730e-02
1.829070896730331658e-02
2.508902557461958546e-02
3.302039494982192402e-02
3.156361281968274313e-02
2.249919067659433142e-02
2.088054386532857062e-02
1.829070896730331658e-02
1.764325024279701434e-02
1.699579151829070864e-02
1.424409193913887990e-02
1.181612172224020055e-02
2.039494982194884481e-02
2.282292003884752243e-02
1.035933959210097802e-02
4.046617028164437545e-03
9.711880867594674047e-03
1.731952088054386149e-02
1.456782130139203102e-02
1.392036257688568715e-02
1.230171576561992809e-02
1.764325024279701434e-02
1.683392683716409405e-02
1.213985108449335167e-02
1.068306895435412913e-02
1.618646811265778834e-02
2.039494982194884481e-02
1.343476853350595961e-02
8.093234056328875090e-03
1.181612172224020055e-02
1.877630301068304586e-02
1.472968598251860745e-02
9.873745548721250473e-03
1.375849789575911072e-02
2.217546131434117856e-02
2.476529621236643261e-02
2.881191324053090919e-02
2.589834898025250576e-02
2.347037876335382467e-02
2.088054386532857062e-02
1.359663321463253603e-02
1.003561022984782516e-02
6.798316607316268016e-03
1.116866299773385668e-02
1.440595662026545459e-02
1.553900938815148611e-02
1.343476853350595961e-02
1.456782130139203102e-02
2.460343153123985618e-02
2.767886047264483951e-02
2.444156685011327976e-02
3.059242473292324641e-02
3.884752347037873782e-02
3.739074134023954998e-02
2.832631919715114174e-02
2.314664940110067529e-02
2.168986727096144929e-02
2.120427322758172348e-02
