5.054981125882161003e-02
4.431314623338256792e-02
4.792384703758408721e-02
5.801739701296568935e-02
5.662235352043330089e-02
4.652880354505169874e-02
4.554406696208765370e-02
5.030362711308056234e-02
4.923682914820286943e-02
5.054981125882161003e-02
5.506318726407351954e-02
5.268340718857704441e-02
4.111275233874939899e-02
5.161660922369930293e-02
5.719678319382899556e-02
5.071393402264895434e-02
4.193336615788609278e-02
4.209748892171344403e-02
4.661086492696535355e-02
4.956507467585752336e-02
4.562612834400130851e-02
5.350402100771377983e-02
5.366814377154112414e-02
6.269489578204494318e-02
5.555555555555555941e-02
5.588380108321025497e-02
6.761857869686524469e-02
6.975217462662072765e-02
6.589528967667815373e-02
6.696208764155589521e-02
6.712621040538320483e-02
5.842770392253403972e-02
6.064336123420316360e-02
7.221401608403084371e-02
6.901362218939767479e-02
7.024454291810272588e-02
6.507467585754142525e-02
5.383226653536843376e-02
5.416051206302312931e-02
5.777121286722469024e-02
4.874446085672082957e-02
4.537994419826030940e-02
5.588380108321025497e-02
5.580173970129655853e-02
4.283604135893648301e-02
3.856884949942557261e-02
4.439520761529622273e-02
4.669292630887904305e-02
4.324634826850483338e-02
4.053832266535366269e-02
5.022156573116691447e-02
5.054981125882161003e-02
5.153454784178564813e-02
5.169867060561299937e-02
6.474643032988676439e-02
6.507467585754142525e-02
6.023305432463482018e-02
5.416051206302312931e-02
5.768915148531099379e-02
6.811094698834728456e-02
6.507467585754142525e-02
5.818151977679303366e-02
5.588380108321025497e-02
5.481700311833252043e-02
5.030362711308056234e-02
5.522731002790086385e-02
6.523879862136877650e-02
6.244871163630394406e-02
5.333989824388642859e-02
5.883801083210242477e-02
6.466436894797307489e-02
5.194485475135399849e-02
6.056129985228951573e-02
6.655178073198750321e-02
5.924831774167077514e-02
5.752502872148364949e-02
6.671590349581485446e-02
6.720827178729689433e-02
6.277695716395864656e-02
6.614147382241916673e-02
5.736090595765633987e-02
4.710323321844739342e-02
5.358608238962743464e-02
5.522731002790086385e-02
5.219103889709503924e-02
5.826358115870668847e-02
5.375020515345477895e-02
5.596586246512390977e-02
6.564910553093711298e-02
6.696208764155589521e-02
5.768915148531099379e-02
5.818151977679303366e-02
5.711472181191529912e-02
5.301165271623173997e-02
5.194485475135399849e-02
6.105366814377155560e-02
7.385524372230428680e-02
6.893156080748398529e-02
6.244871163630394406e-02
6.187428196290824939e-02
6.302314130969964567e-02
6.811094698834728456e-02
6.843919251600198705e-02
7.131134088298045348e-02
7.229607746594450546e-02
6.958805186279337640e-02
6.884949942557033742e-02
6.072542261611686004e-02
6.056129985228951573e-02
6.450024618414572364e-02
7.311669128508123394e-02
6.646971935007385535e-02
6.228458887247659975e-02
6.466436894797307489e-02
6.326932545544068642e-02
6.318726407352698304e-02
6.129985228951255471e-02
5.834564254062038491e-02
5.342195962580008339e-02
6.212046610864924850e-02
6.663384211390120659e-02
6.491055309371407400e-02
6.146397505333990596e-02
6.540292138519611387e-02
7.607090103397341763e-02
6.696208764155589521e-02
5.965862465123912550e-02
6.384375512883637416e-02
6.277695716395864656e-02
6.039717708846216448e-02
6.408993927457737327e-02
6.392581651075003590e-02
6.884949942557033742e-02
6.302314130969964567e-02
5.834564254062038491e-02
6.236665025439029619e-02
5.924831774167077514e-02
5.621204661086490889e-02
6.253077301821764744e-02
6.482849171180042613e-02
6.310520269161333518e-02
6.663384211390120659e-02
6.655178073198750321e-02
5.941244050549811945e-02
6.097160676185785916e-02
6.031511570654850968e-02
5.645823075660594964e-02
5.522731002790086385e-02
5.760709010339733899e-02
6.047923847037581929e-02
6.614147382241916673e-02
6.696208764155589521e-02
5.916625635975707870e-02
6.384375512883637416e-02
6.860331527982928279e-02
6.171015919908090508e-02
6.901362218939767479e-02
7.262432299359919408e-02
5.440669620876417006e-02
5.695059904808794787e-02
5.965862465123912550e-02
5.719678319382899556e-02
5.941244050549811945e-02
5.654029213851960445e-02
5.547349417364186297e-02
5.793533563105203454e-02
5.645823075660594964e-02
5.391432791728213020e-02
4.858033809289347832e-02
4.858033809289347832e-02
4.899064500246182868e-02
4.472345314295091828e-02
4.488757590677826259e-02
3.996389299195796802e-02
4.496963728869191740e-02
5.719678319382899556e-02
5.251928442474969316e-02
3.938946331856227334e-02
3.938946331856227334e-02
3.495814869522401169e-02
3.963564746430331409e-02
5.333989824388642859e-02
5.457081897259147274e-02
4.784178565567043934e-02
5.161660922369930293e-02
6.564910553093711298e-02
6.441818480223207577e-02
5.481700311833252043e-02
4.357459379615952894e-02
4.775972427375678453e-02
5.128836369604464901e-02
5.145248645987200026e-02
5.662235352043330089e-02
5.457081897259147274e-02
4.940095191203017211e-02
4.390283932381422449e-02
3.979977022813061677e-02
4.817003118332513489e-02
4.751354012801574378e-02
4.439520761529622273e-02
3.856884949942557261e-02
3.225012309207288264e-02
3.766617429837518238e-02
4.185130477597243798e-02
4.226161168554078834e-02
4.021007713769900876e-02
4.242573444936813959e-02
3.930740193664861853e-02
3.791235844411618150e-02
3.167569341867714633e-02
3.692762186115214340e-02
4.045626128344000788e-02
3.865091088133922742e-02
3.610700804201540104e-02
4.546200558017396420e-02
4.439520761529622273e-02
4.037419990152635307e-02
4.152305924831774936e-02
4.390283932381422449e-02
4.316428688659117857e-02
3.996389299195796802e-02
3.955358608238961765e-02
4.341047103233217769e-02
4.447726899720991917e-02
4.390283932381422449e-02
3.372722796651896754e-02
3.758411291646149288e-02
4.521582143443295815e-02
4.562612834400130851e-02
4.595437387165600407e-02
5.071393402264895434e-02
4.964713605777121980e-02
4.587231248974230763e-02
5.087805678647626395e-02
5.645823075660594964e-02
5.383226653536843376e-02
4.718529460036104822e-02
4.168718201214509367e-02
5.309371409814538784e-02
6.179222058099459458e-02
5.826358115870668847e-02
5.128836369604464901e-02
5.563761693746921422e-02
5.965862465123912550e-02
5.292959133431808516e-02
5.686853766617430000e-02
5.949450188741177425e-02
6.737239455112424558e-02
6.548498276710981725e-02
6.704414902346955696e-02
6.548498276710981725e-02
6.671590349581485446e-02
7.278844575742654532e-02
7.664533070736910536e-02
7.065484982767111788e-02
7.131134088298045348e-02
7.959954045626127517e-02
6.950599048087967302e-02
6.417200065649103502e-02
6.925980633513867391e-02
6.925980633513867391e-02
6.573116691285081636e-02
6.310520269161333518e-02
5.998687017889381412e-02
6.097160676185785916e-02
6.433612342031838627e-02
6.343344821926799604e-02
5.793533563105203454e-02
5.654029213851960445e-02
5.096011816838995345e-02
4.858033809289347832e-02
5.383226653536843376e-02
5.924831774167077514e-02
5.465288035450516918e-02
4.406696208764156880e-02
4.907270638437552512e-02
5.867388806827508047e-02
5.744296733956999468e-02
5.169867060561299937e-02
5.145248645987200026e-02
4.283604135893648301e-02
5.251928442474969316e-02
5.219103889709503924e-02
4.324634826850483338e-02
4.062038404726735913e-02
4.119481372066305380e-02
4.021007713769900876e-02
3.774823568028883719e-02
3.471196454948301258e-02
4.144099786640405292e-02
3.208600032824553833e-02
3.167569341867714633e-02
3.635319218775644873e-02
3.479402593139666738e-02
3.216806171015919313e-02
3.126538650910879596e-02
4.152305924831774936e-02
3.824060397177087706e-02
3.028064992614475787e-02
2.946003610700801897e-02
3.577876251436075405e-02
4.029213851961266357e-02
2.904972919743967208e-02
3.323485967503692767e-02
4.685704907270639430e-02
3.938946331856227334e-02
3.421959625800097271e-02
4.127687510257670167e-02
5.161660922369930293e-02
4.357459379615952894e-02
4.226161168554078834e-02
4.636468078122435443e-02
4.300016412276383426e-02
3.996389299195796802e-02
4.217955030362709190e-02
5.071393402264895434e-02
5.604792384703755764e-02
5.596586246512390977e-02
5.096011816838995345e-02
4.447726899720991917e-02
4.833415394715247920e-02
5.284752995240438872e-02
5.276546857049073391e-02
4.217955030362709190e-02
4.661086492696535355e-02
5.612998522895125408e-02
5.834564254062038491e-02
5.145248645987200026e-02
4.759560150992943328e-02
4.628261939931069963e-02
4.890858362054817388e-02
4.923682914820286943e-02
4.964713605777121980e-02
6.113572952568521041e-02
6.302314130969964567e-02
6.212046610864924850e-02
6.138191367142620952e-02
5.612998522895125408e-02
5.432463482685047362e-02
5.695059904808794787e-02
6.244871163630394406e-02
5.974068603315277337e-02
5.933037912358442995e-02
6.597735105859181548e-02
7.270638437551289746e-02
6.433612342031838627e-02
5.325783686197273908e-02
5.768915148531099379e-02
6.827506975217463581e-02
5.990480879698012462e-02
6.335138683735433429e-02
7.204989332020350634e-02
7.122927950106680561e-02
6.605941244050550498e-02
7.311669128508123394e-02
7.631708517971441674e-02
7.451173477761363628e-02
7.680945347119645661e-02
7.090103397341211700e-02
5.818151977679303366e-02
6.359757098309533341e-02
6.564910553093711298e-02
6.605941244050550498e-02
6.917774495322502604e-02
7.180370917446250723e-02
7.697357623502380786e-02
7.541440997866402651e-02
7.483998030526832490e-02
7.106515673723945437e-02
7.426555063187263717e-02
7.500410306909567615e-02
7.073691120958476575e-02
6.482849171180042613e-02
6.400787789266372541e-02
7.229607746594450546e-02
6.729033316921055607e-02
6.614147382241916673e-02
6.203840472673560064e-02
5.941244050549811945e-02
5.760709010339733899e-02
6.392581651075003590e-02
5.850976530444772922e-02
5.974068603315277337e-02
5.588380108321025497e-02
5.654029213851960445e-02
5.580173970129655853e-02
5.473494173641882399e-02
6.318726407352698304e-02
6.761857869686524469e-02
6.047923847037581929e-02
4.784178565567043934e-02
5.325783686197273908e-02
6.097160676185785916e-02
6.146397505333990596e-02
5.686853766617430000e-02
5.965862465123912550e-02
6.630559658624650410e-02
5.785327424913833810e-02
5.161660922369930293e-02
5.465288035450516918e-02
6.203840472673560064e-02
5.809945839487938579e-02
5.251928442474969316e-02
5.284752995240438872e-02
6.392581651075003590e-02
6.884949942557033742e-02
6.384375512883637416e-02
5.292959133431808516e-02
5.046774987690791359e-02
4.759560150992943328e-02
4.226161168554078834e-02
4.029213851961266357e-02
4.751354012801574378e-02
5.104217955030360826e-02
3.906121779090757778e-02
3.364516658460527804e-02
4.817003118332513489e-02
5.834564254062038491e-02
3.938946331856227334e-02
3.200393894633184189e-02
4.217955030362709190e-02
4.537994419826030940e-02
4.168718201214509367e-02
4.094862957492204775e-02
3.339898243886427198e-02
2.650582635811584570e-02
3.405547349417362146e-02
4.242573444936813959e-02
3.914327917282126729e-02
3.126538650910879596e-02
3.446578040374201346e-02
3.118332512719514810e-02
3.380928934843262235e-02
3.339898243886427198e-02
3.298867552929592856e-02
3.011652716231741009e-02
3.824060397177087706e-02
4.086656819300835825e-02
4.341047103233217769e-02
4.964713605777121980e-02
5.145248645987200026e-02
4.858033809289347832e-02
4.759560150992943328e-02
4.948301329394386855e-02
5.867388806827508047e-02
6.261283440013129531e-02
6.269489578204494318e-02
5.481700311833252043e-02
4.652880354505169874e-02
5.030362711308056234e-02
5.375020515345477895e-02
4.931889053011652424e-02
5.153454784178564813e-02
6.376169374692268466e-02
6.458230756605942702e-02
6.425406203840472452e-02
7.566059412440506726e-02
7.459379615952732578e-02
6.835713113408828367e-02
6.638765796816016584e-02
7.369112095847693555e-02
7.771212867224684684e-02
7.287050713934023483e-02
7.369112095847693555e-02
7.254226161168554621e-02
7.024454291810272588e-02
6.704414902346955696e-02
7.434761201378632667e-02
7.295256852125389657e-02
6.417200065649103502e-02
6.934186771705233565e-02
7.804037419990153546e-02
7.533234859675036477e-02
6.942392909896602515e-02
6.433612342031838627e-02
7.032660430001641538e-02
7.574265550631871513e-02
6.868537666174298617e-02
7.098309535532576486e-02
6.876743804365663404e-02
7.311669128508123394e-02
8.263581158706710672e-02
7.836861972755619632e-02
7.385524372230428680e-02
7.459379615952732578e-02
7.984572460200227428e-02
8.181519776793040599e-02
7.959954045626127517e-02
8.181519776793040599e-02
8.370260955194483432e-02
8.107664533070736701e-02
7.877892663712458832e-02
8.747743311997374649e-02
8.796980141145574472e-02
7.763006729033315734e-02
7.738388314459214434e-02
8.124076809453471826e-02
7.623502379780075500e-02
6.909568357131133653e-02
6.523879862136877650e-02
6.786476284260624381e-02
6.852125389791563492e-02
6.909568357131133653e-02
7.615296241588706549e-02
7.680945347119645661e-02
6.729033316921055607e-02
6.220252749056294495e-02
6.876743804365663404e-02
7.057278844575741450e-02
6.450024618414572364e-02
6.162809781716725027e-02
6.884949942557033742e-02
7.787625143607419809e-02
7.393730510421793467e-02
6.507467585754142525e-02
6.450024618414572364e-02
7.016248153618906414e-02
6.688002625964220571e-02
6.556704414902346512e-02
6.056129985228951573e-02
5.342195962580008339e-02
5.235516166092234885e-02
5.883801083210242477e-02
6.343344821926799604e-02
6.179222058099459458e-02
6.064336123420316360e-02
6.015099294272116537e-02
6.146397505333990596e-02
6.088954537994420435e-02
5.834564254062038491e-02
5.194485475135399849e-02
5.809945839487938579e-02
6.138191367142620952e-02
5.695059904808794787e-02
5.169867060561299937e-02
4.775972427375678453e-02
5.309371409814538784e-02
6.080748399803051485e-02
6.121779090759885827e-02
5.046774987690791359e-02
4.652880354505169874e-02
5.194485475135399849e-02
5.736090595765633987e-02
5.875594945018873527e-02
4.956507467585752336e-02
5.210897751518134974e-02
6.129985228951255471e-02
6.212046610864924850e-02
6.285901854587229443e-02
6.597735105859181548e-02
6.080748399803051485e-02
6.006893156080746893e-02
5.892007221401607958e-02
5.473494173641882399e-02
4.849827671097982351e-02
5.366814377154112414e-02
5.202691613326769493e-02
5.407845068110947451e-02
5.654029213851960445e-02
6.031511570654850968e-02
5.793533563105203454e-02
6.187428196290824939e-02
6.294107992778598393e-02
6.786476284260624381e-02
6.605941244050550498e-02
6.458230756605942702e-02
6.277695716395864656e-02
5.892007221401607958e-02
6.294107992778598393e-02
6.326932545544068642e-02
6.663384211390120659e-02
7.410142786804528592e-02
7.869686525521088494e-02
7.024454291810272588e-02
6.367963236500903679e-02
7.106515673723945437e-02
7.516822583292302740e-02
7.434761201378632667e-02
7.385524372230428680e-02
8.025603151157066628e-02
7.492204168718202828e-02
8.378467093385853770e-02
9.396028229115378771e-02
9.026752010503857893e-02
8.862629246676513584e-02
9.445265058263578595e-02
8.690300344657805875e-02
8.788774002954209685e-02
9.527326440177252831e-02
9.560150992942721693e-02
8.427703922534053593e-02
8.838010832102413672e-02
9.773510585918265825e-02
1.003610700804201256e-01
9.297554570818970798e-02
9.125225668800261702e-02
9.305760709010339748e-02
8.862629246676513584e-02
8.641063515509600501e-02
8.682094206466435538e-02
8.714918759231905787e-02
9.543738716559987956e-02
9.190874774331200814e-02
9.149844083374361614e-02
9.478089611029048844e-02
9.100607254226161791e-02
1.011816838995568679e-01
1.059412440505498182e-01
9.773510585918265825e-02
9.059576563269326754e-02
8.632857377318231551e-02
9.428852781880847633e-02
8.969309043164287731e-02
8.329230264237649783e-02
8.952896766781552607e-02
9.199080912522565601e-02
9.207287050713935939e-02
8.895453799441983833e-02
9.043164286886591630e-02
9.240111603479400637e-02
8.821598555719679935e-02
8.714918759231905787e-02
8.238962744132610760e-02
7.804037419990153546e-02
8.156901362218940688e-02
8.616445100935500589e-02
7.697357623502380786e-02
7.541440997866402651e-02
7.746594452650580609e-02
7.721976038076480697e-02
7.927129492860658655e-02
7.648120794354175411e-02
7.828655834564253457e-02
7.689151485311010448e-02
7.352699819464958431e-02
7.451173477761363628e-02
7.820449696372884507e-02
7.746594452650580609e-02
7.360905957656328769e-02
7.804037419990153546e-02
7.713769899885114523e-02
7.689151485311010448e-02
8.312817987854914659e-02
8.288199573280814747e-02
6.499261447562776350e-02
5.957656326932547070e-02
6.458230756605942702e-02
6.187428196290824939e-02
5.580173970129655853e-02
4.882652223863447744e-02
5.153454784178564813e-02
5.407845068110947451e-02
4.439520761529622273e-02
3.914327917282126729e-02
3.750205153454783807e-02
3.717380600689314252e-02
3.175775480059084277e-02
3.709174462497948771e-02
3.799441982602987794e-02
3.930740193664861853e-02
4.341047103233217769e-02
4.423108485146887842e-02
3.947152470047596284e-02
4.152305924831774936e-02
3.930740193664861853e-02
4.226161168554078834e-02
4.053832266535366269e-02
3.979977022813061677e-02
3.602494666010175317e-02
4.628261939931069963e-02
5.260134580666338960e-02
4.496963728869191740e-02
4.562612834400130851e-02
5.719678319382899556e-02
6.548498276710981725e-02
6.187428196290824939e-02
5.941244050549811945e-02
6.811094698834728456e-02
6.294107992778598393e-02
5.235516166092234885e-02
5.957656326932547070e-02
6.696208764155589521e-02
7.188577055637615509e-02
6.737239455112424558e-02
6.786476284260624381e-02
7.163958641063515598e-02
7.549647136057771601e-02
7.951747907434762730e-02
8.772361726571474561e-02
9.141637945182996827e-02
8.887247661250613495e-02
9.297554570818970798e-02
9.724273756770066002e-02
9.880190382406038585e-02
9.707861480387330877e-02
9.584769407516821604e-02
1.054488757590677783e-01
1.076645330707369091e-01
1.036435253569669979e-01
1.019202363367799069e-01
1.084851468898735960e-01
1.143935663876579495e-01
1.139011980961759374e-01
1.088954537994419880e-01
1.077465944526505570e-01
1.146397505333989902e-01
1.107828655834564302e-01
1.132447070408665601e-01
1.157065484982767317e-01
1.207122927950106811e-01
1.149679960610536789e-01
1.093057607090103384e-01
1.183325127195141990e-01
1.250615460364352394e-01
1.271951419661907223e-01
1.216149679960610713e-01
1.104546200558017277e-01
1.097160676185786887e-01
1.179222058099458487e-01
1.209584769407516802e-01
1.189069423929099006e-01
1.148859346791399894e-01
1.170195306088954584e-01
1.157886098801903796e-01
1.091416379451829871e-01
1.101263745281470391e-01
1.154603643525356771e-01
1.143115050057442877e-01
1.107008042015427268e-01
1.093878220909239862e-01
1.174298375184638088e-01
1.165271623174134186e-01
1.126702773674708585e-01
1.128344001312982098e-01
1.143115050057442877e-01
1.101263745281470391e-01
1.114393566387657797e-01
1.166092236993270664e-01
1.156244871163630283e-01
1.094698834728376896e-01
1.109469883472837676e-01
1.233382570162481484e-01
1.206302314130969777e-01
1.157065484982767317e-01
1.225997045790251094e-01
1.186607582471689015e-01
1.097981290004923782e-01
1.084030855079599481e-01
1.070901033973412075e-01
9.896602658788773710e-02
1.102904972919743765e-01
1.061053668143771694e-01
9.494501887411782581e-02
9.363203676349909910e-02
9.830953553257834598e-02
9.773510585918265825e-02
9.748892171344165913e-02
9.281142294436239837e-02
9.289348432627604624e-02
9.166256359757096739e-02
8.755949450188740824e-02
8.706712621040535449e-02
8.682094206466435538e-02
8.411291646151318468e-02
7.541440997866402651e-02
7.886098801903823619e-02
8.460528475299522455e-02
8.485146889873623754e-02
7.287050713934023483e-02
6.597735105859181548e-02
6.367963236500903679e-02
5.555555555555555941e-02
5.465288035450516918e-02
5.457081897259147274e-02
5.063187264073525790e-02
4.972919743968486767e-02
4.931889053011652424e-02
4.792384703758408721e-02
4.004595437387165752e-02
3.725586738880683896e-02
3.495814869522401169e-02
2.650582635811584570e-02
2.429016904644671834e-02
2.650582635811584570e-02
3.733792877072048683e-02
3.487608731331036382e-02
3.290661414738223212e-02
3.758411291646149288e-02
4.029213851961266357e-02
3.504021007713770813e-02
3.364516658460527804e-02
4.070244542918100700e-02
4.275397997702278657e-02
3.955358608238961765e-02
4.209748892171344403e-02
5.284752995240438872e-02
5.530937140981451866e-02
5.243722304283603836e-02
6.171015919908090508e-02
6.794682422451994719e-02
7.016248153618906414e-02
6.491055309371407400e-02
7.106515673723945437e-02
7.861480387329723707e-02
8.600032824552766852e-02
9.330379123584439660e-02
1.015919908091252183e-01
9.322172985393074873e-02
9.297554570818970798e-02
9.289348432627604624e-02
1.006072542261611663e-01
1.031511570654849996e-01
1.058591826686361287e-01
9.921221073362873621e-02
1.070080420154275180e-01
1.173477761365501193e-01
1.216970293779747192e-01
1.335138683735433984e-01
1.387657968160183608e-01
1.301493517150828783e-01
1.329394387001477107e-01
1.326932545544066977e-01
1.345806663384211399e-01
1.312161496799606197e-01
1.315443952076152667e-01
1.271130805842770328e-01
1.290004923682915028e-01
1.294928606597735010e-01
1.303134744789102295e-01
1.431150500574429607e-01
1.454948301329394289e-01
1.406532086000328308e-01
1.368783850320039186e-01
1.445100935499754047e-01
1.556704414902346789e-01
1.499261447562776906e-01
1.421303134744789087e-01
1.516494337764647815e-01
1.597735105859182658e-01
1.617429837518463698e-01
1.617429837518463698e-01
1.635483341539471502e-01
1.683899556868537761e-01
1.695388150336451516e-01
1.758575414409978555e-01
1.815197767930411821e-01
1.844739865419333658e-01
1.816018381749548438e-01
1.854587231248974177e-01
1.897259149844083004e-01
1.844739865419333658e-01
1.881667487280485884e-01
1.797144263909404016e-01
1.624815361890694365e-01
1.638765796816018250e-01
1.683899556868537761e-01
1.688823239783358021e-01
1.655178073198752542e-01
1.672410963400623729e-01
1.623994748071557193e-01
1.595273264401772528e-01
1.669949121943213322e-01
1.683078943049400589e-01
1.727392089282783205e-01
1.724930247825373353e-01
1.697029377974725028e-01
1.639586410635155145e-01
1.621532906614147340e-01
1.678155260134580606e-01
1.641227638273428657e-01
1.637945182996881632e-01
1.588708353848678756e-01
1.549318890530116399e-01
1.517314951583784710e-01
1.486952240275725978e-01
1.476284260626948841e-01
1.465616280978171704e-01
1.491875923190546516e-01
1.506646971935007295e-01
1.349089118660758424e-01
1.284260626948957595e-01
1.290004923682915028e-01
1.278516330215000718e-01
1.234203183981618102e-01
1.096340062366650409e-01
1.069259806335138702e-01
1.137370753323486000e-01
1.120958476940751569e-01
1.033973412112259987e-01
1.015919908091252183e-01
1.033973412112259987e-01
9.798129000492369900e-02
8.977515181355652518e-02
7.697357623502380786e-02
7.483998030526832490e-02
7.648120794354175411e-02
7.549647136057771601e-02
7.730182176267849647e-02
7.631708517971441674e-02
7.877892663712458832e-02
7.106515673723945437e-02
7.221401608403084371e-02
8.329230264237649783e-02
8.165107500410305474e-02
7.270638437551289746e-02
6.983423600853437552e-02
8.583620548170031728e-02
9.387822090924009821e-02
8.501559166256357492e-02
8.042015427539797590e-02
8.985721319547022856e-02
9.117019530608896916e-02
9.798129000492369900e-02
1.092236993270966489e-01
1.084851468898735960e-01
1.107008042015427268e-01
1.121779090759888187e-01
1.165271623174134186e-01
1.216149679960610713e-01
1.267027736747086686e-01
1.303955358608238912e-01
1.339241752831117627e-01
1.352371573937304894e-01
1.411455768915148290e-01
1.486131626456589638e-01
1.544395207615296139e-01
1.552601345806663424e-01
1.529624158870835082e-01
1.563269325455440839e-01
1.635483341539471502e-01
1.633021500082061095e-01
1.662563597570982932e-01
1.659281142294436462e-01
1.631380272443787582e-01
1.641227638273428657e-01
1.715903495814869451e-01
1.787296898079763774e-01
1.792220580994584034e-01
1.834071885770556243e-01
1.857049072706384585e-01
1.846381093057607170e-01
1.917774495322501493e-01
2.050713934022649065e-01
2.040045954373871651e-01
2.089282783522074249e-01
2.192680124733300262e-01
2.242737567700640311e-01
2.305104217955030732e-01
2.265714754636468098e-01
2.319054652880354062e-01
2.314130969965534079e-01
2.264894140817331480e-01
2.235352043328409921e-01
2.352699819464960096e-01
2.341211225997045509e-01
2.282127031019201835e-01
2.383883144592154890e-01
2.457738388314459066e-01
2.415887083538487135e-01
2.416707697357623474e-01
2.441326111931725329e-01
2.487280485803380903e-01
2.481536189069423470e-01
2.510257672739208967e-01
2.522566880026260172e-01
2.492204168718200885e-01
2.485639258165107945e-01
2.524208107664532852e-01
2.444608567208271244e-01
2.488101099622517520e-01
2.552108977515181731e-01
2.663712456917774474e-01
2.637452814705399939e-01
2.680945347119644828e-01
2.678483505662235253e-01
2.628426062694895760e-01
2.682586574757919173e-01
2.776957163958640451e-01
2.712128672246840733e-01
2.641555883801083304e-01
2.685048416215329303e-01
2.741670769735762292e-01
2.819629082553750110e-01
2.773674708682094536e-01
2.802396192351878645e-01
2.877892663712456889e-01
2.863942228787133004e-01
2.806499261447562565e-01
2.777777777777777901e-01
2.829476448383391185e-01
2.777777777777777901e-01
2.656326932545544084e-01
2.639914656162809514e-01
2.594780896110290280e-01
2.583292302642376526e-01
2.567700640078778851e-01
2.580009847365829501e-01
2.588215985557196230e-01
2.566880026259642511e-01
2.593139668472017045e-01
2.552929591334318071e-01
2.553750205153454966e-01
2.504513376005252367e-01
2.425734449368127099e-01
2.446249794846545311e-01
2.469226981782373098e-01
2.439684884293451261e-01
2.388806827506974872e-01
2.315772197603807869e-01
2.246020022977187058e-01
2.272279665189561870e-01
2.237813884785819496e-01
2.155752502872148035e-01
2.129492860659773501e-01
2.129492860659773501e-01
2.017068767438043864e-01
1.978499917938617847e-01
1.995732808140489034e-01
1.946495978992286158e-01
1.770884621697029204e-01
1.709338585261775956e-01
1.793041194813720651e-01
1.731495158378467125e-01
1.697849991793861646e-01
1.801247333005087659e-01
1.890694239290989787e-01
1.821762678483505871e-01
1.757754800590841937e-01
1.907927129492860419e-01
2.021171836533727506e-01
2.000656491055309016e-01
2.043328409650418676e-01
2.104053832266535029e-01
2.231248974232726279e-01
2.274741506646971445e-01
2.363367799113736678e-01
2.454455933037912319e-01
2.520105038568849487e-01
2.610372558673887955e-01
2.725258493353027722e-01
2.815526013458066745e-01
2.929591334318070173e-01
3.070736911209584474e-01
3.171672410963400357e-01
3.224191695388150536e-01
3.236500902675201186e-01
3.243065813228295236e-01
3.374364024290169017e-01
3.532742491383554784e-01
3.563925816510750133e-01
3.582799934350894833e-01
3.588544231084851432e-01
3.652552108977515366e-01
3.683735434104710160e-01
3.812571803709173812e-01
4.057114721811914682e-01
4.102248481864433916e-01
4.127687510257672665e-01
4.181848022320695524e-01
4.254882652223863082e-01
4.369768586903003960e-01
4.441161989167897173e-01
4.484654521582143172e-01
4.607746594452650779e-01
4.725094370589201231e-01
4.903988183161004377e-01
5.005744296733957155e-01
5.115706548498277773e-01
5.326604300016412052e-01
5.416051206302313625e-01
5.455440669620876815e-01
5.551452486459872437e-01
5.682750697521745664e-01
5.722140160840308853e-01
5.785327424913836447e-01
5.924831774167076404e-01
6.041358936484489961e-01
6.221073362875432222e-01
6.286722468406367170e-01
6.205481700311832327e-01
6.306417200065649320e-01
6.561628097817168159e-01
6.671590349581487667e-01
6.669128508124076982e-01
6.752010503856884505e-01
6.866896438536025382e-01
6.949778434268832905e-01
6.922698178237323141e-01
7.049893320203513003e-01
7.192680124733300540e-01
7.264894140817331758e-01
7.342031839816182126e-01
7.480715575250287408e-01
7.589036599376334236e-01
7.632529131790580790e-01
7.700640078778927533e-01
7.885278188084687834e-01
8.070736911209585029e-01
8.101099622517643484e-01
8.127359264730018573e-01
8.112588215985557794e-01
8.050221565731167095e-01
8.077301821762679079e-01
8.113408829804694689e-01
8.213523715739372566e-01
8.285737731823403784e-01
8.300508780567864564e-01
8.302970622025274139e-01
8.416215329066142337e-01
8.587723617265715648e-01
8.515509601181684429e-01
8.532742491383555894e-01
8.675529295913343431e-01
8.803545051698670187e-01
8.814213031347448712e-01
8.822419169538815442e-01
8.831445921549319067e-01
8.745281470539963964e-01
8.714918759231905510e-01
8.806827506975218878e-01
8.933202035122271845e-01
8.960282291153782719e-01
8.926637124569177795e-01
8.982438864270474443e-01
9.165435745937962064e-01
9.255703266042999422e-01
9.207287050713934828e-01
9.227802396192352763e-01
9.263909404234368372e-01
9.349253241424585470e-01
9.279501066797966047e-01
9.222058099458395608e-01
9.258985721319548112e-01
9.286886591170195882e-01
9.335302806499261585e-01
9.407516822583292804e-01
9.487936976858690752e-01
9.548662399474807660e-01
9.560150992942721970e-01
9.572460200229772065e-01
9.668472017068767688e-01
9.756277695716395471e-01
9.762842606269489520e-01
9.704579025110783297e-01
9.771048744460856250e-01
9.910553093714098427e-01
1.000000000000000000e+00
9.917118004267192477e-01
9.809617593960281434e-01
9.666010175611358113e-01
9.693090431642870097e-01
9.747250943705891846e-01
9.788281634662728825e-01
9.681601838174954677e-01
9.631544395207615183e-01
9.556047923847037495e-01
9.543738716559986290e-01
9.470704086656820397e-01
9.460856720827178767e-01
9.460856720827178767e-01
9.436238306253077468e-01
9.449368127359265568e-01
9.497784342688331272e-01
9.492860659773512122e-01
9.502708025603151532e-01
9.571639586410635170e-01
9.533070736911209986e-01
9.379615952732643924e-01
9.354176924339406840e-01
9.361562448711636675e-01
9.423929098966026263e-01
9.422287871327753583e-01
9.332020351222715115e-01
9.223699327096668288e-01
9.168718201214509644e-01
9.213031347447891983e-01
9.157229607746594224e-01
9.103889709502708261e-01
9.121943213523715510e-01
9.102248481864435581e-01
9.082553750205153431e-01
8.971770884621697029e-01
8.833907763006728642e-01
8.793697685869030778e-01
8.784670933858527153e-01
8.674708682094207646e-01
8.549154767766290464e-01
8.449860495650746151e-01
8.335795174790744388e-01
8.270146069259807220e-01
8.254554406696209545e-01
8.111767602166422009e-01
7.884457574265550939e-01
7.709666830789431158e-01
7.711308058427703838e-01
7.732644017725258667e-01
7.717052355161660993e-01
7.671097981290005974e-01
7.640735269981947519e-01
7.652223863449860719e-01
7.555391432791728201e-01
7.449532250123093169e-01
7.437223042836040854e-01
7.471688823239783783e-01
7.504513376005251812e-01
7.325619563433448667e-01
7.159855571967832510e-01
7.090103397341210867e-01
7.072049893320204728e-01
6.882488101099623057e-01
6.643689479730839897e-01
6.571475463646808679e-01
6.649433776464797052e-01
6.558345642540620579e-01
6.441818480223207022e-01
6.301493517150827950e-01
6.216149679960610852e-01
6.215329066141475067e-01
6.226817659609387157e-01
6.161168554078449988e-01
6.129985228951255749e-01
6.160347940259314203e-01
6.033152798293123231e-01
5.799277859839159222e-01
5.593303791235844091e-01
5.452978828163466130e-01
5.448055145248646980e-01
5.484162153290662589e-01
5.471852946003611384e-01
5.348760873133102667e-01
5.154275397997702957e-01
4.941736418841293221e-01
4.670113244707040367e-01
4.468242245199409157e-01
4.445265058263581093e-01
4.492040045954373562e-01
4.461677334646315107e-01
4.431314623338257208e-01
4.272936156244871997e-01
4.130149351715082240e-01
4.050549811258820632e-01
3.875759067782701961e-01
3.736254718529459784e-01
3.717380600689315640e-01
3.669784999179385721e-01
3.531921877564418444e-01
3.318562284588872369e-01
3.165107500410307417e-01
3.081404890858361889e-01
3.060068931560807615e-01
2.996881667487280576e-01
2.864762842606269344e-01
2.754800590841949282e-01
2.750697521746265917e-01
2.702281306417199658e-01
2.591498440833743255e-01
2.534876087313310267e-01
2.461020843591006091e-01
2.374856392581651265e-01
2.314130969965534079e-01
2.191859510914163645e-01
2.188577055637616897e-01
2.105695059904809097e-01
1.999835877236172677e-01
2.012145084523223049e-01
1.990809125225669052e-01
1.899720991301493689e-01
1.819300837026095463e-01
1.745445593303791010e-01
1.758575414409978555e-01
1.743804365665517497e-01
1.766781552601345839e-01
1.810274085015591561e-01
1.809453471196454943e-01
1.809453471196454943e-01
1.826686361398325853e-01
1.857869686525520925e-01
1.873461349089118877e-01
1.902182832758903541e-01
1.958805186279337085e-01
1.971935007385524352e-01
2.023633677991137081e-01
2.026916133267683828e-01
2.058920072214016073e-01
2.175447234531429908e-01
2.212374856392581857e-01
2.213195470211718474e-01
2.201706876743804719e-01
2.269817823732151463e-01
2.347776136550139281e-01
2.413425242081076727e-01
2.407680945347119295e-01
2.454455933037912319e-01
2.456917774495322726e-01
2.424093221729853864e-01
2.424093221729853864e-01
2.419990152634170499e-01
2.462662071229279048e-01
2.475791892335466871e-01
2.484818644345970495e-01
2.488101099622517520e-01
2.479074347612013896e-01
2.497948465452158318e-01
2.526669949121943537e-01
2.539799770228130527e-01
2.537337928770720952e-01
2.606269489578204035e-01
2.599704579025110540e-01
2.495486623994747910e-01
2.474971278516330531e-01
2.602987034301657565e-01
2.657968160183817319e-01
2.561956343344821696e-01
2.576727392089282476e-01
2.687510257672738878e-01
2.671097981290004864e-01
2.590677827014606915e-01
2.553750205153454966e-01
2.594780896110290280e-01
2.621861152141801710e-01
2.555391432791727646e-01
2.515181355654029782e-01
2.588215985557196230e-01
2.535696701132447162e-01
2.483998030526833878e-01
2.509437058920072072e-01
2.541440997866404317e-01
2.505333989824388707e-01
2.514360741834892332e-01
2.548826522238634706e-01
2.516001969473166122e-01
2.448711636303955719e-01
2.417528311176760092e-01
2.422451994091580074e-01
2.447070408665681929e-01
2.445429181027408694e-01
2.366650254390283703e-01
2.315772197603807869e-01
2.273920892827835105e-01
2.214016084030855092e-01
2.124569177744953241e-01
2.080256031511570902e-01
2.079435417692434285e-01
2.130313474478909841e-01
2.091744624979484657e-01
2.010503856884950091e-01
2.118004267191859469e-01
2.202527490562941059e-01
2.140981454127687256e-01
2.052355161660922023e-01
2.092565238798621274e-01
2.076152962415887260e-01
1.843919251600197040e-01
1.811094698834728456e-01
1.768422780239619352e-01
1.720006564910552815e-01
1.779911373707533107e-01
1.734777613655013595e-01
1.617429837518463698e-01
1.633842113901198267e-01
1.643689479730838510e-01
1.689643853602494639e-01
1.619071065156737210e-01
1.539471524700476157e-01
1.548498276710980059e-01
1.445921549318890387e-01
1.422944362383062600e-01
1.365501395043492161e-01
1.326111931724930082e-01
1.314623338257016327e-01
1.243229935992122004e-01
1.169374692269817689e-01
1.070080420154275180e-01
1.087313310356146506e-01
1.151321188248809885e-01
1.093878220909239862e-01
1.024946660101756085e-01
9.190874774331200814e-02
8.156901362218940688e-02
8.263581158706710672e-02
8.222550467749875636e-02
7.976366322008862642e-02
7.204989332020350634e-02
6.958805186279337640e-02
7.943541769243393780e-02
8.575414409978662778e-02
7.763006729033315734e-02
6.942392909896602515e-02
6.441818480223207577e-02
6.015099294272116537e-02
6.474643032988676439e-02
5.760709010339733899e-02
4.529788281634661296e-02
4.365665517807317680e-02
4.956507467585752336e-02
5.186279336944034368e-02
5.678647628426060356e-02
4.915476776628917299e-02
4.931889053011652424e-02
6.228458887247659975e-02
6.458230756605942702e-02
6.154603643525355383e-02
6.335138683735433429e-02
6.212046610864924850e-02
6.400787789266372541e-02
6.827506975217463581e-02
6.605941244050550498e-02
6.113572952568521041e-02
6.376169374692268466e-02
7.541440997866402651e-02
7.877892663712458832e-02
8.050221565731166540e-02
8.435910060725422543e-02
9.026752010503857893e-02
9.724273756770066002e-02
9.748892171344165913e-02
1.011816838995568679e-01
1.066797964877728572e-01
1.114393566387657797e-01
1.149679960610536789e-01
1.199737403577876282e-01
1.155424257344493805e-01
1.171836533727228097e-01
1.193993106843919405e-01
1.158706712621040275e-01
1.127523387493845480e-01
1.066797964877728572e-01
1.075824716888232474e-01
1.142294436238306399e-01
1.127523387493845480e-01
1.171836533727228097e-01
1.229279501066798119e-01
1.198096175939602909e-01
1.136550139504348966e-01
1.216149679960610713e-01
1.274413261119317076e-01
1.230100114885934598e-01
1.199737403577876282e-01
1.220252749056294217e-01
1.290004923682915028e-01
1.375348760873133236e-01
1.359757098309535284e-01
1.456589528967667801e-01
1.523059248317741587e-01
1.527982931232561847e-01
1.505826358115870400e-01
1.486952240275725978e-01
1.569834236008534334e-01
1.655178073198752542e-01
1.535368455604792237e-01
1.427868045297882582e-01
1.466436894797308321e-01
1.532906614147382107e-01
1.438536024946659997e-01
1.427868045297882582e-01
1.341703594288528034e-01
1.297390448055145418e-01
1.280157557853274231e-01
1.282619399310684638e-01
1.311340882980469302e-01
1.255539143279172931e-01
1.216149679960610713e-01
1.221073362875430696e-01
1.181683899556868478e-01
1.208764155588380185e-01
1.260462826193993191e-01
1.243229935992122004e-01
1.194813720663055884e-01
1.217790907598883671e-01
1.231741342524208110e-01
1.252256688002625906e-01
1.258000984736582784e-01
1.260462826193993191e-01
1.258821598555719679e-01
1.235844411619891475e-01
1.171836533727228097e-01
1.148859346791399894e-01
1.134908911866076009e-01
1.130805842770392089e-01
1.212046610864926793e-01
1.219432135237157183e-01
1.157065484982767317e-01
1.201378631216149795e-01
1.244050549811258899e-01
1.168554078450681211e-01
1.088954537994419880e-01
9.798129000492369900e-02
8.846216970293779847e-02
9.034958148695222679e-02
8.862629246676513584e-02
8.796980141145574472e-02
9.084194977843426666e-02
8.189725914984405386e-02
7.188577055637615509e-02
7.114721811915311611e-02
7.065484982767111788e-02
7.861480387329723707e-02
7.648120794354175411e-02
6.909568357131133653e-02
7.163958641063515598e-02
6.950599048087967302e-02
6.080748399803051485e-02
5.604792384703755764e-02
5.908419497784342389e-02
5.424257344493681882e-02
5.046774987690791359e-02
5.465288035450516918e-02
5.169867060561299937e-02
4.201542753979974759e-02
3.938946331856227334e-02
4.981125882159856411e-02
5.194485475135399849e-02
3.955358608238961765e-02
3.454784178565566827e-02
3.988183161004431321e-02
3.446578040374201346e-02
2.297718693582798122e-02
3.028064992614475787e-02
3.233218447398653744e-02
2.634170359428854302e-02
2.970622025274905972e-02
3.101920236336780032e-02
1.788938125718037703e-02
2.995240439849006231e-02
3.668143771541114428e-02
2.765468570490728015e-02
2.519284424749710857e-02
2.904972919743967208e-02
3.364516658460527804e-02
2.740850155916623940e-02
2.117183653372724239e-02
2.322337108156902197e-02
2.798293123256193407e-02
3.200393894633184189e-02
3.044477268997210218e-02
3.397341211225997359e-02
3.380928934843262235e-02
3.758411291646149288e-02
4.414902346955522361e-02
4.972919743968486767e-02
4.152305924831774936e-02
4.291810274085013782e-02
4.661086492696535355e-02
5.202691613326769493e-02
5.251928442474969316e-02
5.506318726407351954e-02
5.768915148531099379e-02
6.433612342031838627e-02
6.482849171180042613e-02
6.244871163630394406e-02
6.187428196290824939e-02
6.999835877236172677e-02
7.738388314459214434e-02
7.631708517971441674e-02
7.467585754144097365e-02
7.812243558181519720e-02
7.254226161168554621e-02
8.132282947644836613e-02
9.092401116034792841e-02
8.444116198916788718e-02
7.820449696372884507e-02
8.698506482849170662e-02
8.862629246676513584e-02
8.534383719021827741e-02
7.607090103397341763e-02
7.984572460200227428e-02
9.043164286886591630e-02
9.010339734121122768e-02
8.501559166256357492e-02
8.698506482849170662e-02
9.125225668800261702e-02
8.838010832102413672e-02
9.166256359757096739e-02
9.748892171344165913e-02
1.032332184473986475e-01
9.757098309535530700e-02
8.821598555719679935e-02
9.371409814541274697e-02
1.061053668143771694e-01
9.986870178893812733e-02
9.010339734121122768e-02
9.757098309535530700e-02
1.070080420154275180e-01
1.009354997538158688e-01
9.683243065813226802e-02
9.576563269325456818e-02
9.707861480387330877e-02
9.174462497948465689e-02
9.223699327096665512e-02
9.822747415066469812e-02
9.822747415066469812e-02
1.015919908091252183e-01
1.043820777941900368e-01
9.995076317085178907e-02
9.913014935171508835e-02
1.006893156080748281e-01
9.978664040702443783e-02
9.519120301985882493e-02
8.288199573280814747e-02
7.853274249138354757e-02
8.132282947644836613e-02
8.345642540620383520e-02
8.329230264237649783e-02
7.992778598391597766e-02
7.828655834564253457e-02
7.483998030526832490e-02
7.270638437551289746e-02
7.434761201378632667e-02
7.771212867224684684e-02
6.351550960118168554e-02
4.972919743968486767e-02
4.652880354505169874e-02
5.079599540456260914e-02
5.112424093221730470e-02
4.603643525356965888e-02
4.455933037912356703e-02
4.357459379615952894e-02
4.201542753979974759e-02
3.553257836861970637e-02
3.840472673559822830e-02
4.398490070572787236e-02
4.185130477597243798e-02
4.283604135893648301e-02
4.390283932381422449e-02
3.733792877072048683e-02
4.365665517807317680e-02
4.062038404726735913e-02
2.880354505169866949e-02
1.912030198588541771e-02
1.641227638273428865e-02
1.468898736254716127e-02
1.329394387001477107e-02
2.010503856884950438e-02
2.765468570490728015e-02
2.666994912194319348e-02
1.657639914656163643e-02
1.271951419661907640e-02
1.485311012637450905e-02
1.591990809125224879e-02
1.116034794025929505e-02
9.190874774331208447e-03
1.271951419661907640e-02
8.534383719021819067e-03
1.099622517643194727e-02
1.288363696044642244e-02
1.509929427211555153e-02
1.099622517643194727e-02
1.386837354341046574e-02
1.526341703594289931e-02
1.977679304119480883e-02
2.281306417200063344e-02
1.165271623174133839e-02
1.583784670933859398e-02
1.780731987526668059e-02
2.108977515181354595e-02
1.362218939766946663e-02
2.018709995076315572e-02
2.207451173477759099e-02
1.370425077958311970e-02
1.198096175939603221e-02
1.263745281470538169e-02
1.501723289020185682e-02
1.715082881995733111e-02
3.200393894633184189e-02
3.676349909732479215e-02
2.724437879533889162e-02
3.421959625800097271e-02
3.389135073034627715e-02
3.298867552929592856e-02
3.307073691120958336e-02
4.267191859510913871e-02
4.373871655998687324e-02
3.840472673559822830e-02
4.283604135893648301e-02
4.620055801739700319e-02
5.432463482685047362e-02
5.555555555555555941e-02
4.693911045462004911e-02
5.186279336944034368e-02
6.072542261611686004e-02
6.597735105859181548e-02
6.367963236500903679e-02
6.392581651075003590e-02
6.737239455112424558e-02
7.057278844575741450e-02
6.909568357131133653e-02
6.720827178729689433e-02
6.786476284260624381e-02
7.016248153618906414e-02
6.203840472673560064e-02
5.424257344493681882e-02
5.465288035450516918e-02
5.612998522895125408e-02
4.972919743968486767e-02
5.145248645987200026e-02
4.882652223863447744e-02
4.907270638437552512e-02
4.505169867060561384e-02
5.128836369604464901e-02
5.432463482685047362e-02
5.145248645987200026e-02
4.176924339405874848e-02
4.800590841949778365e-02
5.571967831938291066e-02
5.842770392253403972e-02
5.645823075660594964e-02
5.965862465123912550e-02
5.473494173641882399e-02
5.908419497784342389e-02
6.712621040538320483e-02
6.113572952568521041e-02
5.654029213851960445e-02
6.540292138519611387e-02
6.532086000328246600e-02
4.972919743968486767e-02
5.424257344493681882e-02
6.523879862136877650e-02
6.737239455112424558e-02
5.916625635975707870e-02
5.629410799277860533e-02
6.302314130969964567e-02
5.063187264073525790e-02
5.202691613326769493e-02
6.187428196290824939e-02
6.302314130969964567e-02
5.834564254062038491e-02
5.793533563105203454e-02
5.112424093221730470e-02
5.448875759067782487e-02
5.974068603315277337e-02
5.596586246512390977e-02
5.169867060561299937e-02
5.030362711308056234e-02
5.407845068110947451e-02
5.243722304283603836e-02
4.579025110782865282e-02
3.979977022813061677e-02
4.267191859510913871e-02
4.111275233874939899e-02
3.865091088133922742e-02
4.300016412276383426e-02
3.979977022813061677e-02
3.553257836861970637e-02
2.822911537830297482e-02
2.412604628261941220e-02
3.364516658460527804e-02
3.774823568028883719e-02
3.274249138355488781e-02
4.316428688659117857e-02
3.504021007713770813e-02
2.937797472509436764e-02
3.200393894633184189e-02
3.865091088133922742e-02
3.397341211225997359e-02
2.617758083046119524e-02
3.060889545379944995e-02
3.110126374528145166e-02
2.379780075496471664e-02
2.141802067946824151e-02
2.675201050385688992e-02
2.658788774002954214e-02
2.371573937305102367e-02
1.895617922205811504e-02
1.985885442310846016e-02
2.100771376989989461e-02
1.731495158378467888e-02
1.961267027736746105e-02
2.601345806663384747e-02
2.962415887083536675e-02
2.429016904644671834e-02
2.026916133267685216e-02
2.035122271459050350e-02
2.150008206138189631e-02
1.879205645823076726e-02
1.567372394551124620e-02
1.575578532742490101e-02
2.158214344329558929e-02
1.600196947316594176e-02
1.271951419661907640e-02
1.723289020187098591e-02
2.133595929755454854e-02
1.936648613162646193e-02
1.756113572952568147e-02
1.682258329230263902e-02
1.033973412112259953e-02
9.519120301985862370e-03
1.198096175939603221e-02
1.452486459871985686e-02
2.043328409650419994e-02
1.501723289020185682e-02
5.498112588215973637e-03
7.549647136057775765e-03
2.264894140817332729e-02
1.953060889545380971e-02
1.764319711143933281e-02
1.731495158378467888e-02
1.624815361890694088e-02
3.085507959954045254e-02
2.470047595601511034e-02
1.321188248810107636e-02
2.453635319218776256e-02
2.724437879533889162e-02
1.591990809125224879e-02
1.829968816674872392e-02
2.158214344329558929e-02
2.511078286558345724e-02
3.052683407188575698e-02
2.552108977515180413e-02
2.314130969965532900e-02
3.356310520269162323e-02
3.733792877072048683e-02
3.651731495158379304e-02
3.938946331856227334e-02
4.185130477597243798e-02
2.716231741342523681e-02
2.002297718693580794e-02
2.379780075496471664e-02
3.684556047923844696e-02
3.955358608238961765e-02
3.881503364516657867e-02
3.545051698670605850e-02
3.036271130805840920e-02
3.553257836861970637e-02
4.185130477597243798e-02
3.947152470047596284e-02
3.413753487608731790e-02
3.709174462497948771e-02
3.618906942392909748e-02
3.307073691120958336e-02
3.528639422287870725e-02
4.045626128344000788e-02
3.971770884621696890e-02
3.635319218775644873e-02
3.479402593139666738e-02
3.906121779090757778e-02
3.717380600689314252e-02
2.814705399638928185e-02
3.192187756441818708e-02
3.372722796651896754e-02
2.978828163466271453e-02
3.216806171015919313e-02
3.971770884621696890e-02
4.956507467585752336e-02
4.390283932381422449e-02
4.849827671097982351e-02
5.571967831938291066e-02
5.194485475135399849e-02
5.333989824388642859e-02
5.662235352043330089e-02
5.309371409814538784e-02
3.504021007713770813e-02
3.298867552929592856e-02
3.602494666010175317e-02
4.373871655998687324e-02
3.865091088133922742e-02
3.421959625800097271e-02
3.947152470047596284e-02
5.711472181191529912e-02
4.595437387165600407e-02
3.618906942392909748e-02
3.348104382077792679e-02
3.996389299195796802e-02
4.029213851961266357e-02
3.528639422287870725e-02
4.160512063023139723e-02
4.472345314295091828e-02
4.316428688659117857e-02
3.167569341867714633e-02
2.470047595601511034e-02
3.602494666010175317e-02
3.865091088133922742e-02
3.750205153454783807e-02
4.135893648449039811e-02
4.570818972591496332e-02
4.390283932381422449e-02
2.995240439849006231e-02
1.903824060397176637e-02
1.870999507631707082e-02
2.379780075496471664e-02
2.273100279008698210e-02
2.650582635811584570e-02
2.716231741342523681e-02
3.356310520269162323e-02
3.200393894633184189e-02
2.560315115706550057e-02
2.092565238798619817e-02
2.978828163466271453e-02
2.855736090595767038e-02
1.477104874446085597e-02
1.862793369440341948e-02
2.232069588051863174e-02
2.666994912194319348e-02
1.075004103069094816e-02
8.370260955194471289e-03
1.633021500082059568e-02
1.247333005087803391e-02
6.646971935007385535e-03
9.683243065813210149e-03
1.797144263909402837e-02
1.682258329230263902e-02
9.601181683899557076e-03
4.595437387165604223e-03
1.641227638273475074e-04
4.759560150992931185e-03
1.403249630723781352e-02
1.493517150828820375e-02
1.788938125718037703e-02
2.158214344329558929e-02
1.427868045297881437e-02
1.132447070408664283e-02
1.239126866896438084e-02
1.247333005087803391e-02
9.108813392417513741e-03
6.400787789266363867e-03
3.610700804201540538e-03
5.416051206302299748e-03
7.795831281798775748e-03
8.780567864762819918e-03
3.856884949942561772e-03
4.513376005251931201e-03
1.148859346791390647e-03
1.124240932217298976e-02
1.436074183489250908e-02
1.222714590513703306e-02
1.591990809125224879e-02
1.788938125718037703e-02
1.649433776464794346e-02
9.190874774331208447e-03
4.759560150992931185e-03
1.649433776464794346e-02
9.519120301985862370e-03
6.646971935007385535e-03
6.811094698834733313e-03
1.222714590513703306e-02
1.575578532742490101e-02
1.255539143279172862e-02
1.961267027736746105e-02
1.583784670933859398e-02
8.862629246676514624e-03
1.764319711143933281e-02
2.125389791564089373e-02
1.821762678483506911e-02
1.583784670933859398e-02
7.631708517971428837e-03
7.139340226489407186e-03
1.083210241260464286e-02
1.312982110618742329e-02
9.108813392417513741e-03
6.400787789266363867e-03
6.975217462662059408e-03
6.236665025439016956e-03
4.759560150992931185e-03
1.198096175939603221e-02
1.559166256359755150e-02
1.001148859346790397e-02
1.025767273920890482e-02
1.690464467421629036e-02
1.797144263909402837e-02
1.797144263909402837e-02
2.445429181027406612e-02
2.174626620712293706e-02
1.665846052847529124e-02
1.542753979977020545e-02
1.928442474971276549e-02
2.429016904644671834e-02
2.108977515181354595e-02
1.977679304119480883e-02
1.788938125718037703e-02
2.338749384539636975e-02
2.387986213687837145e-02
2.305924831774167419e-02
1.518135565402920460e-02
1.706876743804363813e-02
2.199245035286393618e-02
2.437223042836041478e-02
2.199245035286393618e-02
1.846381093057607170e-02
1.903824060397176637e-02
3.298867552929592856e-02
3.774823568028883719e-02
2.609551944854749880e-02
2.100771376989989461e-02
2.929591334318071283e-02
2.806499261447562704e-02
2.970622025274905972e-02
2.248481864434597952e-02
2.067946824224519906e-02
2.314130969965532900e-02
3.430165763991466221e-02
4.185130477597243798e-02
4.144099786640405292e-02
4.209748892171344403e-02
3.462990316756931614e-02
3.594288527818809836e-02
4.357459379615952894e-02
3.906121779090757778e-02
3.348104382077792679e-02
2.543902839323815279e-02
2.379780075496471664e-02
3.126538650910879596e-02
2.568521253897915191e-02
2.125389791564089373e-02
1.690464467421629036e-02
2.100771376989989461e-02
2.150008206138189631e-02
2.018709995076315572e-02
1.821762678483506911e-02
1.994091580502215660e-02
2.207451173477759099e-02
2.289512555391432641e-02
2.223863449860493877e-02
2.429016904644671834e-02
1.436074183489250908e-02
1.304775972427377022e-02
1.452486459871985686e-02
1.312982110618742329e-02
1.173477761365499146e-02
1.222714590513703306e-02
1.805350402100772481e-02
1.263745281470538169e-02
1.296569834236007551e-02
1.772525849335302925e-02
1.042179550303625260e-02
1.312982110618742329e-02
2.199245035286393618e-02
1.468898736254716127e-02
1.009354997538159868e-02
9.601181683899557076e-03
1.756113572952568147e-02
1.386837354341046574e-02
1.017561135729525175e-02
1.739701296569833369e-02
1.903824060397176637e-02
1.854587231248972304e-02
1.616609223699324790e-02
1.493517150828820375e-02
2.232069588051863174e-02
1.674052191038898421e-02
1.788938125718037703e-02
2.059740686033150608e-02
2.420810766453306700e-02
1.665846052847529124e-02
1.222714590513703306e-02
1.518135565402920460e-02
1.345806663384211885e-02
1.838174954866237526e-02
1.641227638273428865e-02
1.821762678483506911e-02
1.280157557853272773e-02
1.025767273920890482e-02
1.288363696044642244e-02
1.583784670933859398e-02
1.895617922205811504e-02
2.125389791564089373e-02
1.764319711143933281e-02
1.255539143279172862e-02
7.385524372230427986e-03
9.190874774331208447e-03
7.385524372230427986e-03
6.893156080748385518e-03
6.975217462662059408e-03
1.411455768915146659e-02
1.296569834236007551e-02
9.437058920072209298e-03
1.148859346791399061e-02
1.181683899556868617e-02
7.139340226489407186e-03
5.990480879698016105e-03
1.452486459871985686e-02
2.420810766453306700e-02
1.403249630723781352e-02
7.139340226489407186e-03
9.683243065813210149e-03
2.133595929755454854e-02
2.018709995076315572e-02
8.124076809453470438e-03
3.938946331856214844e-03
5.416051206302299748e-03
5.990480879698016105e-03
0.000000000000000000e+00
4.923682914820215429e-04
6.154603643525343067e-03
1.042179550303625260e-02
1.025767273920890482e-02
1.066797964877729508e-02
2.051534547841785128e-02
2.429016904644671834e-02
2.026916133267685216e-02
1.370425077958311970e-02
3.528639422287866648e-03
1.534547841785655238e-02
2.691613326768423770e-02
2.108977515181354595e-02
1.386837354341046574e-02
2.018709995076315572e-02
2.806499261447562704e-02
2.067946824224519906e-02
2.117183653372724239e-02
2.798293123256193407e-02
2.946003610700801897e-02
2.182832758903658840e-02
2.215657311669128396e-02
2.470047595601511034e-02
1.829968816674872392e-02
1.575578532742490101e-02
2.675201050385688992e-02
2.593139668472015102e-02
2.363367799113737233e-02
3.175775480059084277e-02
3.914327917282126729e-02
4.037419990152635307e-02
4.209748892171344403e-02
4.710323321844739342e-02
4.521582143443295815e-02
3.635319218775644873e-02
3.110126374528145166e-02
3.512227145905136294e-02
4.521582143443295815e-02
3.963564746430331409e-02
4.045626128344000788e-02
5.169867060561299937e-02
5.621204661086490889e-02
5.727884457574264343e-02
6.441818480223207577e-02
6.597735105859181548e-02
6.884949942557033742e-02
6.376169374692268466e-02
5.678647628426060356e-02
5.908419497784342389e-02
7.049072706384376663e-02
7.697357623502380786e-02
7.040866568193006325e-02
6.729033316921055607e-02
6.712621040538320483e-02
7.049072706384376663e-02
7.204989332020350634e-02
7.163958641063515598e-02
7.434761201378632667e-02
6.819300837026094630e-02
7.098309535532576486e-02
8.165107500410305474e-02
8.821598555719679935e-02
8.517971442639092616e-02
8.263581158706710672e-02
8.600032824552766852e-02
9.026752010503857893e-02
9.166256359757096739e-02
9.026752010503857893e-02
8.903659937633348620e-02
8.879041523059248708e-02
8.460528475299522455e-02
8.772361726571474561e-02
9.510914163794517706e-02
8.788774002954209685e-02
7.984572460200227428e-02
8.476940751682257580e-02
8.796980141145574472e-02
8.033809289348432803e-02
7.073691120958476575e-02
7.442967339569997454e-02
7.131134088298045348e-02
6.991629739044806502e-02
7.738388314459214434e-02
7.500410306909567615e-02
7.073691120958476575e-02
7.139340226489415686e-02
7.393730510421793467e-02
7.049072706384376663e-02
6.228458887247659975e-02
5.752502872148364949e-02
6.056129985228951573e-02
6.285901854587229443e-02
5.432463482685047362e-02
5.514524864598720905e-02
5.670441490234694876e-02
5.530937140981451866e-02
5.637616937469225320e-02
5.046774987690791359e-02
4.332840965041852982e-02
4.989332020351221891e-02
4.833415394715247920e-02
5.375020515345477895e-02
5.892007221401607958e-02
5.137042507795830382e-02
3.979977022813061677e-02
3.988183161004431321e-02
3.594288527818809836e-02
2.675201050385688992e-02
2.749056294107993237e-02
3.044477268997210218e-02
3.700968324306579127e-02
3.594288527818809836e-02
2.773674708682093148e-02
2.584933530280649969e-02
2.814705399638928185e-02
2.699819464959788903e-02
2.806499261447562704e-02
2.749056294107993237e-02
3.085507959954045254e-02
3.380928934843262235e-02
2.617758083046119524e-02
1.780731987526668059e-02
2.601345806663384747e-02
2.584933530280649969e-02
2.108977515181354595e-02
2.215657311669128396e-02
3.134744789102249241e-02
2.732644017725258459e-02
2.330543246348267677e-02
2.839323814213032260e-02
3.520433284096505244e-02
3.397341211225997359e-02
3.421959625800097271e-02
3.602494666010175317e-02
3.282455276546857731e-02
3.602494666010175317e-02
3.709174462497948771e-02
3.553257836861970637e-02
3.807648120794353275e-02
4.775972427375678453e-02
3.979977022813061677e-02
4.258985721319548390e-02
3.750205153454783807e-02
3.717380600689314252e-02
3.479402593139666738e-02
4.144099786640405292e-02
3.791235844411618150e-02
3.930740193664861853e-02
4.291810274085013782e-02
4.226161168554078834e-02
4.382077794190052805e-02
4.455933037912356703e-02
4.595437387165600407e-02
4.767766289184308809e-02
5.276546857049073391e-02
4.185130477597243798e-02
3.692762186115214340e-02
3.865091088133922742e-02
4.004595437387165752e-02
3.947152470047596284e-02
3.774823568028883719e-02
3.741999015263418327e-02
2.757262432299358371e-02
3.167569341867714633e-02
4.423108485146887842e-02
4.300016412276383426e-02
3.873297226325292386e-02
3.930740193664861853e-02
4.357459379615952894e-02
4.242573444936813959e-02
4.226161168554078834e-02
4.496963728869191740e-02
4.193336615788609278e-02
4.308222550467748213e-02
4.981125882159856411e-02
4.579025110782865282e-02
4.119481372066305380e-02
4.037419990152635307e-02
3.126538650910879596e-02
2.634170359428854302e-02
2.494666010175610946e-02
2.929591334318071283e-02
3.134744789102249241e-02
3.052683407188575698e-02
1.912030198588541771e-02
1.944854751354011327e-02
3.249630723781388175e-02
2.839323814213032260e-02
1.887411784014441860e-02
2.248481864434597952e-02
2.896766781552601727e-02
2.010503856884950438e-02
1.591990809125224879e-02
1.452486459871985686e-02
2.387986213687837145e-02
2.478253733792876168e-02
1.468898736254716127e-02
2.043328409650419994e-02
2.445429181027406612e-02
1.780731987526668059e-02
1.493517150828820375e-02
1.747907434761202666e-02
1.633021500082059568e-02
1.165271623174133839e-02
8.698506482849166846e-03
1.304775972427377022e-02
8.042015427539798283e-03
1.033973412112259953e-02
1.583784670933859398e-02
1.255539143279172862e-02
8.698506482849166846e-03
2.215657311669128656e-03
8.780567864762819918e-03
1.354012801575577192e-02
6.482849171180037756e-03
5.908419497784343083e-03
1.312982110618742329e-02
1.345806663384211885e-02
1.042179550303625260e-02
8.124076809453470438e-03
1.140653208600033754e-02
1.009354997538159868e-02
1.091416379451829420e-02
3.118332512719518886e-03
3.938946331856214844e-03
8.370260955194471289e-03
1.296569834236007551e-02
1.591990809125224879e-02
1.788938125718037703e-02
2.552108977515180413e-02
1.739701296569833369e-02
7.385524372230427986e-03
1.025767273920890482e-02
1.370425077958311970e-02
1.009354997538159868e-02
8.206138191367165578e-04
3.446578040374192759e-03
7.549647136057775765e-03
8.370260955194471289e-03
7.795831281798775748e-03
1.001148859346790397e-02
1.813556540292137614e-02
2.059740686033150608e-02
1.189890037748233750e-02
6.975217462662059408e-03
4.923682914820278964e-03
