8.908549761487340179e-02
9.034941085334530220e-02
9.006401108981937353e-02
8.951359726016228091e-02
8.916704040445222468e-02
8.975822562889876344e-02
8.869816936437396881e-02
8.614995719003545882e-02
8.451910139845883463e-02
8.474334406980062184e-02
8.806621274513801167e-02
9.041056794552941589e-02
8.924858319403106144e-02
8.747502752069148679e-02
8.741387042850735922e-02
8.871855506176867801e-02
9.043095364292412508e-02
8.812736983732213925e-02
8.449871570106412544e-02
8.494720104374771374e-02
8.763811309984914644e-02
8.778081298161208301e-02
8.743425612590206841e-02
8.633342846658782765e-02
8.580340033432544422e-02
8.490642964895829536e-02
8.449871570106412544e-02
8.812736983732213925e-02
9.285685163289435218e-02
9.259183756676316046e-02
8.945244016797815334e-02
8.735271333632324553e-02
8.845354099563745853e-02
8.930974028621517513e-02
8.729155624413911796e-02
8.625188567700900477e-02
8.690422799363965722e-02
8.790312716598033815e-02
8.570147184735191215e-02
8.290863130427691963e-02
8.168548946059443761e-02
8.099237574917436677e-02
8.170587515798914680e-02
8.142047539446324589e-02
7.952460553675540222e-02
7.801606392954701930e-02
7.811799241652055137e-02
7.777143556081053677e-02
7.779182125820524596e-02
7.877033473315120382e-02
7.925959147062421051e-02
7.877033473315120382e-02
7.742487870510050829e-02
7.758796428425816794e-02
8.038080482733313270e-02
8.278631711990867836e-02
8.133893260488442301e-02
7.787336404778406884e-02
7.874994903575650851e-02
8.121661842051616786e-02
8.199127492151507546e-02
7.901496310188772798e-02
7.726179312594282089e-02
7.813837811391528831e-02
7.781220695559994127e-02
7.722102173115341639e-02
7.679292208586456503e-02
7.854609206180943048e-02
7.828107799567823877e-02
7.667060790149632377e-02
7.559016593957679220e-02
7.603865128226036663e-02
7.821992090349411120e-02
8.111468993354260804e-02
8.040119052472785577e-02
7.689485057283809710e-02
7.428548130631547342e-02
7.375545317405308998e-02
7.381661026623721755e-02
7.446895258286787000e-02
7.434663839849960099e-02
7.430586700371018261e-02
7.583479430831327472e-02
7.709870754678517513e-02
7.671137929628572827e-02
7.807722102173114687e-02
7.956537693154482060e-02
7.960614832633422511e-02
7.783259265299465046e-02
7.597749419007625293e-02
7.567170872915561508e-02
7.626289395360215384e-02
7.603865128226036663e-02
7.412239572715781377e-02
7.263423981734414003e-02
7.265462551473884922e-02
7.408162433236840927e-02
7.573286582133974265e-02
7.677253638846985584e-02
7.530476617605089129e-02
7.279732539650179968e-02
7.065682717005750124e-02
7.214498307987117498e-02
7.442818118807845162e-02
7.281771109389650887e-02
7.238961144860765751e-02
7.581440861091856553e-02
7.872956333836179932e-02
7.868879194357238094e-02
7.705793615199575675e-02
7.701716475720633837e-02
7.909650589146655086e-02
7.852570636441472129e-02
7.595710849268154374e-02
7.485628083336730298e-02
7.467280955681493415e-02
7.387776735842133125e-02
7.281771109389650887e-02
7.190035471113466470e-02
7.192074040852937389e-02
7.548823745260324625e-02
7.740449300770579910e-02
7.699677905981162918e-02
7.677253638846985584e-02
7.734333591552165765e-02
7.595710849268154374e-02
7.518245199168265003e-02
7.728217882333753008e-02
7.705793615199575675e-02
7.552900884739266463e-02
7.538630896562971417e-02
7.632405104578626753e-02
7.707832184939046594e-02
7.901496310188772798e-02
7.938190565499245177e-02
7.493782362294612587e-02
7.306233946263301915e-02
7.436702409589431018e-02
7.550862314999795544e-02
7.381661026623721755e-02
7.338851062094833844e-02
7.375545317405308998e-02
7.432625270110489180e-02
7.544746605781384174e-02
7.650752232233863637e-02
7.632405104578626753e-02
7.736372161291636684e-02
7.791413544257348722e-02
7.801606392954701930e-02
7.879072043054591301e-02
7.917804868104537375e-02
7.854609206180943048e-02
7.913727728625596924e-02
8.034003343254371432e-02
7.991193378725486296e-02
7.995270518204428134e-02
8.038080482733313270e-02
8.029926203775429594e-02
8.027887634035958675e-02
8.288824560688221044e-02
8.148163248664737346e-02
8.070697598564846587e-02
8.080890447262199794e-02
7.978961960288662170e-02
7.819953520609941588e-02
7.665022220410161458e-02
7.748603579728463586e-02
7.913727728625596924e-02
7.956537693154482060e-02
7.891303461491418203e-02
8.068659028825375668e-02
8.193011782933094789e-02
8.137970399967382751e-02
7.997309087943899053e-02
8.097199005177965758e-02
8.313287397561869296e-02
8.364251641048640884e-02
8.508990092551066420e-02
8.472295837240591265e-02
8.276593142251396917e-02
8.166510376319972841e-02
8.184857503975209725e-02
8.329595955477635261e-02
8.294940269906633801e-02
8.048273331430669253e-02
7.828107799567823877e-02
7.750642149467934505e-02
7.781220695559994127e-02
7.640559383536510429e-02
7.381661026623721755e-02
7.236922575121294832e-02
7.261385411994943084e-02
7.353121050271128889e-02
7.204305459289761515e-02
7.049374159089981384e-02
6.975985648469032463e-02
6.980062787947974301e-02
6.988217066905859365e-02
6.927059974721735958e-02
6.835324336445548765e-02
6.757858686345658006e-02
6.721164431035185627e-02
6.708933012598361501e-02
6.513230317609164377e-02
6.576425979532760091e-02
6.804745790353487755e-02
6.819015778529782801e-02
6.549924572919640919e-02
6.227830554083253756e-02
6.276756227830554424e-02
6.409263260896155834e-02
6.492844620214457962e-02
6.496921759693398413e-02
6.570310270314347334e-02
6.664084478330002670e-02
6.886288579932318965e-02
7.041219880132099096e-02
7.008602764300567167e-02
7.077914135442574251e-02
7.265462551473884922e-02
7.267501121213355841e-02
7.220614017205528867e-02
7.326619643658009717e-02
7.361275329229011177e-02
7.124801239450399837e-02
7.122762669710930306e-02
7.332735352876421087e-02
7.395931014800016801e-02
7.240999714600236670e-02
6.992294206384801203e-02
6.982101357687445220e-02
7.137032657887228126e-02
7.226729726423941624e-02
7.430586700371018261e-02
7.387776735842133125e-02
7.289925388347535951e-02
7.424470991152606891e-02
7.422432421413135972e-02
7.444856688547316081e-02
7.304195376523830996e-02
7.461165246463082046e-02
7.791413544257348722e-02
7.907612019407184167e-02
7.911689158886126005e-02
7.711909324417988432e-02
7.695600766502222467e-02
8.097199005177965758e-02
8.303094548864516089e-02
8.372405920006523172e-02
8.307171688343457927e-02
8.137970399967382751e-02
8.031964773514900513e-02
8.097199005177965758e-02
8.111468993354260804e-02
8.125738981530558624e-02
8.044196191951727415e-02
7.866840624617767175e-02
7.715986463896928882e-02
7.891303461491418203e-02
8.278631711990867836e-02
8.447833000366943013e-02
8.539568638643127430e-02
8.429485872711706129e-02
8.315325967301340215e-02
8.260284584335628177e-02
8.235821747461979925e-02
8.154278957883148715e-02
8.029926203775429594e-02
8.203204631630449384e-02
8.496758674114242293e-02
8.564031475516775682e-02
8.513067232030008258e-02
8.531414359685245141e-02
8.651689974314022424e-02
8.788274146858562896e-02
8.741387042850735922e-02
8.474334406980062184e-02
8.294940269906633801e-02
8.335711664696048018e-02
8.335711664696048018e-02
8.319403106780282053e-02
8.455987279324825301e-02
8.464141558282707589e-02
8.472295837240591265e-02
8.519182941248419627e-02
8.347943083132874920e-02
8.347943083132874920e-02
8.531414359685245141e-02
8.555877196558893394e-02
8.561992905777304763e-02
8.566070045256249377e-02
8.786235577119091977e-02
8.894279773311045134e-02
8.698577078321848011e-02
8.451910139845883463e-02
8.478411546459002635e-02
8.576262893953602584e-02
8.468218697761649427e-02
8.299017409385575639e-02
8.182818934235738806e-02
8.107391853875320353e-02
8.225628898764626717e-02
8.329595955477635261e-02
8.288824560688221044e-02
8.105353284135849434e-02
7.824030660088882039e-02
7.848493496962530291e-02
8.144086109185795508e-02
8.142047539446324589e-02
8.021771924817547306e-02
7.964691972112367124e-02
7.923920577322950132e-02
7.679292208586456503e-02
7.483589513597259379e-02
7.528438047865618210e-02
7.791413544257348722e-02
7.815876381130999750e-02
7.665022220410161458e-02
7.371468177926367160e-02
6.933175683940147327e-02
6.690585884943124617e-02
6.759897256085128925e-02
7.035104170913686339e-02
6.967831369511150175e-02
6.721164431035185627e-02
6.660007338851062220e-02
6.743588698169362960e-02
6.649814490153707625e-02
6.439841806988216844e-02
6.441880376727686375e-02
6.527500305785459422e-02
6.568271700574876415e-02
6.660007338851062220e-02
6.700778733640477824e-02
6.729318709993067915e-02
6.859787173319199793e-02
7.033065601174215420e-02
6.982101357687445220e-02
6.982101357687445220e-02
7.267501121213355841e-02
7.334773922615892006e-02
7.298079667305419627e-02
7.336812492355362925e-02
7.448933828026257919e-02
7.332735352876421087e-02
7.234884005381823913e-02
7.208382598768701965e-02
7.110531251274106179e-02
7.132955518408283513e-02
7.253231133037060796e-02
7.200228319810819677e-02
7.249153993558118958e-02
7.432625270110489180e-02
7.532515187344560048e-02
7.518245199168265003e-02
7.420393851673665053e-02
7.353121050271128889e-02
7.473396664899906172e-02
7.526399478126147291e-02
7.363313898968484872e-02
7.316426794960655122e-02
7.501936641252496263e-02
7.707832184939046594e-02
7.960614832633422511e-02
7.946344844457127465e-02
7.673176499368043746e-02
7.656867941452276394e-02
7.925959147062421051e-02
7.927997716801891970e-02
7.783259265299465046e-02
7.819953520609941588e-02
8.123700411791087705e-02
8.246014596159333132e-02
8.243976026419863601e-02
8.246014596159333132e-02
8.258246014596158646e-02
8.394830187140701894e-02
8.258246014596158646e-02
8.219513189546213960e-02
8.292901700167162882e-02
8.186896073714680644e-02
8.013617645859663630e-02
8.048273331430669253e-02
8.137970399967382751e-02
8.076813307783259344e-02
7.981000530028133089e-02
8.029926203775429594e-02
8.103314714396378515e-02
8.160394667101561472e-02
8.135931830227911832e-02
8.062543319606964298e-02
7.930036286541362889e-02
7.856647775920413967e-02
7.846454927223060760e-02
7.915766298365067843e-02
7.934113426020303339e-02
7.948383414196598384e-02
8.142047539446324589e-02
8.333673094956577099e-02
8.356097362090757208e-02
8.321441676519752972e-02
8.521221510987890546e-02
8.723039915195499039e-02
8.698577078321848011e-02
8.631304276919311846e-02
8.792351286337506122e-02
8.818852692950625294e-02
8.753618461287560049e-02
8.886125494353162846e-02
9.030863945855588382e-02
8.804582704774330248e-02
8.476372976719533103e-02
8.360174501569699046e-02
8.082929017001670713e-02
7.777143556081053677e-02
7.711909324417988432e-02
7.718025033636399801e-02
7.503975210991967182e-02
7.340889631834304763e-02
7.395931014800016801e-02
7.444856688547316081e-02
7.667060790149632377e-02
7.728217882333753008e-02
7.626289395360215384e-02
7.695600766502222467e-02
7.618135116402331708e-02
7.503975210991967182e-02
7.607942267704978501e-02
7.532515187344560048e-02
7.389815305581604044e-02
7.420393851673665053e-02
7.465242385942023884e-02
7.267501121213355841e-02
7.269539690952826760e-02
7.416316712194723215e-02
7.589595140049741617e-02
7.634443674318097672e-02
7.520283768907734534e-02
7.477473804378848010e-02
7.581440861091856553e-02
7.499898071513025344e-02
7.234884005381823913e-02
7.318465364700126041e-02
7.418355281934194134e-02
7.322542504179067879e-02
7.367391038447426710e-02
7.455049537244669289e-02
7.430586700371018261e-02
7.344966771313245213e-02
7.408162433236840927e-02
7.340889631834304763e-02
7.185958331634524632e-02
7.043258449871568627e-02
6.906674277327025380e-02
6.916867126024382750e-02
7.181881192155582794e-02
7.310311085742243753e-02
7.137032657887228126e-02
7.086068414400456539e-02
7.141109797366168577e-02
7.159456925021405460e-02
7.198189750071348758e-02
7.192074040852937389e-02
7.120724099971459387e-02
7.006564194561096248e-02
6.982101357687445220e-02
7.185958331634524632e-02
7.430586700371018261e-02
7.387776735842133125e-02
7.389815305581604044e-02
7.538630896562971417e-02
7.593672279528683455e-02
7.724140742854812558e-02
7.842377787744118922e-02
7.683369348065398341e-02
7.879072043054591301e-02
7.917804868104537375e-02
7.895380600970360041e-02
7.793452113996819641e-02
7.775104986341582758e-02
7.771027846862640920e-02
7.852570636441472129e-02
8.084967586741141632e-02
8.221551759285684879e-02
8.286785990948750125e-02
8.172626085538385599e-02
8.031964773514900513e-02
8.005463366901781341e-02
7.948383414196598384e-02
7.950421983936069303e-02
7.999347657683368584e-02
8.101276144656907596e-02
8.050311901170140172e-02
8.144086109185795508e-02
8.366290210788111803e-02
8.592571451869368548e-02
8.670037101969257920e-02
8.853508378521628142e-02
9.140946711787009682e-02
9.195988094752721720e-02
9.053288212989765715e-02
8.782158437640150139e-02
8.743425612590206841e-02
9.116483874913361429e-02
9.212296652668487684e-02
9.261222326415786965e-02
9.430423614791862141e-02
9.548660659681168505e-02
9.461002160883921763e-02
9.401883638439272051e-02
9.379459371305090554e-02
9.452847881926039475e-02
9.361112243649855058e-02
9.236759489542135937e-02
9.263260896155257884e-02
9.236759489542135937e-02
9.165409548660657935e-02
9.230643780323723180e-02
9.151139560484362889e-02
9.224528071105311811e-02
9.485464997757574179e-02
9.556814938639050794e-02
9.418192196355038015e-02
9.367227952868266427e-02
9.350919394952501851e-02
9.493619276715456468e-02
9.467117870102334520e-02
9.487503567497045098e-02
9.306070860684143020e-02
9.079789619602884887e-02
9.055326782729236634e-02
8.971745423410934506e-02
8.798466995555918879e-02
8.767888449463855094e-02
8.800505565295389798e-02
8.937089737839930270e-02
8.971745423410934506e-02
8.800505565295389798e-02
8.847392669303215385e-02
8.902434052268927422e-02
8.684307090145552965e-02
8.529375789945774222e-02
8.486565825416886311e-02
8.382598768703876380e-02
8.339788804174989856e-02
8.309210258082928846e-02
8.109430423614789885e-02
8.040119052472785577e-02
7.995270518204428134e-02
8.076813307783259344e-02
8.058466180128022460e-02
8.111468993354260804e-02
8.264361723814570015e-02
8.219513189546213960e-02
8.087006156480612551e-02
8.031964773514900513e-02
8.190973213193623870e-02
8.201166061890978465e-02
7.981000530028133089e-02
7.942267704978187015e-02
7.997309087943899053e-02
8.031964773514900513e-02
8.109430423614789885e-02
8.046234761691198334e-02
7.744526440249521748e-02
7.636482244057568591e-02
7.844416357483589841e-02
7.913727728625596924e-02
7.777143556081053677e-02
7.583479430831327472e-02
7.632405104578626753e-02
7.660945080931216844e-02
7.620173686141802627e-02
7.620173686141802627e-02
7.809760671912584218e-02
8.107391853875320353e-02
8.070697598564846587e-02
8.036041912993842351e-02
8.241937456680392682e-02
8.470257267501120346e-02
8.564031475516775682e-02
8.468218697761649427e-02
8.421331593753823841e-02
8.541607208382598349e-02
8.535491499164185591e-02
8.633342846658782765e-02
9.045133934031883427e-02
9.265299465894728803e-02
9.275492314592082010e-02
9.481387858278632341e-02
9.634280588738941553e-02
9.640396297957352922e-02
9.550699229420639425e-02
9.666897704570472094e-02
9.699514820402006798e-02
9.426346475312920303e-02
9.271415175113140172e-02
9.440616463489215349e-02
9.518082113589104720e-02
9.365189383128795508e-02
9.159293839442246565e-02
9.079789619602884887e-02
9.248990907978962839e-02
9.615933461083701894e-02
9.691360541444121735e-02
9.359073673910384139e-02
9.261222326415786965e-02
9.562930647857463551e-02
9.758633342846657899e-02
9.901333224609612516e-02
9.970644595751619599e-02
9.997146002364741546e-02
1.025808292901700114e-01
1.048028703061931743e-01
1.044766991478778551e-01
1.052309699514820535e-01
1.069433685326375005e-01
1.065560402821380398e-01
1.055571411097973589e-01
1.055571411097973589e-01
1.061279406368491884e-01
1.068006686508745501e-01
1.066375830717168627e-01
1.083092102580829330e-01
1.112651363803155852e-01
1.125290496187874439e-01
1.129775349614710322e-01
1.128959921718922094e-01
1.140375912259958269e-01
1.145064622660741244e-01
1.158723039915195568e-01
1.184612875606474436e-01
1.200921433522240678e-01
1.210094997349858981e-01
1.211929710115383224e-01
1.241081257389815423e-01
1.267378807028988197e-01
1.256982101357687620e-01
1.250254821217433587e-01
1.244139111999021524e-01
1.255758959514005069e-01
1.258205243201369894e-01
1.241081257389815423e-01
1.211929710115383224e-01
1.189913156929098548e-01
1.166265747951237414e-01
1.141395197129693728e-01
1.130386920536551598e-01
1.134056346067598836e-01
1.123659640396297843e-01
1.091857952460553727e-01
1.063725690055856710e-01
1.050474986749296569e-01
1.048028703061931743e-01
1.036001141599054015e-01
1.017654013943816993e-01
1.001549313001997843e-01
1.015411587230399260e-01
1.019488726709340681e-01
9.999184572104212465e-02
9.809597586333428099e-02
9.770864761283484801e-02
9.673013413788884851e-02
9.699514820402006798e-02
9.650589146654707517e-02
9.363150813389325977e-02
9.136869572308067844e-02
9.094059607779182708e-02
9.118522444652832348e-02
9.185795246055368513e-02
9.420230766094507546e-02
9.611856321604760056e-02
9.538467810983812523e-02
9.499734985933869225e-02
9.613894891344230975e-02
9.986953153667385563e-02
1.029681575406694721e-01
1.042932278713254723e-01
1.058017694785338553e-01
1.065560402821380398e-01
1.077180250336364081e-01
1.066171973743221674e-01
1.052717413462714580e-01
1.058833122681126782e-01
1.081257389815305503e-01
1.075549394544787485e-01
1.068210543482692593e-01
1.063317976107962665e-01
1.054959840176132452e-01
1.060260121498756564e-01
1.062706405186121389e-01
1.039058996208260255e-01
1.024381294084070609e-01
1.043543849635095860e-01
1.057406123863497277e-01
1.043339992661148768e-01
1.029273861458800399e-01
1.030497003302483089e-01
1.019692583683287773e-01
1.016430872100134580e-01
1.033962571859583235e-01
1.041301422921678127e-01
1.031108574224324226e-01
1.029070004484853307e-01
1.046805561218249331e-01
1.066375830717168627e-01
1.079422677049781815e-01
1.103477799975536994e-01
1.108574224324214152e-01
1.121213356708933018e-01
1.153626615566518548e-01
1.173604599013332306e-01
1.179516451257797416e-01
1.203571574183552734e-01
1.231907693562196704e-01
1.275736942960818687e-01
1.308354058792351171e-01
1.318546907489705211e-01
1.305092347209197978e-01
1.311411913401557272e-01
1.339136461858360105e-01
1.371142006768051314e-01
1.408447833000366911e-01
1.411913401557467196e-01
1.393770130876177404e-01
1.397643413381171595e-01
1.404166836547477981e-01
1.412524972479308472e-01
1.400293554042483790e-01
1.411301830635625920e-01
1.447996085946099964e-01
1.469401068210543504e-01
1.485098055204468470e-01
1.481224772699473724e-01
1.477759204142373439e-01
1.487748195865780387e-01
1.507318465364699822e-01
1.519549883801524781e-01
1.543605006727279683e-01
1.563582990174093856e-01
1.571533412158029608e-01
1.572348840053817975e-01
1.595792392057732156e-01
1.592122966526684780e-01
1.567456272679088047e-01
1.528315733681248900e-01
1.499368043380763516e-01
1.490806050474986488e-01
1.497125616667345782e-01
1.496514045745504506e-01
1.491417621396827764e-01
1.500183471276552438e-01
1.515676601296530313e-01
1.521792310514942514e-01
1.510580176947853015e-01
1.511395604843641383e-01
1.513026460635217840e-01
1.487748195865780387e-01
1.492640763240510315e-01
1.514453459452847484e-01
1.536266155665185207e-01
1.568883271496717691e-01
1.600684959432461807e-01
1.616381946426386773e-01
1.617605088270069325e-01
1.626574795123741091e-01
1.630855791576629465e-01
1.615158804582704499e-01
1.598850246666938257e-01
1.595180821135890881e-01
1.608839238390345205e-01
1.598034818771149890e-01
1.575406694663024354e-01
1.573571981897500249e-01
1.589268968891425216e-01
1.593549965344314423e-01
1.608635381416398114e-01
1.605577526807192013e-01
1.604150527989562092e-01
1.633709789211888475e-01
1.649610633179760533e-01
1.632894361316100107e-01
1.616993517348228049e-01
1.618420516165857692e-01
1.639213927508459956e-01
1.659191910955273574e-01
1.644921922778977974e-01
1.606392954702980380e-01
1.587638113099848758e-01
1.581114689933542372e-01
1.551555428711215989e-01
1.539324010274391308e-01
1.537897011456761664e-01
1.507930036286541098e-01
1.478574632038161807e-01
1.484078770334732733e-01
1.483059485464997274e-01
1.438822522118481662e-01
1.414971256166673297e-01
1.416805968932196846e-01
1.423125535124556695e-01
1.426794960655604072e-01
1.433114526847963366e-01
1.425367961837974429e-01
1.413340400375096839e-01
1.416602111958250032e-01
1.430056672238757265e-01
1.462062217148448473e-01
1.468789497288702228e-01
1.455131080034247903e-01
1.454723366086353997e-01
1.471439637950014145e-01
1.495290903901822233e-01
1.520161454723366057e-01
1.544012720675173866e-01
1.556651853059892732e-01
1.559913564643046480e-01
1.577445264402495273e-01
1.606189097729033288e-01
1.620866799853223073e-01
1.635748358951359671e-01
1.658172626085538115e-01
1.680800750193664206e-01
1.689974314021282509e-01
1.684266318750764491e-01
1.666530762017368605e-01
1.679985322297875283e-01
1.700371019692583641e-01
1.707506013780731025e-01
1.713621722999143782e-01
1.736045990133322225e-01
1.743792555143311440e-01
1.744404126065152716e-01
1.750519835283564640e-01
1.764585966485913149e-01
1.773555673339584915e-01
1.772332531495902364e-01
1.792106657968768890e-01
1.807803644962693856e-01
1.810453785624005774e-01
1.809026786806376408e-01
1.798833938109022368e-01
1.776205814000896832e-01
1.771720960574061365e-01
1.761935825824601232e-01
1.739307701716475141e-01
1.724833856566232726e-01
1.689566600073388325e-01
1.642271782117666057e-01
1.618216659191910600e-01
1.623109226566640806e-01
1.616381946426386773e-01
1.594161536266155699e-01
1.589268968891425216e-01
1.601296530354303083e-01
1.621886084722958254e-01
1.607819953520610023e-01
1.585803400334325208e-01
1.575610551636971446e-01
1.586211114282219115e-01
1.599461817588779533e-01
1.593549965344314423e-01
1.580299262037754282e-01
1.574998980715130448e-01
1.572348840053817975e-01
1.570106413340399965e-01
1.569698699392506058e-01
1.571941126105923792e-01
1.556244139111998548e-01
1.532392873160190738e-01
1.528927304603089898e-01
1.538916296326497124e-01
1.571533412158029608e-01
1.590899824683002506e-01
1.586618828230113298e-01
1.580095405063807190e-01
1.599054103640885349e-01
1.626574795123741091e-01
1.616381946426386773e-01
1.603335100093773724e-01
1.602519672197985634e-01
1.587434256125901666e-01
1.572348840053817975e-01
1.543808863701226775e-01
1.514249602478900392e-01
1.490398336527092582e-01
1.483671056386838549e-01
1.485913483100256838e-01
1.473682064663432156e-01
1.443103518571370314e-01
1.437395523300852296e-01
1.442695804623476130e-01
1.436580095405063928e-01
1.410486402739837830e-01
1.401924409834060248e-01
1.412524972479308472e-01
1.419252252619561949e-01
1.390304562319076565e-01
1.372772862559628049e-01
1.379500142699881804e-01
1.387246707709870464e-01
1.385208137970399822e-01
1.359726016227014722e-01
1.341378888571777839e-01
1.344232886207036848e-01
1.348513882659925778e-01
1.369103437028580672e-01
1.397031842459330597e-01
1.388265992579605923e-01
1.357687446487544081e-01
1.351367880295184787e-01
1.377257715986464071e-01
1.398866555224854147e-01
1.395197129693806770e-01
1.395197129693806770e-01
1.398254984303012871e-01
1.410894116687732014e-01
1.435153096587434007e-01
1.456150364903983363e-01
1.462877645044236841e-01
1.461450646226607197e-01
1.459004362539242372e-01
1.472255065845802513e-01
1.493660048110245497e-01
1.522200024462836698e-01
1.527908019733354716e-01
1.534431442899661380e-01
1.572144983079870884e-01
1.620866799853223073e-01
1.642271782117666057e-01
1.656541770293961657e-01
1.679373751376034007e-01
1.696701594161536264e-01
1.713214009051249598e-01
1.719329718269661800e-01
1.714233293920985057e-01
1.692624454682594426e-01
1.706079014963101659e-01
1.732376564602274849e-01
1.738084559872792867e-01
1.716475720634402791e-01
1.682431605985240664e-01
1.670200187548415982e-01
1.650629918049496547e-01
1.637990785664777682e-01
1.637175357768989314e-01
1.622905369592693714e-01
1.605985240755086196e-01
1.590492110735108322e-01
1.598442532719044074e-01
1.609043095364292297e-01
1.614954947608757407e-01
1.643698780935295423e-01
1.679169894402086916e-01
1.693643739552329608e-01
1.711990867207567046e-01
1.741142414481999523e-01
1.763974395564071873e-01
1.807803644962693856e-01
1.851225180413421656e-01
1.868145309251029174e-01
1.870591592938393999e-01
1.876503445182859664e-01
1.893831287968361365e-01
1.907489705222815690e-01
1.899743140212826475e-01
1.887511721776001516e-01
1.895869857707832007e-01
1.871610877808129458e-01
1.840216903820279526e-01
1.816977208790312714e-01
1.805968932197170307e-01
1.809638357728217684e-01
1.825946915643983925e-01
1.838382191054755699e-01
1.857137032657886766e-01
1.878949728870224489e-01
1.889550291515472158e-01
1.892404289150731722e-01
1.879153585844171581e-01
1.866718310433399808e-01
1.882211440453377682e-01
1.880580584661801224e-01
1.844701757247114993e-01
1.837362906185020517e-01
1.846944183960533281e-01
1.875280303339176835e-01
1.859787173319198683e-01
1.835120479471602506e-01
1.821869776165042365e-01
1.815957923920577255e-01
1.812900069311370876e-01
1.838382191054755699e-01
1.851021323439474842e-01
1.859379459371304777e-01
1.888938720593631160e-01
1.921148122477270015e-01
1.932156399070411867e-01
1.948057243038283926e-01
1.960900232396949883e-01
1.938068251314877533e-01
1.939902964080401082e-01
1.961511803318791158e-01
1.968646797406939097e-01
1.970889224120357108e-01
1.953357524360908315e-01
1.910343702858074699e-01
1.882619154401271866e-01
1.861214172136828882e-01
1.842459330533697259e-01
1.824316059852407190e-01
1.826354629591878109e-01
1.843070901455538257e-01
1.841440045663961800e-01
1.802095649692175838e-01
1.776205814000896832e-01
1.770497818730378259e-01
1.773963387287479099e-01
1.768866962938801801e-01
1.740326986586210600e-01
1.719941289191503075e-01
1.726056998409915555e-01
1.713214009051249598e-01
1.686304888490235132e-01
1.674685040975251449e-01
1.688547315203652865e-01
1.720552860113344074e-01
1.752558405023035559e-01
1.766012965303542792e-01
1.775186529131161373e-01
1.782321523219309034e-01
1.815550209972682794e-01
1.845721042116850452e-01
1.862641170954458247e-01
1.885065438088636691e-01
1.896277571655726191e-01
1.921555836425164199e-01
1.975781791495086759e-01
2.009214335222407610e-01
2.023688180372650025e-01
2.033677172096057251e-01
2.048354874220246757e-01
2.072817711093896398e-01
2.094630407306233566e-01
2.107065682717005617e-01
2.110938965221999808e-01
2.130101520773025059e-01
2.147633220532474407e-01
2.167407347005340934e-01
2.179638765442165615e-01
2.193704896644514124e-01
2.220410160231580943e-01
2.254658131854690717e-01
2.263016267786520652e-01
2.271374403718351143e-01
2.295021812696211860e-01
2.306437803237248452e-01
2.300729807966730434e-01
2.277693969910710159e-01
2.256900558568108450e-01
2.248542422636277960e-01
2.242222856443918666e-01
2.230195294981041076e-01
2.206140172055285620e-01
2.199412891915032142e-01
2.212255881273698099e-01
2.228972153137358525e-01
2.234476291433929451e-01
2.257308272516002634e-01
2.267908835161250858e-01
2.270966689770456959e-01
2.293187099930688311e-01
2.316630651934602492e-01
2.311941941533819378e-01
2.296856525461735410e-01
2.309291800872507461e-01
2.341501202756145761e-01
2.370041179108736962e-01
2.386145880050556112e-01
2.385330452154767744e-01
2.363925469890324760e-01
2.355771190932441361e-01
2.341501202756145761e-01
2.346189913156928875e-01
2.351490194479552709e-01
2.344762914339299509e-01
2.363517755942430576e-01
2.366983324499530861e-01
2.381049455701879369e-01
2.378807028988461358e-01
2.367798752395318951e-01
2.380234027806091002e-01
2.396542585721857244e-01
2.405104578627634826e-01
2.403066008888163907e-01
2.419578423777877241e-01
2.432217556162595828e-01
2.436906266563378942e-01
2.450156969869939083e-01
2.463407673176499224e-01
2.482774085701471567e-01
2.482366371753577383e-01
2.464019244098340500e-01
2.463407673176499224e-01
2.461776817384922211e-01
2.454641823296774827e-01
2.442818118807844052e-01
2.436498552615484758e-01
2.432421413136542920e-01
2.436090838667590575e-01
2.440983406042320503e-01
2.440779549068373411e-01
2.435071553797855393e-01
2.455661108166510009e-01
2.488482080971989585e-01
2.504179067965914829e-01
2.511314062054062490e-01
2.503975210991967737e-01
2.496636359929872984e-01
2.513556488767480501e-01
2.555143311452684474e-01
2.581644718065804756e-01
2.587964284258164049e-01
2.630570391813104036e-01
2.693358339788803901e-01
2.768581563175275817e-01
2.820157377583886738e-01
2.880295184898274963e-01
2.965915113956048010e-01
3.115342275859256937e-01
3.264361723814571681e-01
3.328984384555795373e-01
3.360174501569698213e-01
3.377298487381252823e-01
3.378725486198882466e-01
3.368328780527581889e-01
3.368124923553634797e-01
3.352224079585762739e-01
3.354262649325233103e-01
3.377706201329147007e-01
3.406857748603579483e-01
3.413585028743832961e-01
3.400130468463326006e-01
3.395034044114648708e-01
3.416235169405145156e-01
3.424797162310921905e-01
3.443552003914053805e-01
3.484934969625310131e-01
3.518979084274472813e-01
3.535695356138133238e-01
3.559342765115994234e-01
3.570351041709136641e-01
3.576059036979655215e-01
3.568516328943612814e-01
3.551392343132058205e-01
3.511640233212377504e-01
3.457414278142454944e-01
3.409100175316996939e-01
3.388306763974395230e-01
3.375259917641781904e-01
3.331838382191054104e-01
3.295755697802421613e-01
3.289639988584008856e-01
3.259673013413788567e-01
3.224813470868838072e-01
3.215028336119378771e-01
3.215843764015167139e-01
3.246422310107228704e-01
3.262934724996942037e-01
3.282912708443755379e-01
3.273739144616136798e-01
3.245199168263546152e-01
3.197292779385982331e-01
3.133077832592652823e-01
3.093937293594813398e-01
3.075182451991682053e-01
3.088025441350348288e-01
3.120030986260039496e-01
3.130427691931340628e-01
3.129408407061605168e-01
3.137970399967382473e-01
3.141639825498430127e-01
3.141639825498430127e-01
3.150201818404207432e-01
3.146328535899212686e-01
3.144493823133689414e-01
3.150201818404207432e-01
3.141232111550535944e-01
3.149590247482366157e-01
3.166918090267867303e-01
3.194031067802829416e-01
3.211358910588330562e-01
3.208912626900966014e-01
3.188526929506258489e-01
3.169568230929179498e-01
3.192196355037305588e-01
3.225628898764626440e-01
3.228890610347779355e-01
3.219513189546214238e-01
3.198515921229664882e-01
3.154075100909201623e-01
3.127165980348187713e-01
3.136135687201858646e-01
3.134912545358176095e-01
3.114119134015574386e-01
3.078648020548782616e-01
3.038080482733314103e-01
3.036653483915684459e-01
3.052146613935662334e-01
3.043584621029885029e-01
3.032576344436742621e-01
3.050923472091980337e-01
3.063766461450645462e-01
3.072940025278264597e-01
3.084152158845354097e-01
3.096179720308231409e-01
3.098422147021649420e-01
3.093937293594813398e-01
3.123700411791086595e-01
3.138378113915276657e-01
3.141639825498430127e-01
3.143066824316059771e-01
3.141843682472377219e-01
3.125331267582663886e-01
3.115342275859256937e-01
3.126146695478452253e-01
3.123292697843192411e-01
3.106780282953479078e-01
3.101683858604802335e-01
3.112284421250050559e-01
3.128592979165816801e-01
3.136543401149752830e-01
3.131039262853181904e-01
3.130019977983446444e-01
3.163860235658661479e-01
3.195661923594405596e-01
3.214009051249642757e-01
3.223998042973049705e-01
3.249684021690381619e-01
3.263954009866677497e-01
3.270069719085089699e-01
3.277204713173237360e-01
3.281281852652179198e-01
3.280262567782443739e-01
3.293513271089003602e-01
3.318179964936600057e-01
3.341419659966567424e-01
3.360786072491539489e-01
3.385656623313083036e-01
3.429282015737757927e-01
3.474334406980062462e-01
3.514086516899742607e-01
3.551800057079952389e-01
3.573205039344395373e-01
3.566885473152036079e-01
3.575651323031760476e-01
3.612957149264076073e-01
3.652301545235862590e-01
3.693276796999224731e-01
3.731194194153381605e-01
3.780731438822521606e-01
3.838219105475598192e-01
3.904268765034452082e-01
3.965222000244627565e-01
4.009866677539037916e-01
4.078770334733150538e-01
4.183756676315895651e-01
4.289150731846535503e-01
4.389244506054551520e-01
4.507685407917804699e-01
4.633872874791045704e-01
4.710523096995147818e-01
4.767399192726382573e-01
4.842418559138907952e-01
4.907245076854078736e-01
4.959636319158477469e-01
5.039344395971785406e-01
5.103355485791168933e-01
5.130264606352182843e-01
5.175113140620539731e-01
5.240347372283605809e-01
5.296000326171157457e-01
5.351857137032657308e-01
5.393647816691808927e-01
5.438292493986218723e-01
5.515758144086109205e-01
5.612386349737024105e-01
5.680882292983242543e-01
5.717984262241609938e-01
5.743058670037102242e-01
5.788926489175194590e-01
5.828067028173032904e-01
5.842540873323275319e-01
5.842540873323275319e-01
5.850083581359317719e-01
5.927753088433155293e-01
6.003180168793573745e-01
6.024585151058017285e-01
6.023158152240387642e-01
6.075549394544786930e-01
6.157296041097566341e-01
6.209279569454070336e-01
6.244139111999020830e-01
6.267990377950829473e-01
6.298772781016838129e-01
6.342194316467565374e-01
6.410690259713783812e-01
6.472255065845802235e-01
6.529742732498877711e-01
6.549516858971745625e-01
6.583968687568800826e-01
6.638398499612672143e-01
6.716679577608348772e-01
6.794145227708239254e-01
6.831043339992659558e-01
6.842255473559749612e-01
6.880580584661800669e-01
6.963346516084314430e-01
7.084641415582826340e-01
7.233253149590246345e-01
7.455457251192563195e-01
7.582664002935539660e-01
7.619154401272066890e-01
7.649936804338075547e-01
7.701920332694580651e-01
7.795490683736290283e-01
7.886818608064580793e-01
7.960207118685529437e-01
7.949606556040281768e-01
7.915970155339012715e-01
7.904146450850082495e-01
7.971826966200512565e-01
8.099033717943490140e-01
8.191177070167570129e-01
8.245606882211440336e-01
8.404411464916214936e-01
8.591756023973579071e-01
8.677783666979246302e-01
8.751579891548089130e-01
9.021282668080075062e-01
9.342153545072775511e-01
9.530313532025930234e-01
9.626737880702898043e-01
9.666693847596525835e-01
9.643250295592611376e-01
9.655481714029435780e-01
9.772495617075059871e-01
9.912749215150649107e-01
9.995311289599215776e-01
1.000000000000000000e+00
9.933950340441146665e-01
9.839360704529701573e-01
9.752925347576141268e-01
9.771272475231376209e-01
9.774941900762424973e-01
9.747828923227463971e-01
9.761691197455864000e-01
9.736412932686425714e-01
9.636930729400252638e-01
9.522974680963836036e-01
9.448159171525256639e-01
9.393321645533494468e-01
9.329922126635951107e-01
9.202307660945080459e-01
9.013536103070085570e-01
8.803359562930647142e-01
8.635177559424306315e-01
8.573205039344394818e-01
8.540791780486810536e-01
8.397888041749907995e-01
8.225832755738573532e-01
8.138581970889223749e-01
8.093529579646918659e-01
7.958983976841846886e-01
7.780812981612099666e-01
7.626697109308108180e-01
7.542911893015858960e-01
7.475842948587270165e-01
7.336200921433521094e-01
7.135401802095648893e-01
7.030211603538957243e-01
6.992294206384799260e-01
6.956211521996167324e-01
6.943980103559341810e-01
6.926040689851999943e-01
6.906878134300974414e-01
6.851225180413421656e-01
6.768663105964853877e-01
6.684470175724710472e-01
6.588453540995636848e-01
6.526481020915724240e-01
6.494679332979980124e-01
6.453500224242670891e-01
6.418844538671667488e-01
6.390712276266971026e-01
6.360541444122803645e-01
6.341990459493619392e-01
6.306315489052879419e-01
6.274309944143188211e-01
6.237411831858767908e-01
6.199290577730663943e-01
6.158519182941247783e-01
6.108778081298160689e-01
6.076772536388469481e-01
6.061890977290331772e-01
6.055163697150078850e-01
6.028458433563010921e-01
5.976067191258612743e-01
5.907978961960288489e-01
5.831328739756186375e-01
5.770171647572063245e-01
5.727565540017123258e-01
5.682309291800872186e-01
5.592816080238104393e-01
5.503934439597177875e-01
5.430545928976230341e-01
5.391405389978390916e-01
5.382231826150772891e-01
5.374689118114730491e-01
5.341256574387409639e-01
5.288661475109063259e-01
5.222000244628367538e-01
5.160843152444244408e-01
5.114567619358257877e-01
5.081135075630937026e-01
5.065438088637012060e-01
5.014881559098136599e-01
4.948424185591387969e-01
4.901740938557507254e-01
4.862600399559668385e-01
4.824479145431564420e-01
4.786154034329513918e-01
4.736820646634320453e-01
4.682594691564398448e-01
4.651404574550495052e-01
4.593101480001630099e-01
4.532555958739348800e-01
4.475883719982060582e-01
4.426550332286867118e-01
4.369674236555632363e-01
4.292616300403636065e-01
4.223508786235576351e-01
4.153585844171728270e-01
4.084274473029722019e-01
4.033921800464793650e-01
3.999469971867736784e-01
3.962571859583316480e-01
3.951767439964121165e-01
3.938109022709666562e-01
3.930974028621518901e-01
3.925062176377053236e-01
3.906307334773922446e-01
3.898968483711827138e-01
3.881640640926325991e-01
3.852692950625840607e-01
3.840257675215068556e-01
3.817833408080890112e-01
3.767684592489908835e-01
3.749745178782565858e-01
3.730990337179434513e-01
3.710400782810779341e-01
3.691645941207647996e-01
3.700615648061320040e-01
3.698169364373954937e-01
3.696946222530272386e-01
3.709381497941043881e-01
3.716312635055245006e-01
3.723855343091286851e-01
3.719982060586292105e-01
3.711216210706567709e-01
3.705100501488155507e-01
3.691034370285807276e-01
3.645778122069555649e-01
3.604802870306192397e-01
3.571981897500712821e-01
3.559342765115994234e-01
3.536714641007868698e-01
3.510417091368695508e-01
3.505728380967912394e-01
3.528152648102090838e-01
3.543441921148122176e-01
3.546499775757328554e-01
3.546703632731275646e-01
3.578913034614913946e-01
3.629673421127736499e-01
3.696334651608431665e-01
3.731601908101275789e-01
3.735271333632322888e-01
3.712439352550250815e-01
3.671667957760834655e-01
3.651078403392179483e-01
3.643943409304031822e-01
3.624576996779059757e-01
3.574224324214130832e-01
3.513067232030007148e-01
3.469237982631385164e-01
3.459860561829820047e-01
3.458025849064296220e-01
3.444979002731683448e-01
3.428058873894075931e-01
3.423574020467239909e-01
3.417458311248827707e-01
3.396257185958331259e-01
3.372813633954417356e-01
3.371590492110734805e-01
3.369348065397316794e-01
3.358951359726015662e-01
3.365067068944427864e-01
3.396868756880172535e-01
3.417866025196721891e-01
3.401557467280955649e-01
3.379540914094670834e-01
3.377910058303094099e-01
3.388918334896236506e-01
3.399315040567537638e-01
3.416642883353039339e-01
3.437436294695641048e-01
3.451706282871936371e-01
3.462510702491131687e-01
3.462918416439025870e-01
3.467607126839808429e-01
3.437640151669588140e-01
3.417866025196721891e-01
3.411342602030415505e-01
3.406450034655685299e-01
3.377094630407305731e-01
3.335507807722102314e-01
3.288009132792432121e-01
3.221144045337790973e-01
3.171402943694703880e-01
3.140824397602641760e-01
3.104537856240061622e-01
3.059485464997757087e-01
3.033595629306478081e-01
3.010559791250458361e-01
2.994862804256533395e-01
2.988339381090226454e-01
2.977738818444978786e-01
2.956333836180535246e-01
2.937375137603456809e-01
2.922697435479267303e-01
2.910669874016389436e-01
2.901088596240877227e-01
2.886410894116687720e-01
2.862763485138826169e-01
2.855424634076731416e-01
2.851347494597789578e-01
2.848085783014636663e-01
2.836873649447547163e-01
2.820565091531780921e-01
2.810372242834427436e-01
2.815468667183104179e-01
2.829127084437558226e-01
2.836465935499652979e-01
2.827088514698087862e-01
2.810576099808374528e-01
2.799363966241285029e-01
2.798956252293390845e-01
2.785501692012883335e-01
2.737799160109267160e-01
2.677661352794878935e-01
2.631385819708891849e-01
2.618338973376279077e-01
2.599176417825253549e-01
2.550658458025848452e-01
2.500917356382761358e-01
2.456680393036245469e-01
2.411628001793940934e-01
2.379418599910302634e-01
2.368002609369266043e-01
2.360459901333224475e-01
2.341501202756145761e-01
2.320096220491702776e-01
2.320503934439596960e-01
2.335181636563786467e-01
2.337831777225098384e-01
2.321930933257226326e-01
2.324173359970644059e-01
2.335589350511680651e-01
2.342520487625881775e-01
2.335793207485627743e-01
2.321727076283279234e-01
2.317649936804337951e-01
2.309699514820401645e-01
2.292575529008847035e-01
2.278713254780445618e-01
2.255269702776531993e-01
2.223671871814734691e-01
2.209605740612386182e-01
2.200636033758714694e-01
2.186773759530313277e-01
2.172503771354017676e-01
2.186773759530313277e-01
2.214294451013169018e-01
2.227137440371834975e-01
2.241407428548130576e-01
2.261996982916785193e-01
2.277286255962816253e-01
2.283809679129122916e-01
2.292983242956741219e-01
2.312553512455661209e-01
2.323154075100908877e-01
2.336812492355363202e-01
2.345170628287193693e-01
2.350470909609817527e-01
2.341501202756145761e-01
2.347005341052717242e-01
2.354955763036652994e-01
2.354751906062705902e-01
2.351694051453499801e-01
2.343743629469564049e-01
2.337627920251151292e-01
2.331512211032739368e-01
2.329881355241162633e-01
2.321523219309332142e-01
2.306233946263301360e-01
2.291148530191217392e-01
2.273412973457821784e-01
2.264850980552044202e-01
2.255269702776531993e-01
2.246707709870754410e-01
2.235699433277612003e-01
2.218167733518163209e-01
2.232233864720511718e-01
2.238145716964977383e-01
2.238349573938924475e-01
2.243242141313654126e-01
2.244872997105230583e-01
2.256900558568108450e-01
2.241815142496024760e-01
2.249969421453907603e-01
2.263016267786520652e-01
2.271782117666245326e-01
2.265462551473885477e-01
2.250784849349695693e-01
2.234068577486035267e-01
2.217148448648428027e-01
2.201043747706608600e-01
2.185754474660577817e-01
2.180861907285848167e-01
2.164349492396134833e-01
2.170465201614547035e-01
2.180046479390059799e-01
2.176173196885065053e-01
2.156195213438251435e-01
2.144167651975373567e-01
2.151506503037468876e-01
2.149264076324050865e-01
2.096057406123863209e-01
2.033269458148163067e-01
2.021853467607126476e-01
2.021445753659232292e-01
1.999429200472948032e-01
1.947649529090389742e-01
1.900354711134667751e-01
1.875688017287071019e-01
1.854283035022627757e-01
1.825335344722142650e-01
1.776001957026949740e-01
1.734415134341745490e-01
1.702613446406001374e-01
1.673665756105515989e-01
1.642271782117666057e-01
1.607616096546662932e-01
1.577649121376442365e-01
1.556447996085945640e-01
1.561544420434622937e-01
1.561136706486729031e-01
1.561748277408570029e-01
1.573571981897500249e-01
1.588453540995637125e-01
1.610673951155869033e-01
1.628205650915317548e-01
1.648183634362131167e-01
1.662453622538426767e-01
1.674073470053410173e-01
1.676112039792881092e-01
1.666938475965262789e-01
1.676723610714722090e-01
1.700982590614424639e-01
1.696905451135483356e-01
1.655726342398173290e-01
1.613527948791127764e-01
1.590899824683002506e-01
1.594161536266155699e-01
1.586414971256166206e-01
1.558078851877522375e-01
1.537693154482814573e-01
1.514249602478900392e-01
1.510172462999958831e-01
1.521588453540995423e-01
1.536877726587026483e-01
1.553390141476739539e-01
1.586414971256166206e-01
1.601500387328250175e-01
1.599054103640885349e-01
1.609043095364292297e-01
1.621682227749011163e-01
1.616789660374280957e-01
1.619643658009539966e-01
1.620866799853223073e-01
1.610877808129815847e-01
1.617197374322175141e-01
1.629836506706894284e-01
1.622701512618746622e-01
1.616585803400333865e-01
1.608635381416398114e-01
1.612304806947445490e-01
1.619643658009539966e-01
1.625351653280058539e-01
1.635544501977412579e-01
1.629224935785053008e-01
1.622701512618746622e-01
1.605985240755086196e-01
1.597830961797202798e-01
1.591715252578790596e-01
1.586618828230113298e-01
1.568475557548823507e-01
1.555224854242263366e-01
1.560321278590940663e-01
1.541158723039914857e-01
1.503445182859705631e-01
1.493456191136298405e-01
1.513434174583112024e-01
1.518122884983895138e-01
1.519753740775471873e-01
1.545235862518856695e-01
1.548293717128062796e-01
1.536266155665185207e-01
1.537897011456761664e-01
1.557671137929628191e-01
1.575406694663024354e-01
1.594161536266155699e-01
1.603538957067720816e-01
1.600684959432461807e-01
1.588045827047742942e-01
1.581318546907489464e-01
1.586822685204060390e-01
1.589880539813266491e-01
1.581930117829330740e-01
1.575610551636971446e-01
1.562971419252252581e-01
1.552166999633057265e-01
1.536266155665185207e-01
1.514249602478900392e-01
1.520569168671259963e-01
1.513841888531006208e-01
1.475109063481061522e-01
1.451053940555306621e-01
1.479797773881844081e-01
1.498348758511028334e-01
1.464508500835813298e-01
1.452888653320830170e-01
1.473885921637379248e-01
1.482244057569209184e-01
1.472458922819749605e-01
1.452277082398988894e-01
1.436987809352958112e-01
1.420475394463244223e-01
1.390712276266971303e-01
1.367268724263057122e-01
1.363191584784115562e-01
1.345456028050719399e-01
1.310188771557874721e-01
1.287968361397643646e-01
1.262690096628205638e-01
1.229053695926937695e-01
1.195417295225669752e-01
1.171362172299914295e-01
1.148530191217841390e-01
1.135483344885228618e-01
1.110408937089737702e-01
1.094711950095812736e-01
1.085742243242141247e-01
1.075957108492681530e-01
1.054144412280344084e-01
1.030089289354588905e-01
9.913564643046436642e-02
9.681167692746767139e-02
9.732131936233538727e-02
9.944143189138500427e-02
1.017246299995922809e-01
1.028662290536959123e-01
1.036612712520895152e-01
1.043747706609042952e-01
1.073918538753210611e-01
1.099808374444489756e-01
1.123048069474456706e-01
1.135279487911281526e-01
1.149957190035471172e-01
1.147510906348106069e-01
1.141191340155746636e-01
1.157499898071513156e-01
1.171973743221755432e-01
1.158723039915195568e-01
1.158519182941248477e-01
1.165042606107555001e-01
1.137521914624699260e-01
1.104089370897378269e-01
1.093692665226077276e-01
1.090023239695030038e-01
1.087373099033717844e-01
1.073714681779263519e-01
1.051698128592978981e-01
1.025808292901700114e-01
1.019081012761446497e-01
1.023362009214335289e-01
1.033147143963795006e-01
1.046193990296408055e-01
1.054755983202185360e-01
1.059036979655073873e-01
1.064541117951645077e-01
1.072695396909528198e-01
1.086353814163982523e-01
1.105312512741060960e-01
1.130794634484445643e-01
1.144453051738899968e-01
1.150161047009418264e-01
1.177681738492273728e-01
1.201940718391975998e-01
1.205202429975129330e-01
1.216414563542218830e-01
1.232519264484037980e-01
1.232315407510090888e-01
1.216210706568271738e-01
1.194601867329881245e-01
1.200513719574346494e-01
1.194805724303828198e-01
1.192971011538304649e-01
1.199290577730664081e-01
1.209483426428017844e-01
1.207444856688547064e-01
1.222734129734577985e-01
1.222937986708525077e-01
1.214783707750642233e-01
1.220491703021160251e-01
1.206221714844864651e-01
1.153015044644677273e-01
1.115709218412361814e-01
1.101846944183960397e-01
1.104293227871325361e-01
1.091654095486606635e-01
1.090023239695030038e-01
1.113670648672891172e-01
1.120194071839197697e-01
1.105312512741060960e-01
1.125290496187874439e-01
1.169119745586496423e-01
1.178701023362009048e-01
1.170954458352020111e-01
1.169119745586496423e-01
1.172177600195702524e-01
1.171158315325967203e-01
1.166061890977290322e-01
1.157703755045460248e-01
1.159334610837036705e-01
1.158315325967301385e-01
1.164634892159660678e-01
1.174420026909120535e-01
1.163411750315978127e-01
1.142822195947323372e-01
1.123455783422350890e-01
1.117951645125779686e-01
1.118767073021567915e-01
1.116116932360255998e-01
1.108574224324214152e-01
1.096546662861336285e-01
1.085130672320300110e-01
1.096546662861336285e-01
1.104904798793166776e-01
1.109593509193949473e-01
1.110001223141843657e-01
1.084926815346353018e-01
1.060260121498756564e-01
1.063114119134015573e-01
1.081665103763199548e-01
1.057609980837444369e-01
1.026012149875647206e-01
1.021119582500917278e-01
1.006645737350674585e-01
9.679129123007297608e-02
9.295878011986789813e-02
9.171525257879073467e-02
8.804582704774330248e-02
8.317364537040811134e-02
7.921882007583479213e-02
7.542708036041913255e-02
7.296041097565948708e-02
7.302156806784360077e-02
7.369429608186897629e-02
7.328658213397480636e-02
7.336812492355362925e-02
7.440779549068374243e-02
7.336812492355362925e-02
7.444856688547316081e-02
7.579402291352385634e-02
7.648713662494392718e-02
7.801606392954701930e-02
8.235821747461979925e-02
8.329595955477635261e-02
8.294940269906633801e-02
8.337750234435518937e-02
8.433563012190647967e-02
8.437640151669588418e-02
8.488604395156357230e-02
8.472295837240591265e-02
8.315325967301340215e-02
8.095160435438494839e-02
8.011579076120194098e-02
8.103314714396378515e-02
8.347943083132874920e-02
8.384637338443347299e-02
8.472295837240591265e-02
8.886125494353162846e-02
9.138908142047538763e-02
8.998246830024053677e-02
8.884086924613691927e-02
8.853508378521628142e-02
8.977861132629347263e-02
9.087943898560768563e-02
9.083866759081826725e-02
9.063481061687120310e-02
9.216373792147428134e-02
9.348880825213030932e-02
9.511966404370693351e-02
9.528274962286459315e-02
9.526236392546988396e-02
9.719900517796714601e-02
9.705630529620419555e-02
9.487503567497045098e-02
9.281608023810494768e-02
9.208219513189545846e-02
9.171525257879073467e-02
9.022709666897706093e-02
8.684307090145552965e-02
8.380560198964406848e-02
8.372405920006523172e-02
8.356097362090757208e-02
8.449871570106412544e-02
8.670037101969257920e-02
8.814775553471684844e-02
8.837199820605862177e-02
8.714885636237613975e-02
8.523260080727361465e-02
8.566070045256249377e-02
8.606841440045663594e-02
8.480450116198473554e-02
8.433563012190647967e-02
8.364251641048640884e-02
8.333673094956577099e-02
8.229706038243568555e-02
8.190973213193623870e-02
8.256207444856687727e-02
8.162433236841032391e-02
8.023810494557018225e-02
7.976923390549191251e-02
7.877033473315120382e-02
7.805683532433643768e-02
7.718025033636399801e-02
7.646675092754921799e-02
7.542708036041913255e-02
7.540669466302442336e-02
7.583479430831327472e-02
7.654829371712805475e-02
7.573286582133974265e-02
7.483589513597259379e-02
7.432625270110489180e-02
7.487666653076201217e-02
7.540669466302442336e-02
7.385738166102662206e-02
7.151302646063523172e-02
7.196151180331877839e-02
7.171688343458229586e-02
7.110531251274106179e-02
7.216536877726588417e-02
7.277693969910709049e-02
7.249153993558118958e-02
7.271578260692297679e-02
7.377583887144779917e-02
7.363313898968484872e-02
7.177804052676642343e-02
6.971908508990092013e-02
6.865902882537611163e-02
7.061605577526808286e-02
6.953561381334855129e-02
6.600888816406408344e-02
6.547886003180170000e-02
6.623313083540588453e-02
6.549924572919640919e-02
6.162596322420191286e-02
5.824193745668038852e-02
5.571411097973662241e-02
5.330859868716107675e-02
5.357361275329229622e-02
5.455212622823826102e-02
5.361438414808170766e-02
5.320667020018753773e-02
5.373669833244994892e-02
5.271741346271456574e-02
5.041382965711257991e-02
4.933338769519304834e-02
4.925184490561421852e-02
4.658131854690750195e-02
4.425734904391077917e-02
4.435927753088434594e-02
4.401272067517429665e-02
4.170913686957230387e-02
4.124026582949401332e-02
4.342153545072775789e-02
4.448159171525258720e-02
4.458352020222611928e-02
4.578627634851387129e-02
4.914991641864067951e-02
4.941493048477187816e-02
4.974110164308721826e-02
4.902760223427243824e-02
4.870143107595709814e-02
4.747828923227464387e-02
4.823256003587883534e-02
4.908875932645655887e-02
4.919068781343009789e-02
4.866065968116768670e-02
5.023035838056019026e-02
5.078077221021731064e-02
5.127002894769030344e-02
5.314551310800341710e-02
5.359399845068699847e-02
5.483752599176418968e-02
5.701879561299790650e-02
5.873119419415338827e-02
5.973009336649406920e-02
5.975047906388877145e-02
5.897582256288987773e-02
5.744689525828678561e-02
5.928160802381048089e-02
6.278794797570023956e-02
6.348106168712031039e-02
6.262486239654259379e-02
6.415378970114567203e-02
6.360337587148855165e-02
6.317527622619971417e-02
6.260447669914788460e-02
6.093284951278184203e-02
6.030089289354589183e-02
6.238023402780610432e-02
6.480613201777633836e-02
6.513230317609164377e-02
6.600888816406408344e-02
6.662045908590531751e-02
6.641660211195825336e-02
6.653891629632649463e-02
6.580503119011700541e-02
6.411301830635626753e-02
6.307334773922614046e-02
6.221714844864841693e-02
6.207444856688546647e-02
6.270640518612141667e-02
6.335874750275206913e-02
6.531577445264401260e-02
6.637583071716883498e-02
6.490806050474987043e-02
6.182982019814898395e-02
6.062706405186120417e-02
6.132017776328127501e-02
6.225791984343783531e-02
6.201329147470134584e-02
6.097362090757125347e-02
6.311411913401558660e-02
6.392954702980389869e-02
6.125902067109715438e-02
5.981163615607289208e-02
6.040282138051943084e-02
6.144249194764952321e-02
6.166673461899132430e-02
6.056590695967708354e-02
6.097362090757125347e-02
6.185020589554368620e-02
6.068822114404533175e-02
5.946507930036287054e-02
5.930199372120519008e-02
5.891466547070575016e-02
5.624413911199901278e-02
5.312512741060870791e-02
5.074000081542789226e-02
5.184082847474213301e-02
5.379785542463406955e-02
5.451135483344884958e-02
5.253394218616217609e-02
5.025074407795489251e-02
5.230969951482039582e-02
5.475598320218533210e-02
5.565295388755250178e-02
5.416479797773882804e-02
5.438904064908060831e-02
5.606066783544664395e-02
5.595873934847311187e-02
5.693725282341907667e-02
5.734496677131324660e-02
5.534716842663187086e-02
5.302319892363517584e-02
5.127002894769030344e-02
5.008765849879723980e-02
4.890528804990419698e-02
4.764137481143230352e-02
4.566396216414563003e-02
4.372732091164839574e-02
4.364577812206956592e-02
4.305459289762303410e-02
4.018020956496921869e-02
3.673502670526357372e-02
3.490031393973987844e-02
3.490031393973987844e-02
3.461491417621397754e-02
3.506339951889753809e-02
3.445182859705629708e-02
3.465568557100339592e-02
3.616422717821177885e-02
3.606229869123823983e-02
3.500224242671341746e-02
3.514494230847636791e-02
3.640885554694826137e-02
3.683695519223714049e-02
3.730582623231540329e-02
3.608268438863294902e-02
3.575651323031760892e-02
3.814163982549842458e-02
4.073062339462633907e-02
4.095486606596811241e-02
4.136258001386228234e-02
4.193337954091408415e-02
4.115872303991518349e-02
4.097525176336282160e-02
4.075100909202104132e-02
4.022098095975863014e-02
3.795816854894605574e-02
3.647001263913238200e-02
3.524687079544989998e-02
3.428874301789863743e-02
3.516532800587107016e-02
3.581767032250172955e-02
3.367717209605739642e-02
3.220940188363843187e-02
3.243364455498023297e-02
3.322868675337383587e-02
3.457414278142456610e-02
3.791739715415664430e-02
4.062869490765280006e-02
4.028213805194275077e-02
3.757084029844662276e-02
3.775431157499898466e-02
4.015982386757450950e-02
4.075100909202104132e-02
4.130142292167816170e-02
4.219839360704530362e-02
4.205569372528235317e-02
4.209646512007177155e-02
4.276919313409710544e-02
4.417580625433194935e-02
4.566396216414563003e-02
4.666286133648633178e-02
4.656093284951279276e-02
4.768214620622171496e-02
4.937415908998245978e-02
5.012842989358665124e-02
4.972071594569250907e-02
4.976148734048192052e-02
5.094385778937496334e-02
5.180005707995269382e-02
5.161658580340032498e-02
5.226892812003098437e-02
5.426672646471236705e-02
5.495984017613243094e-02
5.520446854486892041e-02
5.475598320218533210e-02
5.373669833244994892e-02
5.186121417213684220e-02
5.163697150079503417e-02
5.129041464508501263e-02
5.127002894769030344e-02
5.324744159497695611e-02
5.383862681942348793e-02
5.228931381742569356e-02
5.224854242263627518e-02
5.355322705589758703e-02
5.565295388755250178e-02
5.377746972723936730e-02
5.078077221021731064e-02
5.018958698577077188e-02
5.018958698577077188e-02
4.876258816814121877e-02
4.700941819219635331e-02
4.645900436253923294e-02
4.603090471725038157e-02
4.615321890161862284e-02
4.670363273127574322e-02
4.462429159701553766e-02
4.493007705793614082e-02
4.482814857096260874e-02
4.285073592367596301e-02
4.219839360704530362e-02
4.223916500183472200e-02
4.117910873730989268e-02
3.940555306397031804e-02
3.634769845476414074e-02
3.428874301789863743e-02
3.373832918824151705e-02
3.483915684755575781e-02
3.500224242671341746e-02
3.471684266318751655e-02
3.290251559505849577e-02
3.174053084356016213e-02
3.243364455498023297e-02
3.328984384555796344e-02
3.386064337260978607e-02
3.353447221429444597e-02
3.269865862111142468e-02
3.235210176540140314e-02
3.161821665919192087e-02
3.157744526440250943e-02
3.169975944877075069e-02
3.104741713214009477e-02
2.966118970929995657e-02
2.690912056101439631e-02
2.448322257104415187e-02
2.595099278346311988e-02
2.819341949688098856e-02
2.809149100990744954e-02
2.813226240469686446e-02
3.096587434256126495e-02
3.151628817221838880e-02
3.212785909405960205e-02
3.388102907000449526e-02
3.333061524034737488e-02
3.172014514616545988e-02
2.925347576140581093e-02
2.709259183756676168e-02
2.588983569127899925e-02
2.660333510009377581e-02
2.646063521833082535e-02
2.411628001793941073e-02
2.236311004199454180e-02
2.173115342275859507e-02
2.211848167325804193e-02
2.254658131854690717e-02
2.097688261915440361e-02
1.924409834060423000e-02
2.065071146083907391e-02
2.156806784360093543e-02
2.128266808007502411e-02
1.957026949891955622e-02
1.908101276144657035e-02
1.948872670934072640e-02
2.158845354099564462e-02
2.289313817425694259e-02
2.328046642475638944e-02
2.482977942675418728e-02
2.652179231051494598e-02
2.743914869327679709e-02
2.780609124638155211e-02
2.660333510009377581e-02
2.542096465120072257e-02
2.617523545480491404e-02
2.727606311411913745e-02
2.849920495780161947e-02
2.911077587964283619e-02
2.904961878745871209e-02
2.994658947282585401e-02
2.962041831451054166e-02
2.925347576140581093e-02
3.059893178945650993e-02
3.063970318424592484e-02
2.939617564316876139e-02
2.955926122232641756e-02
2.978350389366819784e-02
2.902923309006400637e-02
2.957964691972112675e-02
2.858074774738044929e-02
2.678680637664614117e-02
2.796917682553920828e-02
3.004851795979941731e-02
2.929424715619522585e-02
2.845843356301218027e-02
2.788763403596037846e-02
2.811187670730215873e-02
2.745953439067150281e-02
2.668487788967260563e-02
2.572675011212134308e-02
2.489093651893830791e-02
2.427936559709708078e-02
2.383088025441350982e-02
2.256696701594161289e-02
2.217963876544216603e-02
2.146613935662738601e-02
2.016145472336609151e-02
1.922371264320952081e-02
1.767439964121172644e-02
1.467770212418966803e-02
1.373996004403311121e-02
1.361764585966485606e-02
1.390304562319076911e-02
1.318954621437599256e-02
1.357687446487544115e-02
1.435153096587434007e-02
1.404574550495373171e-02
1.288376075345538420e-02
1.217026134464060765e-02
1.208871855506176568e-02
1.035593427651160421e-02
1.082480531658988263e-02
1.192563297590410951e-02
1.021323439474864161e-02
8.317364537040810094e-03
6.747665837648306533e-03
7.542708036041912041e-03
8.296978839646102638e-03
7.644636523015460594e-03
6.482651771517100071e-03
5.687609573123494563e-03
7.807722102173117636e-03
9.927834631222740708e-03
9.030863945855586647e-03
6.931137114200684041e-03
5.544909691360544110e-03
6.625351653280063535e-03
6.869980022016562542e-03
6.564194561095942036e-03
7.318465364700133501e-03
8.215436050067274551e-03
8.358135931830225004e-03
7.828107799567825958e-03
6.645737350674770123e-03
7.461165246463083087e-03
7.481550943857790542e-03
5.504138296571130066e-03
4.790638887756353513e-03
6.217637705385907487e-03
6.727280140253599078e-03
6.115709218412371077e-03
3.730582623231541543e-03
2.629754963917315530e-03
1.957026949891953020e-03
9.377420801565688633e-04
2.323969502996695025e-03
2.140498226444330528e-03
1.651241488971345742e-03
3.832511110205077520e-03
6.869980022016562542e-03
5.055652953887559975e-03
4.260610755493954467e-03
6.319566192359443030e-03
8.867778366697930473e-03
7.318465364700133501e-03
6.625351653280063535e-03
6.808822929832428032e-03
5.279895625229338516e-03
4.953724466914010555e-03
5.259509927834631060e-03
3.832511110205077520e-03
1.406613120234846519e-03
0.000000000000000000e+00
7.746565009988982693e-04
5.055652953887559975e-03
5.239124230439923605e-03
3.975210991968040550e-03
3.914053899783919051e-03
3.547111346679177046e-03
3.689811228442127066e-03
5.198352835650509561e-03
5.524523993965837522e-03
4.444082032046318097e-03
3.587882741468591524e-03
4.790638887756353513e-03
5.259509927834631060e-03
4.505239124230439596e-03
3.873282504994505007e-03
4.709096098177524559e-03
6.217637705385907487e-03
6.034166428833529112e-03
5.300281322624045104e-03
4.749867492966938602e-03
4.586781913809268550e-03
4.260610755493954467e-03
3.710196925836834522e-03
3.628654136258006001e-03
3.750968320626248565e-03
4.158682268520405047e-03
5.055652953887559975e-03
6.095323521017650611e-03
7.094222693358341082e-03
6.788437232437720577e-03
5.381824112202887068e-03
5.320667020018752559e-03
5.646838178334080520e-03
5.463366901781716023e-03
4.627553308598696472e-03
4.077139478941576092e-03
5.707995270518202019e-03
5.565295388755251565e-03
4.627553308598696472e-03
3.322868675337385062e-03
4.056753781546869504e-03
6.462266074122392616e-03
6.910751416805976585e-03
5.524523993965837522e-03
4.892567374729889056e-03
6.931137114200684041e-03
8.541607208382602512e-03
7.379622456884254132e-03
6.604965955885356080e-03
7.481550943857790542e-03
8.419293024014359514e-03
7.991193378725496010e-03
6.706894442858891622e-03
5.667223875728787108e-03
5.809923757491750572e-03
6.482651771517100071e-03
7.134994088147755126e-03
7.807722102173117636e-03
8.704692787540258686e-03
8.623149997961430599e-03
8.215436050067274551e-03
8.378521629224944603e-03
8.398907326619652058e-03
8.317364537040810094e-03
8.419293024014359514e-03
7.991193378725496010e-03
8.439678721409066969e-03
8.378521629224944603e-03
7.542708036041912041e-03
7.868879194357239135e-03
6.706894442858891622e-03
6.339951889754149618e-03
5.769152362702336528e-03
6.074937823622944023e-03
6.462266074122392616e-03
6.788437232437720577e-03
6.686508745464185034e-03
5.911852244465286114e-03
5.198352835650509561e-03
6.217637705385907487e-03
6.788437232437720577e-03
7.114608390753048538e-03
5.646838178334080520e-03
5.769152362702336528e-03
6.503037468911820537e-03
6.727280140253599078e-03
6.421494679332978572e-03
6.666123048069477579e-03
6.706894442858891622e-03
7.094222693358341082e-03
8.052350470909616642e-03
9.214335222407964154e-03
1.029477718432748358e-02
1.121213356708933122e-02
1.182370448893057223e-02
1.188486158111469460e-02
9.622049170302120202e-03
9.316263709381499697e-03
9.581277775512707026e-03
1.049863415827455466e-02
1.049863415827455466e-02
1.055979125045867703e-02
1.188486158111469460e-02
1.223141843682473001e-02
1.094711950095812562e-02
9.520120683328584660e-03
1.053940555306396958e-02
1.127329065927345358e-02
1.113059077751050313e-02
1.076364822440576199e-02
1.037631997390631167e-02
1.084519101398459008e-02
1.092673380356341817e-02
9.785134749459778111e-03
9.295878011986793976e-03
1.021323439474864161e-02
1.192563297590410951e-02
1.176254739674645160e-02
1.058017694785338275e-02
9.927834631222740708e-03
8.990092551066173471e-03
9.988991723406863074e-03
9.825906144249193022e-03
7.461165246463083087e-03
6.584580258490649492e-03
8.011579076120203466e-03
8.378521629224944603e-03
8.358135931830225004e-03
8.541607208382602512e-03
9.907448933828034987e-03
1.047824846087984721e-02
9.764749052065070656e-03
1.023362009214334907e-02
9.948220328617448163e-03
1.047824846087984721e-02
1.102866229053696759e-02
1.106943368532638250e-02
1.035593427651160421e-02
1.031516288172219104e-02
