3.000735664227358046e-02
3.217563015448948738e-02
3.136252758740851881e-02
3.023967166143956553e-02
3.140124675726951170e-02
3.298873272157043512e-02
3.163356177643550371e-02
3.023967166143956553e-02
3.097533588879854138e-02
3.143996592713051152e-02
3.070430169977155649e-02
3.124637007782552281e-02
2.977504162310759539e-02
2.694854222325472962e-02
2.776164479033569818e-02
2.965888411352460285e-02
2.803267897936268307e-02
2.853602818755564957e-02
2.942656909435861778e-02
2.938784992449761796e-02
2.803267897936268307e-02
2.582568629728577980e-02
2.737445309172570340e-02
2.764548728075270564e-02
3.120765090796452645e-02
3.306617106129244865e-02
2.985247996282959157e-02
3.128508924768651916e-02
3.380183528865140369e-02
3.302745189143143495e-02
3.322104774073644101e-02
3.182715762574050977e-02
2.950400743408061049e-02
2.880706237658263447e-02
2.996863747241258411e-02
3.132380841754751899e-02
3.116893173810353010e-02
2.896193905602664417e-02
2.605800131645176487e-02
2.392844697409687513e-02
2.176017346188096821e-02
2.423820033298485638e-02
2.493514539048283241e-02
2.489642622062183605e-02
2.636775467533976347e-02
2.718085724242071469e-02
2.694854222325472962e-02
2.760676811089170929e-02
2.776164479033569818e-02
2.640647384520076330e-02
2.509002206992682477e-02
2.652263135478375583e-02
2.625159716575677094e-02
2.516746040964881748e-02
2.613543965617376105e-02
2.690982305339372979e-02
2.787780229991869071e-02
2.803267897936268307e-02
2.702598056297672580e-02
2.923297324505362907e-02
3.082045920935454902e-02
3.202075347504549502e-02
3.507956789406434933e-02
3.666705385836527276e-02
3.566035544197931201e-02
3.767375227475122657e-02
3.833197816238818889e-02
3.740271808572424167e-02
3.635730049947728804e-02
3.666705385836527276e-02
3.678321136794826529e-02
3.759631393502923385e-02
3.709296472683624307e-02
3.902892321988616492e-02
3.933867657877414270e-02
3.562163627211831218e-02
3.364695860920741827e-02
3.492469121462035697e-02
3.620242382003329568e-02
3.620242382003329568e-02
3.310489023115344848e-02
3.244666434351647227e-02
3.345336275990242608e-02
3.387927362837340334e-02
3.337592442018043337e-02
3.550547876253531965e-02
3.972586827738412013e-02
3.883532737058117273e-02
3.751887559530723421e-02
3.957099159794012777e-02
4.050025167460409581e-02
3.922251906919115017e-02
3.837069733224918178e-02
3.782862895419521893e-02
3.829325899252718907e-02
4.019049831571611109e-02
3.953227242807913488e-02
3.655089634878228022e-02
3.655089634878228022e-02
3.658961551864327311e-02
3.538932125295232711e-02
3.240794517365547245e-02
3.128508924768651916e-02
3.387927362837340334e-02
3.360823943934641844e-02
3.031711000116158253e-02
3.043326751074457506e-02
3.380183528865140369e-02
3.446006117628838683e-02
3.356952026948541862e-02
3.461493785573237919e-02
3.271769853254345023e-02
3.167228094629649660e-02
3.101405505865953774e-02
3.078174003949355267e-02
3.174971928601851012e-02
3.291129438184844241e-02
3.624114298989429550e-02
3.686064970767025800e-02
3.825453982266618924e-02
3.860301235141518766e-02
3.829325899252718907e-02
3.929995740891314981e-02
3.899020405002516509e-02
3.945483408835713524e-02
3.782862895419521893e-02
3.748015642544624132e-02
3.631858132961628821e-02
3.597010880086731061e-02
3.960971076780112760e-02
4.061640918418708834e-02
3.937739574863514253e-02
4.119719673210205102e-02
4.201029929918301958e-02
4.282340186626398815e-02
4.282340186626398815e-02
4.146823092112905673e-02
4.220389514848801177e-02
4.127463507182406455e-02
4.011305997599411838e-02
3.899020405002516509e-02
3.627986215975529533e-02
3.697680721725325054e-02
3.918379989933015728e-02
3.759631393502923385e-02
3.500212955434234968e-02
3.484725287489836426e-02
3.597010880086731061e-02
3.643473883919928769e-02
3.910636155960815763e-02
4.015177914585511820e-02
3.910636155960815763e-02
3.875788903085918002e-02
3.929995740891314981e-02
4.232005265807100430e-02
4.367522360320593572e-02
4.034537499516010345e-02
3.732527974600224896e-02
3.554419793239631947e-02
3.507956789406434933e-02
3.360823943934641844e-02
3.449878034614938666e-02
3.535060208309133423e-02
3.535060208309133423e-02
3.384055445851240351e-02
3.461493785573237919e-02
3.538932125295232711e-02
3.271769853254345023e-02
3.140124675726951170e-02
3.213691098462848755e-02
3.469237619545437190e-02
3.844813567197118143e-02
3.732527974600224896e-02
3.511828706392534222e-02
3.573779378170130472e-02
3.600882797072831043e-02
3.627986215975529533e-02
3.597010880086731061e-02
3.527316374336933458e-02
3.600882797072831043e-02
3.651217717892128040e-02
3.616370465017230279e-02
3.500212955434234968e-02
3.476981453517636461e-02
3.418902698726138112e-02
3.248538351337746516e-02
3.082045920935454902e-02
3.202075347504549502e-02
3.523444457350834169e-02
3.538932125295232711e-02
3.643473883919928769e-02
3.538932125295232711e-02
3.573779378170130472e-02
3.759631393502923385e-02
3.817710148294419653e-02
3.782862895419521893e-02
3.600882797072831043e-02
3.778990978433421910e-02
3.968714910752312724e-02
3.833197816238818889e-02
3.697680721725325054e-02
3.767375227475122657e-02
3.825453982266618924e-02
3.879660820072017985e-02
3.651217717892128040e-02
3.480853370503736444e-02
3.604754714058931025e-02
3.891276571030317238e-02
3.941611491849614235e-02
3.728656057614124913e-02
3.612498548031130297e-02
3.740271808572424167e-02
4.413985364153792668e-02
4.595965462500483517e-02
4.595965462500483517e-02
4.739226390986176624e-02
4.383010028264992808e-02
3.937739574863514253e-02
3.713168389669724290e-02
3.778990978433421910e-02
3.782862895419521893e-02
3.868045069113718731e-02
3.902892321988616492e-02
4.046153250474309598e-02
4.073256669377008088e-02
4.181670344987803434e-02
4.363650443334494283e-02
4.290084020598598780e-02
3.918379989933015728e-02
3.976458744724511996e-02
4.170054594029504180e-02
4.119719673210205102e-02
4.274596352654199544e-02
4.259108684709798226e-02
4.142951175126805691e-02
4.011305997599411838e-02
3.929995740891314981e-02
4.077128586363107376e-02
4.150695009099004962e-02
3.949355325821813506e-02
3.771247144461222639e-02
3.689936887753125783e-02
3.875788903085918002e-02
4.127463507182406455e-02
4.050025167460409581e-02
3.616370465017230279e-02
3.473109536531537173e-02
3.600882797072831043e-02
3.755759476516823403e-02
4.026793665543811074e-02
4.201029929918301958e-02
4.235877182793199719e-02
4.321059356487396558e-02
4.406241530181593397e-02
4.375266194292793537e-02
4.444960700042591140e-02
4.746970224958376589e-02
5.018004413985363565e-02
5.149649591512757418e-02
5.029620164943662819e-02
4.925078406318967456e-02
4.948309908235568044e-02
4.847640066596971969e-02
5.018004413985363565e-02
5.532969373136639724e-02
5.788515894219228158e-02
5.796259728191427429e-02
5.571688542997637467e-02
5.385836527664847329e-02
5.381964610678747346e-02
5.409068029581445836e-02
5.490378286289542692e-02
5.432299531498044343e-02
5.083827002749061880e-02
5.134161923568358876e-02
5.157393425484957383e-02
5.002516746040964329e-02
4.777945560847174367e-02
4.685019553180780338e-02
4.661788051264179750e-02
4.851511983583071952e-02
4.758585975916675842e-02
4.673403802222481085e-02
4.673403802222481085e-02
4.611453130444882753e-02
4.774073643861075078e-02
5.052851666860261326e-02
5.087698919735161168e-02
5.010260580013164294e-02
4.855383900569171934e-02
4.708251055097378845e-02
4.545630541681186521e-02
4.545630541681186521e-02
4.623068881403182007e-02
4.479807952917488900e-02
4.201029929918301958e-02
3.957099159794012777e-02
3.929995740891314981e-02
3.852557401169319495e-02
3.778990978433421910e-02
3.751887559530723421e-02
3.593138963100631772e-02
3.391799279823439622e-02
3.519572540364734187e-02
3.748015642544624132e-02
3.496341038448135680e-02
3.113021256824253027e-02
3.202075347504549502e-02
3.306617106129244865e-02
3.325976691059744084e-02
3.391799279823439622e-02
3.631858132961628821e-02
3.848685484183218125e-02
3.833197816238818889e-02
3.775119061447322621e-02
3.891276571030317238e-02
3.988074495682813331e-02
3.763503310489022674e-02
3.643473883919928769e-02
3.751887559530723421e-02
3.759631393502923385e-02
3.655089634878228022e-02
3.631858132961628821e-02
3.647345800906028057e-02
3.515700623378634204e-02
3.825453982266618924e-02
4.309443605529097304e-02
4.774073643861075078e-02
4.762457892902775131e-02
4.836024315638672716e-02
5.087698919735161168e-02
5.242575599179153528e-02
5.610407712858635210e-02
5.683974135594532795e-02
5.459402950400742832e-02
5.443915282456343596e-02
5.962752158593719737e-02
6.291865102412202981e-02
6.388663027064699074e-02
6.342200023231502060e-02
6.067293917218415100e-02
6.075037751190614371e-02
6.020830913385216004e-02
5.908545320788322758e-02
5.757540558330428299e-02
5.784643977233128176e-02
5.753668641344328316e-02
5.695589886552832048e-02
5.842722732024625137e-02
6.090525419135013607e-02
6.121500755023811385e-02
5.900801486816123487e-02
5.854338482982924391e-02
5.889185735857822152e-02
5.807875479149726683e-02
5.699461803538932031e-02
5.494250203275641981e-02
5.211600263290353668e-02
5.199984512332054415e-02
5.169009176443256637e-02
4.940566074263366692e-02
4.619196964417082024e-02
4.472064118945289629e-02
4.530142873736785897e-02
4.541758624695087232e-02
4.402369613195493414e-02
4.317187439501296575e-02
4.499167537847987425e-02
4.549502458667286503e-02
4.472064118945289629e-02
4.491423703875788154e-02
4.750842141944475877e-02
4.940566074263366692e-02
4.971541410152166551e-02
4.990900995082665076e-02
4.917334572346768184e-02
5.141905757540558147e-02
5.409068029581445836e-02
5.103186587679560404e-02
5.033492081929762801e-02
5.207728346304254380e-02
5.215472180276455733e-02
5.188368761373755161e-02
5.312270104928949743e-02
5.076083168776859833e-02
5.002516746040964329e-02
5.312270104928949743e-02
5.428427614511944360e-02
5.374220776706547381e-02
5.552328958067138942e-02
5.827235064080225901e-02
6.257017849537305221e-02
6.675184884036085287e-02
6.775854725674680668e-02
6.427382196925697511e-02
6.365431525148100567e-02
6.609362295272389054e-02
6.555155457466990687e-02
6.617106129244589019e-02
6.752623223758082160e-02
7.027529329771170508e-02
7.104967669493164606e-02
7.360514190575753735e-02
7.693499051380338349e-02
7.790296976032833054e-02
7.666395632477639166e-02
7.472799783172648369e-02
7.290819684825958213e-02
7.073992333604367522e-02
6.861036899368877506e-02
6.892012235257675978e-02
6.946219073063072957e-02
7.019785495798970543e-02
6.981066325937970718e-02
6.744879389785883583e-02
6.377047276106399820e-02
6.284121268440003016e-02
6.640337631161187526e-02
6.725519804855384365e-02
6.500948619661593708e-02
6.438997947883996764e-02
6.489332868703294455e-02
6.764238974716381414e-02
6.984938242924070007e-02
6.907499903202075908e-02
6.632593797188987561e-02
6.438997947883996764e-02
6.462229449800596659e-02
6.547411623494792110e-02
6.593874627327990512e-02
6.318968521314903553e-02
6.241530181592905985e-02
6.551283540480891399e-02
6.922987571146474450e-02
7.236612847020558459e-02
7.089480001548766064e-02
7.077864250590466810e-02
7.178534092229062191e-02
7.259844348937156966e-02
7.310179269756456044e-02
7.647036047547139948e-02
7.790296976032833054e-02
7.801912726991132307e-02
7.829016145893832879e-02
7.848375730824330709e-02
7.743833972199636040e-02
7.825144228907732202e-02
7.918070236574127618e-02
7.770937391102333835e-02
7.933557904518526160e-02
8.041971580129321506e-02
8.030355829171022253e-02
8.123281836837417669e-02
8.080690749990318555e-02
8.018740078212722999e-02
8.103922251906919838e-02
8.313005769156309177e-02
8.653734463933093757e-02
9.048669996515273928e-02
9.207418592945368352e-02
9.412630193208655627e-02
9.757230804971538107e-02
9.815309559763038538e-02
9.749486970999339530e-02
1.013280675262322322e-01
1.053935803616370265e-01
1.090331823285708851e-01
1.080264839121849035e-01
1.065164362876060006e-01
1.049289503233050563e-01
1.037286560576141242e-01
1.050838270027490418e-01
1.066713129670499860e-01
1.040384094165021089e-01
1.011731908467882468e-01
1.009795949974832546e-01
1.000116157509582798e-01
9.877260231540635482e-02
9.819181476749139215e-02
9.625585627444147030e-02
9.466837031014052606e-02
9.567506872652650762e-02
9.613969876485847776e-02
9.521043868819453748e-02
9.447477446083553387e-02
9.799821891818639996e-02
1.021798892631741867e-01
1.032640260192821124e-01
1.022960467727571793e-01
1.002826499399852578e-01
1.008634374879002621e-01
1.002052116002632581e-01
1.000116157509582798e-01
1.041932860959460944e-01
1.045804777945560787e-01
1.025670809617841572e-01
9.900491733457233989e-02
9.946954737290431003e-02
1.023734851124791650e-01
1.026058001316451501e-01
1.032640260192821124e-01
1.032253068494211196e-01
1.019088550741471949e-01
1.033027451891431192e-01
1.070197854957989636e-01
1.101947574244008105e-01
1.134471676927246431e-01
1.171254888295194946e-01
1.176675572075734644e-01
1.180160297363224420e-01
1.172416463391024871e-01
1.168931738103534818e-01
1.208425291361753112e-01
1.242885352538041360e-01
1.223525767607542142e-01
1.183257830952104267e-01
1.189065706431253894e-01
1.245982886126921207e-01
1.292445889960119054e-01
1.321098075657257676e-01
1.335424168505827403e-01
1.343555194176636880e-01
1.358268478723815842e-01
1.368335462887675658e-01
1.374530530065435352e-01
1.360204437216865903e-01
1.358268478723815842e-01
1.361366012312696105e-01
1.340457660587756894e-01
1.344716769272466805e-01
1.359042862121035700e-01
1.366399504394625875e-01
1.345878344368296731e-01
1.334649785108607267e-01
1.315677391876718116e-01
1.297866573740658891e-01
1.292833081658729122e-01
1.261470554071320582e-01
1.241336585743601506e-01
1.233979943470011886e-01
1.223138575908932213e-01
1.208038099663143183e-01
1.175513996979904718e-01
1.172803655089634939e-01
1.168157354706314821e-01
1.152669686761915724e-01
1.120919967475897255e-01
1.119371200681457401e-01
1.132148526735586580e-01
1.124017501064777103e-01
1.094590931970418485e-01
1.089944631587098783e-01
1.086459906299608591e-01
1.094590931970418485e-01
1.116273667092577554e-01
1.131374143338366722e-01
1.113950516900917287e-01
1.109691408216207653e-01
1.117048050489797550e-01
1.122468734270337248e-01
1.108529833120377728e-01
1.102334765942618033e-01
1.120532775777287327e-01
1.137569210516126278e-01
1.109691408216207653e-01
1.068261896464939714e-01
1.062066829287180159e-01
1.053161420219150268e-01
1.023734851124791650e-01
9.854028729624036975e-02
9.826925310721337792e-02
9.784334223874237291e-02
9.718511635110541058e-02
9.873388314554534806e-02
1.010570333372052543e-01
1.019475742440082017e-01
1.015991017152592241e-01
1.058194912301080037e-01
1.090331823285708851e-01
1.114724900298137283e-01
1.113176133503697429e-01
1.127502226352266879e-01
1.156154412049405500e-01
1.176288380377124715e-01
1.211522824950632959e-01
1.246370077825531136e-01
1.243272544236651428e-01
1.254501103496341030e-01
1.263019320865760575e-01
1.278894180508769463e-01
1.281604522399039936e-01
1.287799589576799353e-01
1.265729662756030494e-01
1.232818368374181961e-01
1.237464668757501662e-01
1.265729662756030494e-01
1.256049870290781023e-01
1.182096255856274342e-01
1.159251945638285347e-01
1.149959344871645944e-01
1.139117977310566132e-01
1.129050993146706872e-01
1.134471676927246431e-01
1.149572153173035877e-01
1.146474619584156168e-01
1.166608587911874967e-01
1.181321872459054345e-01
1.209586866457583038e-01
1.226236109497812476e-01
1.207263716265923187e-01
1.164672629418825045e-01
1.155767220350795571e-01
1.167770163007704892e-01
1.187129747938203972e-01
1.199519882293723638e-01
1.204553374375653407e-01
1.189065706431253894e-01
1.181321872459054345e-01
1.185580981143764118e-01
1.173965230185464864e-01
1.168544546404924750e-01
1.148797769775816019e-01
1.136407635420296353e-01
1.144151469392496318e-01
1.137182018817516349e-01
1.137569210516126278e-01
1.113563325202307358e-01
1.077941688930189185e-01
1.091493398381538776e-01
1.105432299531497881e-01
1.082587989313508886e-01
1.063615596081620013e-01
1.064777171177449938e-01
1.072133813451039558e-01
1.085685522902388733e-01
1.113176133503697429e-01
1.134084485228636502e-01
1.129438184845316800e-01
1.123243117667557106e-01
1.149572153173035877e-01
1.216556317032562590e-01
1.237851860456111730e-01
1.234367135168621954e-01
1.254888295194951098e-01
1.281217330700429868e-01
1.281991714097649726e-01
1.291284314864289129e-01
1.283927672590699787e-01
1.275796646919889754e-01
1.283540480892089719e-01
1.270375963139350195e-01
1.251403569907460767e-01
1.217330700429782586e-01
1.204166182677043340e-01
1.223525767607542142e-01
1.213458783443682742e-01
1.203778990978433411e-01
1.196422348704843514e-01
1.196809540403453442e-01
1.196035157006233446e-01
1.185580981143764118e-01
1.162736670925775123e-01
1.143377085995276321e-01
1.160800712432725201e-01
1.175901188678514786e-01
1.159639137336895276e-01
1.140279552406396057e-01
1.144925852789716175e-01
1.153444070159135720e-01
1.174352421884074793e-01
1.194099198513183663e-01
1.202617415882603485e-01
1.245982886126921207e-01
1.300189723932318742e-01
1.312579858287838408e-01
1.330390676423897078e-01
1.346652727765516588e-01
1.333488210012777064e-01
1.320710883958647885e-01
1.348588686258566371e-01
1.352073411546056148e-01
1.311418283192008483e-01
1.258760212181050941e-01
1.206876524567313258e-01
1.180160297363224420e-01
1.147249002981376026e-01
1.107368258024547802e-01
1.074844155341309337e-01
1.049676694931660492e-01
1.001277732605412724e-01
9.857900646610136264e-02
9.823053393735238503e-02
9.846284895651837010e-02
9.888875982498934736e-02
9.989545824137528729e-02
1.017926975645642024e-01
1.032640260192821124e-01
1.045417586246950720e-01
1.069036279862159711e-01
1.094590931970418485e-01
1.130212568242536797e-01
1.149572153173035877e-01
1.151895303364695866e-01
1.170480504897975088e-01
1.185193789445154189e-01
1.211135633252022892e-01
1.261083362372710792e-01
1.316838966972548042e-01
1.354009370039106208e-01
1.383823130832074755e-01
1.420219150501413341e-01
1.427575792775002683e-01
1.441127502226351997e-01
1.473651604909590740e-01
1.503852557401169354e-01
1.492236806442869546e-01
1.483718589073450278e-01
1.507724474387269198e-01
1.528632826112208132e-01
1.522437758934448160e-01
1.537151043481627677e-01
1.534827893289967826e-01
1.537538235180237745e-01
1.557285011809346753e-01
1.590583497889805076e-01
1.656018894954891796e-01
1.710225732760289330e-01
1.745072985635187923e-01
1.757075928292097244e-01
1.782243388701746090e-01
1.817090641576644405e-01
1.848065977465442877e-01
1.873620629573701790e-01
1.875556588066751573e-01
1.884074805436171396e-01
1.895303364695860859e-01
1.860068920122352476e-01
1.812831532891934772e-01
1.775273938126766538e-01
1.742362643744917727e-01
1.690091764432570531e-01
1.645177527393812678e-01
1.613040616409184280e-01
1.603360823943934255e-01
1.601424865450884472e-01
1.568126379370426149e-01
1.536763851783017609e-01
1.527084059317768139e-01
1.536376660084407819e-01
1.539861385371897595e-01
1.525922484221938213e-01
1.532504743098307975e-01
1.535602276687187684e-01
1.498431873620629518e-01
1.477136330197080516e-01
1.506562899291439273e-01
1.541022960467727521e-01
1.553025903124637119e-01
1.549928369535756856e-01
1.517404266852518391e-01
1.521276183838618234e-01
1.559220970302396814e-01
1.580903705424555883e-01
1.585550005807875584e-01
1.583614047314825524e-01
1.592519456382855136e-01
1.649049444379912244e-01
1.675378479885391014e-01
1.654470128160452080e-01
1.647113485886862461e-01
1.661052387036821565e-01
1.712936074650559248e-01
1.740813876950478012e-01
1.741588260347697870e-01
1.717582375033879227e-01
1.721841483718589139e-01
1.711000116157509465e-01
1.708676965965849615e-01
1.702869090486699710e-01
1.696286831610330226e-01
1.693576489720060307e-01
1.709838541061679540e-01
1.705579432376969629e-01
1.657954853447941856e-01
1.626205134161923249e-01
1.649436636078522311e-01
1.681960738761760776e-01
1.674991288186781224e-01
1.650985402872962304e-01
1.654082936461842013e-01
1.675765671584001082e-01
1.695125256514500300e-01
1.715646416540829167e-01
1.723777442211638922e-01
1.709838541061679540e-01
1.704805048979749771e-01
1.706741007472799554e-01
1.697835598404770219e-01
1.724551825608858779e-01
1.712548882951949181e-01
1.660278003639601707e-01
1.630077051148023093e-01
1.616912533395283846e-01
1.604135207341154390e-01
1.575483021644015769e-01
1.562705695589886590e-01
1.541410152166337311e-01
1.533666318194137901e-01
1.527471251016378206e-01
1.513532349866418825e-01
1.493011189840089681e-01
1.489526464552599905e-01
1.506950090990049063e-01
1.537538235180237745e-01
1.584388430712045659e-01
1.607232740930034653e-01
1.604522399039764180e-01
1.621946025477213615e-01
1.680411971967320783e-01
1.708676965965849615e-01
1.741201068649087802e-01
1.767530104154566573e-01
1.795020714755875268e-01
1.823285708754404100e-01
1.848065977465442877e-01
1.875169396368141506e-01
1.883300422038951538e-01
1.887946722422271240e-01
1.934796917954079154e-01
2.014171216169124978e-01
2.047469702249583856e-01
2.041661826770433674e-01
2.041274635071823884e-01
2.095481472877221141e-01
2.139621326518759414e-01
2.154334611065938931e-01
2.150075502381228743e-01
2.174468579393657452e-01
2.224803500212955143e-01
2.259263561389243669e-01
2.305726565222441515e-01
2.342896968288999682e-01
2.340186626398729763e-01
2.329732450536260435e-01
2.349866418863979511e-01
2.383939288341657969e-01
2.397103806094396938e-01
2.389359972122197528e-01
2.386649630231927610e-01
2.400975723080497337e-01
2.413365857436016448e-01
2.417624966120726082e-01
2.421884074805435993e-01
2.400975723080497337e-01
2.382390521547217976e-01
2.399039764587447277e-01
2.413365857436016448e-01
2.414140240833236306e-01
2.392457505711077237e-01
2.369226003794478452e-01
2.368451620397258317e-01
2.365741278506988676e-01
2.324698958454330666e-01
2.276299996128082759e-01
2.239516784760134660e-01
2.203120765090796074e-01
2.149301118984008607e-01
2.089286405699461724e-01
2.055987919619003401e-01
2.024238200332984794e-01
2.009137724087195487e-01
2.006427382196925568e-01
2.018043133155225100e-01
2.037402718085724040e-01
2.051728810934293490e-01
2.070701204166182641e-01
2.107097223835520949e-01
2.136523792929879428e-01
2.138072559724319421e-01
2.132264684245169795e-01
2.148913927285398817e-01
2.162465636736748409e-01
2.184535563557517268e-01
2.202346381693576216e-01
2.208928640569946256e-01
2.236806442869865019e-01
2.296821156154411903e-01
2.315406357687690986e-01
2.319665466372400897e-01
2.373485112479188364e-01
2.428079141983195965e-01
2.450923452201184405e-01
2.466411120145584057e-01
2.498160839431602387e-01
2.533782475703720838e-01
2.547334185155070152e-01
2.534556859100940418e-01
2.531072133813450642e-01
2.529136175320401136e-01
2.539203159484260675e-01
2.553142060634219779e-01
2.595345955782707992e-01
2.644906493204785547e-01
2.696402989119913163e-01
2.745963526541990718e-01
2.755256127308630121e-01
2.795524063964068273e-01
2.836566384016726561e-01
2.830371316838967144e-01
2.846246176481976309e-01
2.870639253494404741e-01
2.882255004452704550e-01
2.891160413520734163e-01
2.882255004452704550e-01
2.875285553877724443e-01
2.856313160645835292e-01
2.845858984783365964e-01
2.863282611220814844e-01
2.877221512370775058e-01
2.851666860262515590e-01
2.812560498702907363e-01
2.779649204321059663e-01
2.755643319007239911e-01
2.762999961280829808e-01
2.769195028458590335e-01
2.713439423858752808e-01
2.688659155147713475e-01
2.694854222325472892e-01
2.703759631393502505e-01
2.697564564215743088e-01
2.702210864599062790e-01
2.720021682735122570e-01
2.703759631393502505e-01
2.679753746079683863e-01
2.701436481201842654e-01
2.716924149146242584e-01
2.704534014790722640e-01
2.680528129476903998e-01
2.664266078135284488e-01
2.660006969450574577e-01
2.651488752081155309e-01
2.622836566384016965e-01
2.623998141479846891e-01
2.628257250164556247e-01
2.645293684903395892e-01
2.651875943779765099e-01
2.656135052464475010e-01
2.689820730243543401e-01
2.702985247996282370e-01
2.678979362682464282e-01
2.680140937778294208e-01
2.690595113640763536e-01
2.706082781585162356e-01
2.734734967282301255e-01
2.764935919773879314e-01
2.809850156812637723e-01
2.887675688233244387e-01
2.959306152476090523e-01
3.110698106632593940e-01
3.276803345336276041e-01
3.408448522863669616e-01
3.481240562202346789e-01
3.542804042281333388e-01
3.617919231811669856e-01
3.672900453014287248e-01
3.694195996437835694e-01
3.682193053780926650e-01
3.662059085453208129e-01
3.706586130793356193e-01
3.739884616873813683e-01
3.732527974600224341e-01
3.708909280985016044e-01
3.683354628876756576e-01
3.679095520192046664e-01
3.676385178301777024e-01
3.652379292987958381e-01
3.633406899756068675e-01
3.621791148797769422e-01
3.602431563867270481e-01
3.574940953265961507e-01
3.565261160800712315e-01
3.586169512525651526e-01
3.611724164633910439e-01
3.635342858249118736e-01
3.652379292987958381e-01
3.641537925426879263e-01
3.605529097456150467e-01
3.565648352499322105e-01
3.544740000774383448e-01
3.541255275486893672e-01
3.518798156967514190e-01
3.459170635381577097e-01
3.375150036783211571e-01
3.318232857087544119e-01
3.282611220815425668e-01
3.281836837418205532e-01
3.253571843419676424e-01
3.200913772408718883e-01
3.149417276493592377e-01
3.119603515700623553e-01
3.130832074960312461e-01
3.140511867425562209e-01
3.153289193479691943e-01
3.150966043288032092e-01
3.141286250822781789e-01
3.142060634220001925e-01
3.153676385178301733e-01
3.157935493863011644e-01
3.132768033453362522e-01
3.120377899097843133e-01
3.149030084794982032e-01
3.192782746737909405e-01
3.293065396677894996e-01
3.440972625546908081e-01
3.595074921593681139e-01
3.715104348162775461e-01
3.831649049444380006e-01
3.986912920586982434e-01
4.155341309482324941e-01
4.284276145119448320e-01
4.462384326480040575e-01
4.654818600689201169e-01
4.802725829558214254e-01
4.971541410152166551e-01
5.091958028419870663e-01
5.223603205947264794e-01
5.392418786541216535e-01
5.532194989739419588e-01
5.651062841212683985e-01
5.790451852712278358e-01
5.923645797034111649e-01
6.001084136756108522e-01
6.032059472644906162e-01
6.067681108917024613e-01
6.132342122584891753e-01
6.220234638169357400e-01
6.324002013396833322e-01
6.452549657335346911e-01
6.576838192589151699e-01
6.682154334611066782e-01
6.781275409455221892e-01
6.882332442792427063e-01
6.955124482131103125e-01
6.999264335772641399e-01
7.049599256591938534e-01
7.120068145738955856e-01
7.211058194912300934e-01
7.338831455453596053e-01
7.506485460951718425e-01
7.642776938862431146e-01
7.769388624307895785e-01
7.854570798002090681e-01
7.930847562628258185e-01
8.007124327254424578e-01
8.063654315251481686e-01
8.099275951523601247e-01
8.118248344755488732e-01
8.100437526619429507e-01
8.148062105548458112e-01
8.264993998528672448e-01
8.483370116544701744e-01
8.729236845162040570e-01
8.960003097533589811e-01
9.103651217717892985e-01
9.152050180044141170e-01
9.175668873659348357e-01
9.219808727300887741e-01
9.397529716962869095e-01
9.628295969334418336e-01
9.793239632942271067e-01
9.911720292716925673e-01
9.966701513919542510e-01
9.972896581097301372e-01
9.965539938823713140e-01
9.981414798466721194e-01
1.000000000000000000e+00
9.978704456576451554e-01
9.946180353893213644e-01
9.931079877647424059e-01
9.911720292716925673e-01
9.907073992333605972e-01
9.915205018004414894e-01
9.888875982498935846e-01
9.790142099353391636e-01
9.644558020676037291e-01
9.505556200875053818e-01
9.317768227049212371e-01
9.144306346071942038e-01
9.023889727804236260e-01
8.944902621287800226e-01
8.857397297401945480e-01
8.802028884500717743e-01
8.708328493437101914e-01
8.581716807991637275e-01
8.471754365586402491e-01
8.364115073372827558e-01
8.205753668641344589e-01
8.048553839005693211e-01
7.963758857010105885e-01
7.935106671312968096e-01
7.874317574631201078e-01
7.761644790335695543e-01
7.605606535795873535e-01
7.392651101560383520e-01
7.169241491462423621e-01
6.987261393115731245e-01
6.819994579316219774e-01
6.684477484802726632e-01
6.590389902040499903e-01
6.514500329112944410e-01
6.420025554652109001e-01
6.314709412630193919e-01
6.203585395129127544e-01
6.082394393464204407e-01
5.976303868045068635e-01
5.861307933557904359e-01
5.735083439811050621e-01
5.634413598172455240e-01
5.507414721028380811e-01
5.330468114763619036e-01
5.188368761373756133e-01
5.047043791381112809e-01
4.874743485499670737e-01
4.667595926743330348e-01
4.405079955085763332e-01
4.149533434003174759e-01
3.892825337824756815e-01
3.629147791071359319e-01
3.483563712394006640e-01
3.481240562202346789e-01
3.503310489023115371e-01
3.483950904092616430e-01
3.451426801409377410e-01
3.434390366670538874e-01
3.436326325163588380e-01
3.434390366670538874e-01
3.434003174971928529e-01
3.438262283656638441e-01
3.456847485189917246e-01
3.467688852750996920e-01
3.472722344832926411e-01
3.487048437681496416e-01
3.520346923761954461e-01
3.535447400007744045e-01
3.577264103457621358e-01
3.616370465017230140e-01
3.633406899756068675e-01
3.606690672551980392e-01
3.598559646881170915e-01
3.639601966933828647e-01
3.669028536028187681e-01
3.643861075618539114e-01
3.630309366167189244e-01
3.624888682386649408e-01
3.596236496689511064e-01
3.600108413675610630e-01
3.627986215975529394e-01
3.663607852247647845e-01
3.680644286986486935e-01
3.693421613040616114e-01
3.722073798737755013e-01
3.721686607039145223e-01
3.712781197971115610e-01
3.686839354164246352e-01
3.657025593371278083e-01
3.633794091454679021e-01
3.627599024276919049e-01
3.614434506524180080e-01
3.614434506524180080e-01
3.609013822743640243e-01
3.626824640879699468e-01
3.666318194137917486e-01
3.687613737561466487e-01
3.681031478685096725e-01
3.674062028110117173e-01
3.636891625043558451e-01
3.568745886088202091e-01
3.535834591706353836e-01
3.526541990939713878e-01
3.506408022611994801e-01
3.496728230146745608e-01
3.495953846749525473e-01
3.481627753900956579e-01
3.458009060285747172e-01
3.444070159135788067e-01
3.406125372672009766e-01
3.375924420180431706e-01
3.324427924265304091e-01
3.253184651721066634e-01
3.215239865257288887e-01
3.161033027451891630e-01
3.075463662059085279e-01
3.006156348007898438e-01
2.957370193983041018e-01
2.902388972780423626e-01
2.877608704069384848e-01
2.867154528206914965e-01
2.866380144809694830e-01
2.863669802919425189e-01
2.861346652727765338e-01
2.852441243659735726e-01
2.841599876098656607e-01
2.830758508537576934e-01
2.837727959112556486e-01
2.845471793084756174e-01
2.843148642893096323e-01
2.851279668563905800e-01
2.831145700236187279e-01
2.817981182483447200e-01
2.813722073798737289e-01
2.815658032291787349e-01
2.812947690401517153e-01
2.827660974948697503e-01
2.852828435358345516e-01
2.859797885933325068e-01
2.880706237658264834e-01
2.893483563712394013e-01
2.898517055794323505e-01
2.894645138808223939e-01
2.909358423355403178e-01
2.922910132806752492e-01
2.920199790916482296e-01
2.918651024122042581e-01
2.905099314670693267e-01
2.878383087466604984e-01
2.883416579548534475e-01
2.888837263329074312e-01
2.866767336508305175e-01
2.851666860262515590e-01
2.858636310837495143e-01
2.862508227823595264e-01
2.853215627056955861e-01
2.841212684400046262e-01
2.840438301002826682e-01
2.829596933441747009e-01
2.825337824757037652e-01
2.805591048127927811e-01
2.795524063964068273e-01
2.790103380183528992e-01
2.766484686568319584e-01
2.757966469198899762e-01
2.754094552212800195e-01
2.761451194486389538e-01
2.752545785418360480e-01
2.726991133310102122e-01
2.709567506872652132e-01
2.705308398187942220e-01
2.688271963449103685e-01
2.656909435861695146e-01
2.633677933945096084e-01
2.615092732411816723e-01
2.602702598056297334e-01
2.601928214659077754e-01
2.558562744414759615e-01
2.491191388856622835e-01
2.462926394858094281e-01
2.438920509544275361e-01
2.386649630231927610e-01
2.350640802261199369e-01
2.360320594726448840e-01
2.347543268672319661e-01
2.294498005962752052e-01
2.245711851937894354e-01
2.235644867774035094e-01
2.241452743253184721e-01
2.232934525883764898e-01
2.228288225500444919e-01
2.261199519882293452e-01
2.316567932783521189e-01
2.325086150152940734e-01
2.300305881441901679e-01
2.294110814264142262e-01
2.321601424865450958e-01
2.335540326015410062e-01
2.349092035466759654e-01
2.327796492043210652e-01
2.314244782591861060e-01
2.316567932783521189e-01
2.313470399194640925e-01
2.304564990126611590e-01
2.261973903279513864e-01
2.208928640569946256e-01
2.192666589228326746e-01
2.182599605064467485e-01
2.176791729585317303e-01
2.196538506214426589e-01
2.228675417199054987e-01
2.242227126650404578e-01
2.271653695744763057e-01
2.270879312347543200e-01
2.273202462539203050e-01
2.291400472373872343e-01
2.310760057304371284e-01
2.343284159987609472e-01
2.348704843768149586e-01
2.332829984125140144e-01
2.312308824098811000e-01
2.289464513880822560e-01
2.278235954621132819e-01
2.285979788593332229e-01
2.289851705579432350e-01
2.283269446703062588e-01
2.288690130483602148e-01
2.304564990126611590e-01
2.297208347853021970e-01
2.286366980291942297e-01
2.314244782591861060e-01
2.309211290509931291e-01
2.274751229333643043e-01
2.281720679908622595e-01
2.278623146319742887e-01
2.250745344019824123e-01
2.199248848104696508e-01
2.125295233670190242e-01
2.040113059975993959e-01
1.990939714252526471e-01
1.953769311185968027e-01
1.864328028807062387e-01
1.806636465714175077e-01
1.784566538893405940e-01
1.759399078483757095e-01
1.711387307856119255e-01
1.668409029310411462e-01
1.661826770434041978e-01
1.670344987803461523e-01
1.672668137995121374e-01
1.657954853447941856e-01
1.640144035311882909e-01
1.652921361366012087e-01
1.679250396871490858e-01
1.712936074650559248e-01
1.736554768265768101e-01
1.739652301854648087e-01
1.743137027142138140e-01
1.748557710922677699e-01
1.752042436210167475e-01
1.749332094319897835e-01
1.741588260347697870e-01
1.763658187168467006e-01
1.751268052812947618e-01
1.702094707089479853e-01
1.654857319859061870e-01
1.654470128160452080e-01
1.649823827777132379e-01
1.622333217175823683e-01
1.611491849614744287e-01
1.632787393038293011e-01
1.638208076818833125e-01
1.621558833778603548e-01
1.606458357532814241e-01
1.619235683586943697e-01
1.629689859449413025e-01
1.640918418709102766e-01
1.664537112324311896e-01
1.726100592403298772e-01
1.781469005304526232e-01
1.783017772098966225e-01
1.772950787935106687e-01
1.787276880783675859e-01
1.846130018972393094e-01
1.911565416037480092e-01
1.901885623572230344e-01
1.876718163162581499e-01
1.855422619739032775e-01
1.876718163162581499e-01
1.919696441708289569e-01
1.924729933790219338e-01
1.921245208502729562e-01
1.932860959461028816e-01
1.943315135323498699e-01
1.918922058311069712e-01
1.890657064312541158e-01
1.870523095984821804e-01
1.844968443876563169e-01
1.816316258179424548e-01
1.782630580400356157e-01
1.746234560731017849e-01
1.692414914624230382e-01
1.640144035311882909e-01
1.633948968134123214e-01
1.611104657916134220e-01
1.577418980137065552e-01
1.557285011809346753e-01
1.543346110659387371e-01
1.529794401208038057e-01
1.522050567235838092e-01
1.497270298524799315e-01
1.456615170170751372e-01
1.462810237348511067e-01
1.467069346033220700e-01
1.446548186006892112e-01
1.417896000309753490e-01
1.408216207844503742e-01
1.393115731598714435e-01
1.319549308862817960e-01
1.265342471057420426e-01
1.222751384210322284e-01
1.207650907964533116e-01
1.216943508731172657e-01
1.187516939636814040e-01
1.134084485228636502e-01
1.114724900298137283e-01
1.077554497231579117e-01
1.051225461726100346e-01
1.055484570410810119e-01
1.063615596081620013e-01
1.068261896464939714e-01
1.101947574244008105e-01
1.131374143338366722e-01
1.160800712432725201e-01
1.185968172842374047e-01
1.214233166840902739e-01
1.266504046153250351e-01
1.302900065822588382e-01
1.309482324698958422e-01
1.323034034150307736e-01
1.364463545901575814e-01
1.417896000309753490e-01
1.419057575405583416e-01
1.417896000309753490e-01
1.447322569404111969e-01
1.453904828280481454e-01
1.454679211677701589e-01
1.469779687923490619e-01
1.486428930963719919e-01
1.486428930963719919e-01
1.498431873620629518e-01
1.505401324195609070e-01
1.483331397374840210e-01
1.476749138498470448e-01
1.485654547566500061e-01
1.503078174003949219e-01
1.522050567235838092e-01
1.526696867619158349e-01
1.523212142331668018e-01
1.535989468385797752e-01
1.581290897123165673e-01
1.603360823943934255e-01
1.590583497889805076e-01
1.573934254849575776e-01
1.555736245014907038e-01
1.539087001974677460e-01
1.503852557401169354e-01
1.443450652418012126e-01
1.398149223680644204e-01
1.357106903627985917e-01
1.319162117164207892e-01
1.319549308862817960e-01
1.334262593409997477e-01
1.332326634916947139e-01
1.338134510396097043e-01
1.320710883958647885e-01
1.285863631083749570e-01
1.274635071824059829e-01
1.244821311031091282e-01
1.220041042320052366e-01
1.200294265690943635e-01
1.191001664924303816e-01
1.159251945638285347e-01
1.105819491230107809e-01
1.074844155341309337e-01
1.047740736438610570e-01
1.043481627753900937e-01
1.033801835288651466e-01
9.912107484415533243e-02
9.807565725790839961e-02
9.799821891818639996e-02
1.017539783947032095e-01
1.057807720602469970e-01
1.046966353041390713e-01
1.019862934138691946e-01
1.060130870794129820e-01
1.142989894296666392e-01
1.185580981143764118e-01
1.204940566074263336e-01
1.247144461222751133e-01
1.267665621249080277e-01
1.287412397878189563e-01
1.286250822782359637e-01
1.273473496728229903e-01
1.274635071824059829e-01
1.238626243853331588e-01
1.194486390211793592e-01
1.167770163007704892e-01
1.156541603748015568e-01
1.126727842955046882e-01
1.105045107832887952e-01
1.094203740271808556e-01
1.077554497231579117e-01
1.061292445889960162e-01
1.052774228520540339e-01
1.042707244356680940e-01
1.033801835288651466e-01
1.027219576412281427e-01
1.026058001316451501e-01
1.029542726603941416e-01
1.057807720602469970e-01
1.074069771944089341e-01
1.097301273860688403e-01
1.119758392380067330e-01
1.134471676927246431e-01
1.160800712432725201e-01
1.173190846788244868e-01
1.151508111666085798e-01
1.126340651256436953e-01
1.105045107832887952e-01
1.082200797614898957e-01
1.036512177178921246e-01
1.016765400549812098e-01
1.001664924304022652e-01
9.745615054013238854e-02
9.803693808804739285e-02
9.606226042513647811e-02
9.180315174042670556e-02
8.777635807488287645e-02
8.479498199558600791e-02
8.448522863669802319e-02
8.467882448600301537e-02
8.301390018198009924e-02
8.084562666976420620e-02
7.902582568629727688e-02
8.026483912184921576e-02
8.165872923684515394e-02
7.906454485615826977e-02
7.867735315754829928e-02
7.960661323421226732e-02
7.925814070546326195e-02
7.867735315754829928e-02
7.852247647810431386e-02
7.647036047547139948e-02
7.577341541797344426e-02
7.561853873852944496e-02
7.825144228907732202e-02
7.894838734657527723e-02
7.964533240407326020e-02
8.192976342587214578e-02
8.479498199558600791e-02
8.580168041197196171e-02
8.452394780655901607e-02
8.386572191892205375e-02
8.262670848337011487e-02
7.902582568629727688e-02
7.751577806171834617e-02
7.716730553296936856e-02
7.724474387269136821e-02
7.952917489449026767e-02
8.254927014364811522e-02
8.115538002865219092e-02
8.111666085879118415e-02
8.436907112711503065e-02
8.603399543113794679e-02
8.719557052696789989e-02
8.785379641460486222e-02
8.533705037363999157e-02
8.618887211058193221e-02
8.808611143377084729e-02
9.075773415417973111e-02
9.160955589112167174e-02
8.742788554613388496e-02
8.762148139543887715e-02
8.920896735973982139e-02
8.847330313238083166e-02
8.932512486932281393e-02
8.827970728307583947e-02
9.009950826654276879e-02
9.226778177875867570e-02
9.087389166376272365e-02
9.106748751306770195e-02
9.455221280055753352e-02
9.683664382235643298e-02
9.381654857319857155e-02
9.145467921167768632e-02
9.068029581445773146e-02
9.044798079529174639e-02
9.114492585278970160e-02
8.804739226390985440e-02
8.494985867503000720e-02
8.502729701475200685e-02
8.564680373252797629e-02
8.560808456266696953e-02
8.750532388585588461e-02
8.746660471599489173e-02
8.359468772989507579e-02
8.138769504781817599e-02
8.088434583962519908e-02
8.162001006698416106e-02
8.247183180392612944e-02
7.817400394935533625e-02
7.755449723157935293e-02
7.914198319588026942e-02
7.720602470283037533e-02
7.445696364269950573e-02
7.255972431951057677e-02
7.043016997715569050e-02
6.694544468966584505e-02
6.427382196925697511e-02
6.167963758857009093e-02
6.113756921051612114e-02
6.346071940217601348e-02
6.334456189259302095e-02
6.090525419135013607e-02
5.680102218608432812e-02
5.571688542997637467e-02
5.730437139427729809e-02
5.854338482982924391e-02
5.854338482982924391e-02
6.032446664343515258e-02
6.303480853370502235e-02
6.121500755023811385e-02
5.761412475316529669e-02
5.532969373136639724e-02
5.591048127928136685e-02
5.846594649010724426e-02
6.082781585162814336e-02
6.078909668176714354e-02
5.900801486816123487e-02
6.028574747357415275e-02
6.384791110078599785e-02
6.690672551980485216e-02
6.973322491965770753e-02
6.957834824021372211e-02
6.713904053897083724e-02
6.516436287605993638e-02
6.644209548147286815e-02
6.888140318271576690e-02
6.942347156076973669e-02
6.787470476632981309e-02
6.667441050063886709e-02
6.756495140744182837e-02
7.054632748673868303e-02
7.120455337437564536e-02
7.101095752507065317e-02
7.248228597978857712e-02
7.542494288922446666e-02
7.859991481782629963e-02
7.894838734657527723e-02
7.767065474116234547e-02
7.631548379602740018e-02
7.720602470283037533e-02
7.732218221241336786e-02
7.879351066713129181e-02
7.883222983699228470e-02
7.492159368103147588e-02
7.255972431951057677e-02
7.166918341270762938e-02
7.050760831687769015e-02
6.965578657993572176e-02
6.744879389785883583e-02
6.636465714175088237e-02
6.458357532814497370e-02
6.051806249274015864e-02
5.738180973399929080e-02
5.606535795872535227e-02
5.687846052580632084e-02
5.471018701359042086e-02
5.087698919735161168e-02
5.095442753707361133e-02
5.265807101095752729e-02
5.018004413985363565e-02
4.770201726874975096e-02
4.808920896735974226e-02
4.642428466333680531e-02
4.553374375653386485e-02
4.746970224958376589e-02
4.886359236457969712e-02
4.832152398652573427e-02
4.704379138111278863e-02
4.789561311805473620e-02
4.890231153444069695e-02
5.021876330971463548e-02
5.331629689859448268e-02
5.300654353970650490e-02
5.230959848220854275e-02
5.509737871220041217e-02
5.525225539164440453e-02
5.494250203275641981e-02
5.343245440817747521e-02
5.381964610678747346e-02
5.529097456150540435e-02
5.854338482982924391e-02
6.191195260773609682e-02
6.009215162426916751e-02
5.877569984899522898e-02
5.873698067913422916e-02
5.525225539164440453e-02
5.277422852054051983e-02
5.540713207108839689e-02
6.001471328454716786e-02
6.373175359120300532e-02
6.377047276106399820e-02
6.330584272273202806e-02
6.291865102412202981e-02
6.524180121578192215e-02
6.996553993882372036e-02
6.988810159910170683e-02
6.771982808688581379e-02
6.880396484299376725e-02
6.988810159910170683e-02
6.880396484299376725e-02
6.508692453633793673e-02
6.295737019398303658e-02
6.001471328454716786e-02
5.761412475316529669e-02
5.773028226274828922e-02
6.047934332287915882e-02
6.214426762690208189e-02
5.815619313121926648e-02
5.494250203275641981e-02
5.622023463816934463e-02
5.745924807372129045e-02
5.889185735857822152e-02
5.877569984899522898e-02
5.645254965733535052e-02
5.420683780539745089e-02
5.385836527664847329e-02
5.347117357803847504e-02
5.149649591512757418e-02
5.289038603012351236e-02
5.443915282456343596e-02
5.312270104928949743e-02
5.246447516165253511e-02
5.219344097262555021e-02
5.118674255623959640e-02
5.203856429318154397e-02
5.381964610678747346e-02
5.575560459983737449e-02
5.567816626011537484e-02
5.416811863553645107e-02
5.254191350137453476e-02
5.126418089596158911e-02
5.169009176443256637e-02
5.374220776706547381e-02
5.393580361637046600e-02
5.083827002749061880e-02
4.959925659193867298e-02
5.079955085762961897e-02
4.975413327138266534e-02
4.774073643861075078e-02
4.812792813722074209e-02
5.048979749874162037e-02
4.901846904402368948e-02
4.352034692376195030e-02
4.173926511015603469e-02
4.514655205792386661e-02
5.002516746040964329e-02
5.176753010415455908e-02
5.219344097262555021e-02
5.339373523831648233e-02
5.130290006582258894e-02
5.169009176443256637e-02
5.474890618345141374e-02
5.939520656677121230e-02
6.349943857203702025e-02
6.404150695009097616e-02
6.485460951717195166e-02
6.957834824021372211e-02
7.112711503465364571e-02
7.070120416618266845e-02
6.613234212258489730e-02
6.260889766523404509e-02
6.423510279939596834e-02
6.257017849537305221e-02
5.800131645177527412e-02
5.792387811205328141e-02
5.865954233941223644e-02
5.571688542997637467e-02
5.358733108762148839e-02
5.494250203275641981e-02
5.447787199442442885e-02
5.501994037247841945e-02
5.579432376969837432e-02
5.459402950400742832e-02
5.327757772873348285e-02
5.138033840554458165e-02
5.025748247957563530e-02
5.261935184109652747e-02
5.486506369303440628e-02
5.482634452317341339e-02
5.180624927401555890e-02
5.331629689859448268e-02
5.405196112595345853e-02
5.207728346304254380e-02
5.199984512332054415e-02
5.006388663027064312e-02
4.642428466333680531e-02
4.611453130444882753e-02
4.731482557013977353e-02
4.464320284973089664e-02
4.340418941417895776e-02
4.321059356487396558e-02
4.317187439501296575e-02
3.879660820072017985e-02
3.457621868587137937e-02
3.380183528865140369e-02
3.484725287489836426e-02
3.538932125295232711e-02
3.380183528865140369e-02
3.147868509699151135e-02
2.996863747241258411e-02
2.907809656560963671e-02
2.931041158477562178e-02
3.016223332171757282e-02
2.872962403686063829e-02
2.745189143144769958e-02
2.934913075463662160e-02
3.085917837921554885e-02
3.039454834088357524e-02
3.097533588879854138e-02
3.236922600379447262e-02
3.209819181476749467e-02
3.267897936268245734e-02
3.213691098462848755e-02
3.194331513532350231e-02
3.395671196809539605e-02
3.775119061447322621e-02
3.929995740891314981e-02
3.957099159794012777e-02
4.131335424168506437e-02
4.232005265807100430e-02
3.988074495682813331e-02
4.019049831571611109e-02
4.019049831571611109e-02
3.833197816238818889e-02
3.817710148294419653e-02
3.837069733224918178e-02
3.778990978433421910e-02
3.573779378170130472e-02
3.523444457350834169e-02
3.581523212142332518e-02
3.763503310489022674e-02
3.686064970767025800e-02
3.597010880086731061e-02
3.438262283656637330e-02
3.295001355170944224e-02
3.205947264490649484e-02
3.082045920935454902e-02
2.981376079296859175e-02
2.861346652727764575e-02
2.826499399852866815e-02
2.830371316838966450e-02
2.756804894103069212e-02
2.756804894103069212e-02
2.772292562047470182e-02
2.838115150811166068e-02
2.857474735741664940e-02
2.958144577380260667e-02
2.938784992449761796e-02
2.861346652727764575e-02
2.849730901769465322e-02
3.023967166143956553e-02
2.969760328338559921e-02
2.729701475200370722e-02
2.578696712742477998e-02
2.419948116312386002e-02
2.268943353854493278e-02
2.357997444534789752e-02
2.582568629728577980e-02
2.493514539048283241e-02
2.222480350021295917e-02
2.253455685910094042e-02
2.268943353854493278e-02
2.280559104812792531e-02
2.311534440701590656e-02
2.261199519882293660e-02
2.098579006466101682e-02
2.145042010299298696e-02
2.083091338521702446e-02
1.947574244008208957e-02
1.955318077980408575e-02
1.839160568397413612e-02
1.986293413869206700e-02
2.381228946451388259e-02
2.741317226158669976e-02
2.989119913269058793e-02
2.981376079296859175e-02
2.950400743408061049e-02
2.900065822588764053e-02
2.671622720408874455e-02
2.478026871103882270e-02
2.377357029465288624e-02
2.509002206992682477e-02
2.512874123978782112e-02
2.404460448367986766e-02
2.319278274673789927e-02
2.071475587563401458e-02
1.738490726758817884e-02
1.788825647578114880e-02
2.114066674410500571e-02
2.187633097146396075e-02
2.388972780423587877e-02
2.586440546714677616e-02
2.849730901769465322e-02
2.888450071630463065e-02
2.969760328338559921e-02
3.016223332171757282e-02
2.923297324505362907e-02
3.051070585046656777e-02
3.209819181476749467e-02
3.275641770240445005e-02
3.143996592713051152e-02
3.035582917102257888e-02
3.120765090796452645e-02
3.403415030781739570e-02
3.902892321988616492e-02
3.995818329655012602e-02
3.945483408835713524e-02
4.108103922251905848e-02
4.111975839238005831e-02
4.111975839238005831e-02
3.906764238974716474e-02
3.511828706392534222e-02
3.167228094629649660e-02
3.004607581213457682e-02
3.051070585046656777e-02
2.826499399852866815e-02
2.652263135478375583e-02
2.439307701242884527e-02
2.218608433035196281e-02
2.141170093313199060e-02
2.160529678243697932e-02
1.680411971967321269e-02
1.424865450884733181e-02
1.374530530065434276e-02
1.420993533898633372e-02
1.494559956634528876e-02
1.382274364037633894e-02
1.200294265690943045e-02
1.331939443218336898e-02
1.618461300189723284e-02
1.552638711426027225e-02
1.366786696093234832e-02
1.463584620745730751e-02
1.471328454717930369e-02
1.533279126495528527e-02
1.498431873620628685e-02
1.366786696093234832e-02
1.451968869787431497e-02
1.633948968134122173e-02
1.552638711426027225e-02
1.362914779107135023e-02
1.258373020482441394e-02
1.204166182677042854e-02
1.273860688426840457e-02
1.386146281023733530e-02
1.335811360204436707e-02
1.266116854454641012e-02
1.227397684593641361e-02
1.153831261857745857e-02
8.789251558446588980e-03
8.131025670809609307e-03
1.076392922135748637e-02
9.486196615944545926e-03
8.479498199558607729e-03
1.057033337205249938e-02
1.018314167344252195e-02
1.033801835288651258e-02
1.126727842955047541e-02
1.014442250358152386e-02
1.122855925968947732e-02
1.374530530065434276e-02
1.428737367870832990e-02
1.355170945134935578e-02
1.308707941301738391e-02
1.471328454717930369e-02
1.591357881287024795e-02
1.587485964300925159e-02
1.738490726758817884e-02
1.874007821272311372e-02
1.963061911952607846e-02
2.156657761257597949e-02
2.299918689743291403e-02
2.307662523715490674e-02
2.203120765090795311e-02
2.249583768923994406e-02
2.160529678243697932e-02
2.017268749758004825e-02
2.148913927285398678e-02
2.257327602896194024e-02
2.059859836605102204e-02
1.881751655244510990e-02
2.148913927285398678e-02
2.276687187826692549e-02
2.152785844271498314e-02
1.947574244008208957e-02
1.912726991133309115e-02
1.819800983466914740e-02
1.715259224842219377e-02
1.610717466217523666e-02
1.688155805939520887e-02
1.676540054981221634e-02
1.668796221009022016e-02
2.021140666744104461e-02
2.222480350021295917e-02
2.098579006466101682e-02
1.796569481550314151e-02
1.517791458551127556e-02
1.552638711426027225e-02
1.610717466217523666e-02
1.544894877453827781e-02
1.568126379370426288e-02
1.571998296356526270e-02
1.463584620745730751e-02
1.444225035815232053e-02
1.502303790606728494e-02
1.494559956634528876e-02
1.633948968134122173e-02
1.719131141828319012e-02
1.730746892786618266e-02
1.804313315522515851e-02
1.734618809772718248e-02
1.595229798273124777e-02
1.525535292523327001e-02
1.506175707592828129e-02
1.587485964300925159e-02
1.765594145661516026e-02
1.730746892786618266e-02
1.510047624578927938e-02
1.510047624578927938e-02
1.595229798273124777e-02
1.676540054981221634e-02
1.688155805939520887e-02
1.525535292523327001e-02
1.548766794439927590e-02
1.312579858287838026e-02
1.076392922135748637e-02
8.866689898168583425e-03
9.486196615944545926e-03
1.184806597746543982e-02
1.355170945134935578e-02
1.436481201843032435e-02
1.366786696093234832e-02
1.451968869787431497e-02
1.420993533898633372e-02
1.386146281023733530e-02
1.479072288690129813e-02
1.494559956634528876e-02
1.525535292523327001e-02
1.661052387036820663e-02
1.517791458551127556e-02
1.347427111162735960e-02
1.510047624578927938e-02
1.695899639911720505e-02
1.932086576063807987e-02
2.071475587563401458e-02
1.928214659077708351e-02
1.885623572230610626e-02
1.788825647578114880e-02
1.672668137995121998e-02
1.537151043481628163e-02
1.498431873620628685e-02
1.444225035815232053e-02
1.293220273357339328e-02
1.289348356371239519e-02
1.444225035815232053e-02
1.510047624578927938e-02
1.614589383203623649e-02
1.854648236341812848e-02
1.939830410036009339e-02
1.800441398536414134e-02
1.734618809772718248e-02
1.680411971967321269e-02
1.618461300189723284e-02
1.486816122662329431e-02
1.502303790606728494e-02
1.486816122662329431e-02
1.401633948968134674e-02
1.289348356371239519e-02
1.057033337205249938e-02
1.088008673094047890e-02
1.269988771440740648e-02
1.366786696093234832e-02
1.242885352538040424e-02
9.563634955666540371e-03
6.814573895535669910e-03
7.317923103728658958e-03
9.563634955666540371e-03
8.827970728307585335e-03
7.434080613311651493e-03
6.698416385952677375e-03
4.839896232624771658e-03
2.826499399852865774e-03
3.639601966933825664e-03
6.117628838037712964e-03
7.937429821504620592e-03
8.982847407751575960e-03
9.215162426917562766e-03
7.859991481782626147e-03
6.195067177759708277e-03
8.402059859836592468e-03
8.285902350253599932e-03
7.472799783172649583e-03
7.782553142060630834e-03
5.536841290122739012e-03
5.227087931234748221e-03
7.046888914701655848e-03
7.008169744840658626e-03
5.459402950400743700e-03
4.452704534014785553e-03
2.787780229991868117e-03
2.555465210825872639e-03
3.291129438184837216e-03
1.316451775273938746e-03
0.000000000000000000e+00
5.807875479149644110e-04
1.742362643744912749e-03
3.291129438184837216e-03
7.201765594145665556e-03
9.292600766639557211e-03
8.789251558446588980e-03
8.285902350253599932e-03
6.543539706508686750e-03
5.188368761373750131e-03
3.949355325821806914e-03
2.129554342354898853e-03
1.703643473883915092e-03
5.304526270956743533e-03
8.285902350253599932e-03
1.026058001316451813e-02
9.524915785805544016e-03
9.757230804971529087e-03
8.789251558446588980e-03
6.504820536647689527e-03
5.420683780539745610e-03
3.988074495682804137e-03
2.826499399852865774e-03
3.794478646377816289e-03
6.233786347620705499e-03
