6.110854667471503354e-02
6.128608457905762585e-02
5.624400809572842330e-02
5.361644711145828468e-02
5.791286439654866336e-02
5.826794020523379247e-02
5.478819728011927875e-02
5.347441678798423026e-02
5.720271277917834962e-02
6.004331924865958375e-02
6.004331924865958375e-02
6.018534957213364511e-02
6.114405425558357143e-02
5.642154600007101561e-02
5.439761389056561869e-02
5.865852359478748723e-02
6.295494087987783816e-02
6.157014522600574163e-02
5.968824343997442688e-02
5.830344778610233036e-02
6.199623619642791184e-02
6.323900152682596087e-02
5.837446294783934370e-02
5.507225792706742229e-02
5.507225792706742229e-02
5.816141746262826900e-02
5.659908390441358017e-02
5.468167453751376222e-02
5.855200085218193601e-02
5.840997052870788159e-02
5.194759081063807238e-02
4.789972659162729934e-02
5.091787096545110497e-02
5.375847743493234604e-02
5.311934097929906645e-02
5.255121968540280714e-02
5.205411355324359585e-02
5.127294677413626184e-02
5.045627241416042463e-02
4.513013528388310630e-02
4.683449916557182874e-02
5.219614387671767802e-02
5.240918936192875272e-02
5.070482548024003028e-02
4.821929481944395302e-02
4.910698434115683131e-02
5.258672726627134503e-02
5.205411355324359585e-02
4.708305223165143438e-02
4.459752157085535712e-02
4.637290061428114840e-02
4.917799950289385158e-02
4.960409047331604954e-02
4.807726449596986390e-02
4.619536270993854915e-02
4.438447608564428243e-02
4.292866527003513788e-02
4.111777864574084340e-02
4.381635479174802311e-02
4.569825657777933786e-02
4.449099882824983365e-02
4.598231722472748140e-02
5.091787096545110497e-02
5.372296985406383590e-02
5.617299293399140997e-02
5.723822036004685282e-02
5.592443986791179739e-02
5.283528033235095067e-02
4.985264353939565518e-02
4.995916628200120641e-02
5.187657564890103129e-02
5.173454532542696993e-02
4.889393885594573580e-02
4.967510563505306287e-02
4.885843127507722566e-02
4.807726449596986390e-02
5.233817420019173938e-02
5.283528033235095067e-02
4.896495401768277689e-02
4.829030998118096635e-02
5.024322692894932219e-02
5.620850051485991317e-02
5.471718211838226542e-02
5.074033306110854041e-02
5.169903774455846673e-02
5.393601533927493835e-02
5.436210630969710855e-02
5.262223484713985516e-02
5.240918936192875272e-02
4.985264353939565518e-02
4.814827965770691193e-02
4.921350708376238253e-02
5.013670418634377096e-02
4.967510563505306287e-02
4.860987820899762002e-02
4.761566594467918356e-02
4.569825657777933786e-02
4.193445300571670836e-02
4.196996058658521850e-02
4.246706671874442979e-02
4.161488477790005469e-02
4.268011220395553224e-02
4.591130206299044031e-02
4.768668110641620383e-02
4.566274899691082773e-02
4.573376415864786881e-02
4.601782480559598459e-02
4.743812804033659125e-02
4.427795334303873120e-02
3.976849057273727783e-02
4.275112736569257332e-02
4.516564286475161644e-02
4.569825657777933786e-02
4.608883996733300487e-02
4.417143060043317998e-02
4.331924865958880488e-02
4.665696126122926418e-02
4.623087029080708704e-02
4.179242268224265394e-02
4.001704363881689042e-02
4.278663494656108346e-02
4.520115044562011963e-02
4.342577140219435611e-02
4.175691510137414381e-02
4.193445300571670836e-02
4.523665802648865752e-02
5.070482548024003028e-02
5.024322692894932219e-02
4.481056705606645263e-02
4.118879380747788449e-02
4.094024074139827885e-02
4.644391577601816173e-02
5.010119660547526776e-02
4.608883996733300487e-02
4.292866527003513788e-02
4.328374107872030169e-02
4.395838511522207753e-02
4.434896850477574454e-02
4.566274899691082773e-02
4.623087029080708704e-02
4.434896850477574454e-02
4.200546816745374945e-02
4.200546816745374945e-02
4.314171075524624033e-02
4.630188545254410037e-02
4.651493093775520282e-02
4.353229414479990733e-02
4.260909704221849115e-02
4.339026382132585291e-02
4.165039235876859258e-02
4.136633171182044905e-02
4.257358946134998101e-02
4.179242268224265394e-02
3.827717217625963009e-02
3.991052089621133919e-02
3.753151297802080621e-02
3.323509569293042754e-02
3.476192167027658542e-02
3.422930795724886399e-02
2.947129212086780151e-02
3.114014842168801381e-02
3.533004296417284473e-02
3.376770940595815590e-02
2.929375421652520919e-02
2.840606469481232743e-02
2.890317082697154219e-02
2.876114050349748430e-02
2.666619323225507057e-02
2.897418598870858675e-02
3.007492099563256749e-02
2.918723147391965797e-02
3.071405745126584014e-02
3.511699747896174229e-02
3.529453538330433460e-02
3.334161843553597876e-02
3.390973972943221032e-02
3.316408053119338645e-02
3.117565600255652047e-02
2.872563292262897763e-02
2.819301920960122498e-02
3.121116358342505837e-02
3.323509569293042754e-02
3.351915633987854332e-02
3.582714909633205602e-02
3.511699747896174229e-02
3.344814117814152998e-02
3.259595923729715489e-02
3.295103504598231176e-02
3.270248197990270611e-02
3.057202712779178572e-02
3.078507261300285694e-02
3.788658878670593533e-02
3.902283137449845396e-02
3.508148989809323215e-02
2.780243582004756145e-02
2.414515499059048317e-02
2.822852679046976287e-02
3.160174697297872537e-02
3.046550438518623449e-02
2.989738309128997518e-02
3.504598231722472895e-02
3.554308844938394718e-02
3.497496715548768786e-02
3.305755778858786298e-02
3.398075489116925141e-02
3.231189859034903911e-02
2.822852679046976287e-02
2.989738309128997518e-02
3.774455846323188091e-02
3.781557362496892200e-02
3.408727763377480263e-02
3.216986826687495693e-02
3.209885310513793666e-02
3.053651954692324783e-02
3.011042857650107415e-02
2.971984518694741062e-02
3.376770940595815590e-02
3.280900472250825733e-02
2.915172389305115130e-02
2.702126904094022744e-02
2.407413982885344209e-02
2.506835209317187160e-02
3.060753470866029238e-02
3.380321698682668685e-02
3.131768632603060959e-02
2.900969356957709341e-02
3.401626247203776154e-02
3.735397507367821390e-02
3.614671732414868194e-02
3.277349714163971944e-02
2.911621631218264464e-02
3.060753470866029238e-02
3.390973972943221032e-02
3.781557362496892200e-02
3.845471008060219464e-02
3.827717217625963009e-02
3.653730071370237670e-02
3.458438376593402086e-02
3.536555054504134793e-02
3.557859603025245038e-02
3.529453538330433460e-02
3.809963427191703778e-02
3.710542200759860826e-02
3.525902780243580364e-02
3.426481553811736719e-02
3.135319390689911279e-02
3.206334552426943346e-02
3.426481553811736719e-02
3.667933103717643112e-02
3.589816425806907629e-02
3.845471008060219464e-02
4.023008912402795817e-02
3.969747541100023674e-02
3.788658878670593533e-02
3.621773248588572303e-02
3.550758086851540929e-02
3.582714909633205602e-02
3.596917941980611738e-02
3.774455846323188091e-02
3.568511877285800160e-02
3.582714909633205602e-02
3.323509569293042754e-02
2.659517807051805724e-02
2.865461776089193308e-02
3.231189859034903911e-02
3.501047473635619106e-02
3.604019458154315847e-02
3.845471008060219464e-02
3.746049781628376513e-02
3.355466392074708121e-02
3.458438376593402086e-02
3.717643716933564935e-02
3.806412669104853458e-02
3.596917941980611738e-02
3.476192167027658542e-02
3.543656570677839596e-02
3.671483861804494125e-02
3.639527039022828758e-02
3.493945957461917773e-02
3.486844441288213664e-02
3.561410361112096051e-02
4.104676348400383007e-02
4.257358946134998101e-02
4.065618009445016307e-02
3.973298299186874688e-02
3.728295991194120057e-02
3.501047473635619106e-02
3.809963427191703778e-02
3.817064943365407886e-02
4.175691510137414381e-02
3.795760394844298335e-02
3.834818733799664342e-02
4.619536270993854915e-02
4.814827965770691193e-02
4.520115044562011963e-02
4.438447608564428243e-02
4.520115044562011963e-02
4.676348400383480847e-02
4.555622625430527650e-02
4.626637787167559718e-02
4.960409047331604954e-02
4.715406739338847547e-02
4.289315768916663468e-02
4.417143060043317998e-02
4.857437062812908213e-02
4.896495401768277689e-02
4.275112736569257332e-02
4.310620317437770938e-02
4.413592301956467678e-02
4.179242268224265394e-02
4.399389269609061542e-02
4.289315768916663468e-02
4.214749849092781081e-02
3.909384653623546729e-02
3.781557362496892200e-02
4.005255121968539361e-02
4.232503639527037537e-02
4.157937719703155149e-02
4.161488477790005469e-02
4.392287753435357434e-02
4.463302915172388807e-02
4.335475624045731502e-02
3.959095266839468552e-02
4.076270283705571429e-02
4.630188545254410037e-02
4.900046159855128008e-02
4.708305223165143438e-02
4.367432446827396175e-02
4.292866527003513788e-02
4.552071867343677330e-02
4.605333238646449473e-02
4.438447608564428243e-02
4.562724141604232453e-02
4.722508255512552350e-02
4.562724141604232453e-02
4.431346092390724134e-02
4.456201398998684698e-02
4.385186237261653325e-02
4.367432446827396175e-02
4.612434754820153582e-02
4.658594609949221615e-02
4.349678656393139720e-02
4.175691510137414381e-02
4.260909704221849115e-02
4.065618009445016307e-02
3.852572524233924267e-02
3.738948265454672404e-02
3.941341476405212096e-02
4.310620317437770938e-02
4.111777864574084340e-02
3.767354330149486757e-02
3.905833895536696410e-02
4.310620317437770938e-02
4.534318076909418099e-02
4.406490785782762876e-02
4.157937719703155149e-02
4.275112736569257332e-02
4.165039235876859258e-02
3.884529347015586165e-02
3.774455846323188091e-02
3.905833895536696410e-02
4.072719525618717640e-02
4.062067251358162517e-02
4.047864219010757075e-02
4.051414977097610171e-02
4.051414977097610171e-02
4.076270283705571429e-02
4.175691510137414381e-02
4.559173383517378664e-02
4.172140752050560591e-02
3.376770940595815590e-02
3.277349714163971944e-02
3.714092958846711146e-02
3.831267975712814022e-02
4.122430138834639463e-02
4.548521109256826317e-02
4.328374107872030169e-02
4.111777864574084340e-02
4.303518801264068910e-02
4.509462770301456841e-02
4.250257429961296768e-02
4.214749849092781081e-02
4.626637787167559718e-02
4.853886304726057199e-02
4.949756773071049831e-02
5.248020452366579380e-02
5.581791712530625310e-02
5.532081099314703487e-02
5.155700742108437762e-02
4.942655256897345722e-02
4.946206014984199512e-02
5.130845435500477197e-02
5.010119660547526776e-02
4.978162837765861409e-02
4.804175691510136070e-02
4.971061321592160076e-02
5.056279515676594810e-02
5.230266661932320149e-02
5.585342470617475630e-02
5.642154600007101561e-02
5.450413663317116991e-02
5.233817420019173938e-02
5.272875758974540639e-02
5.052728757589743797e-02
4.960409047331604954e-02
5.180556048716398326e-02
5.311934097929906645e-02
5.248020452366579380e-02
5.287078791321946081e-02
5.595994744878030752e-02
5.588893228704326643e-02
5.177005290629548007e-02
4.875190853247167444e-02
4.637290061428114840e-02
4.530767318822567086e-02
4.797074175336434737e-02
5.113091645066220742e-02
5.269325000887689625e-02
4.942655256897345722e-02
4.580477932038488909e-02
4.807726449596986390e-02
4.892944643681423900e-02
4.619536270993854915e-02
4.520115044562011963e-02
4.868089337073463335e-02
4.772218868728473479e-02
4.569825657777933786e-02
4.658594609949221615e-02
5.333238646451016890e-02
5.354543194972124359e-02
4.825480240031245621e-02
4.829030998118096635e-02
5.265774242800835836e-02
5.688314455136169595e-02
5.198309839150658251e-02
5.120193161239924851e-02
5.184106806803252115e-02
4.573376415864786881e-02
4.473955189432943930e-02
4.825480240031245621e-02
5.219614387671767802e-02
5.216063629584914707e-02
4.669246884209776738e-02
4.214749849092781081e-02
4.370983204914247189e-02
4.228952881440186523e-02
4.104676348400383007e-02
4.697652948904591091e-02
5.113091645066220742e-02
4.892944643681423900e-02
4.328374107872030169e-02
4.420693818130169012e-02
4.598231722472748140e-02
4.339026382132585291e-02
4.299968043177218591e-02
4.470404431346090141e-02
4.488158221780350066e-02
4.697652948904591091e-02
4.800624933423285057e-02
4.832581756204947648e-02
4.878741611334018458e-02
4.605333238646449473e-02
4.275112736569257332e-02
4.289315768916663468e-02
4.772218868728473479e-02
4.875190853247167444e-02
4.498810496040904494e-02
4.598231722472748140e-02
4.960409047331604954e-02
4.750914320207363234e-02
4.456201398998684698e-02
4.697652948904591091e-02
4.811277207683840179e-02
4.484607463693496276e-02
4.214749849092781081e-02
4.026559670489649606e-02
4.282214252742959359e-02
4.374533963001100978e-02
4.125980896921492558e-02
4.065618009445016307e-02
3.884529347015586165e-02
3.998153605794835252e-02
4.175691510137414381e-02
4.356780172566841747e-02
4.569825657777933786e-02
4.608883996733300487e-02
4.488158221780350066e-02
4.406490785782762876e-02
4.491708979867200385e-02
4.562724141604232453e-02
4.481056705606645263e-02
4.750914320207363234e-02
5.333238646451016890e-02
5.425558356709155733e-02
5.230266661932320149e-02
5.340340162624718223e-02
5.929766005042075988e-02
5.943969037389482124e-02
5.528530341227849698e-02
5.180556048716398326e-02
5.684763697049318582e-02
5.762880374960051982e-02
5.386500017753789032e-02
5.787735681568012547e-02
6.231580442424456551e-02
5.819692504349677914e-02
5.350992436885273346e-02
5.365195469232679482e-02
5.507225792706742229e-02
5.322586372190461768e-02
5.333238646451016890e-02
5.446862905230265978e-02
5.542733373575258610e-02
5.532081099314703487e-02
5.319035614103611448e-02
5.709619003657279840e-02
6.288392571814081788e-02
6.462379718069807821e-02
6.419770621027587332e-02
6.203174377729644973e-02
6.419770621027587332e-02
6.473031992330360862e-02
5.979476618257997811e-02
5.741575826438944513e-02
5.890707666086709288e-02
5.816141746262826900e-02
5.915562972694670546e-02
5.975925860171144022e-02
6.110854667471503354e-02
5.919113730781520866e-02
6.181869829208534728e-02
6.174768313034830619e-02
5.933316763128927002e-02
5.979476618257997811e-02
5.858750843305044614e-02
5.997230408692254267e-02
5.940418279302631110e-02
6.032737989560769953e-02
6.114405425558357143e-02
6.075347086602987667e-02
6.054042538081880198e-02
5.659908390441358017e-02
5.404253808188045488e-02
5.840997052870788159e-02
6.171217554947979606e-02
6.274189539466673571e-02
6.068245570429285640e-02
5.826794020523379247e-02
5.986578134431699144e-02
5.897809182260411315e-02
5.603096261051732085e-02
5.578240954443771521e-02
5.606647019138585875e-02
5.272875758974540639e-02
5.262223484713985516e-02
5.560487164009515065e-02
5.809040230089122792e-02
5.901359940347261634e-02
6.046941021908176089e-02
6.231580442424456551e-02
6.064694812342435321e-02
5.943969037389482124e-02
6.064694812342435321e-02
5.986578134431699144e-02
5.642154600007101561e-02
5.425558356709155733e-02
5.407804566274899277e-02
5.659908390441358017e-02
5.532081099314703487e-02
5.489472002272482998e-02
5.191208322976953449e-02
5.397152292014344155e-02
5.741575826438944513e-02
5.745126584525795527e-02
5.624400809572842330e-02
5.347441678798423026e-02
5.943969037389482124e-02
6.249334232858713006e-02
5.777083407307458118e-02
5.482370486098781664e-02
6.068245570429285640e-02
6.338103185030004305e-02
5.943969037389482124e-02
5.585342470617475630e-02
6.110854667471503354e-02
6.366509249724815189e-02
5.769981891133756091e-02
5.791286439654866336e-02
5.968824343997442688e-02
5.801938713915418683e-02
5.784184923481162227e-02
5.965273585910591675e-02
6.210275893903346306e-02
6.345204701203704944e-02
5.986578134431699144e-02
5.855200085218193601e-02
6.220928168163901428e-02
6.522742605546281991e-02
6.597308525370164378e-02
6.362958491637964176e-02
6.497887298938320733e-02
6.742889606931078139e-02
6.668323687107195752e-02
6.796150978233850282e-02
7.172531335440116007e-02
7.257749529524554211e-02
7.101516173703084633e-02
6.796150978233850282e-02
6.746440365017929153e-02
7.101516173703084633e-02
7.424635159606575441e-02
7.350069239782693054e-02
7.367823030216949509e-02
7.449490466214535311e-02
7.165429819266411204e-02
7.105066931789935647e-02
7.406881369172318985e-02
7.492099563256753025e-02
7.378475304477503938e-02
7.619926854383410331e-02
8.124134502716327810e-02
8.159642083584843497e-02
7.815218549160243833e-02
7.811667791073392819e-02
8.227106487235025245e-02
8.447253488619818618e-02
8.237758761495576898e-02
8.500514859922593536e-02
8.891098249476261928e-02
8.727763377481091711e-02
8.738415651741646140e-02
8.979867201647549757e-02
9.128999041295314532e-02
8.681603522352020208e-02
8.553776231225365678e-02
8.546674715051662263e-02
8.344281504101123959e-02
8.365586052622234203e-02
8.124134502716327810e-02
7.364272272130098496e-02
7.460142740475091128e-02
8.077974647587260471e-02
8.163192841671694511e-02
8.134786776976883627e-02
8.053119340979299212e-02
7.911089017505236465e-02
7.964350388808008607e-02
7.761957177857471690e-02
7.619926854383410331e-02
7.616376096296556542e-02
7.754855661683769663e-02
7.804566274899690792e-02
7.484998047083050998e-02
7.200937400134928279e-02
7.147676028832154749e-02
7.016297979618646430e-02
7.066008592834568947e-02
7.350069239782693054e-02
7.286155594219365095e-02
6.739338848844227126e-02
6.654120654759790310e-02
7.112168447963639062e-02
7.126371480311045892e-02
7.080211625181974389e-02
7.151226786919005762e-02
7.041153286226607688e-02
6.813904768668109513e-02
6.675425203280900555e-02
6.458828959982954032e-02
6.050491779995026409e-02
5.975925860171144022e-02
6.220928168163901428e-02
6.536945637893690209e-02
6.583105493022758936e-02
6.217377410077050415e-02
6.181869829208534728e-02
6.533394879806836419e-02
6.515641089372579964e-02
6.334552426943150516e-02
6.235131200511307564e-02
6.465930476156658835e-02
6.753541881191633955e-02
7.087313141355679191e-02
6.966587366402725301e-02
6.639917622412384868e-02
6.831658559102365968e-02
7.126371480311045892e-02
7.073110109008272361e-02
7.019848737705497443e-02
6.934630543621063403e-02
6.852963107623476213e-02
6.803252494407555084e-02
6.757092639278483581e-02
6.615062315804423609e-02
6.313247878422043047e-02
6.153463764513723150e-02
6.107303909384652341e-02
6.338103185030004305e-02
6.554699428327946664e-02
6.437524411461846563e-02
6.263537265206121918e-02
6.199623619642791184e-02
6.068245570429285640e-02
6.164116038774278272e-02
6.607960799630718807e-02
6.959485850229024662e-02
6.654120654759790310e-02
5.986578134431699144e-02
6.213826651990200095e-02
6.476582750417213263e-02
6.299044846074634829e-02
6.604410041543869181e-02
6.586656251109611337e-02
6.980790398750130743e-02
7.058907076660866919e-02
7.168980577353262218e-02
7.129922238397895518e-02
6.906224478926248356e-02
6.803252494407555084e-02
6.586656251109611337e-02
6.536945637893690209e-02
6.306146362248338244e-02
6.394915314419627461e-02
6.465930476156658835e-02
6.338103185030004305e-02
6.249334232858713006e-02
6.380712282072220631e-02
6.512090331285728950e-02
6.888470688491991900e-02
7.041153286226607688e-02
6.845861591449772798e-02
6.852963107623476213e-02
7.282604836132514081e-02
7.183183609700671823e-02
7.023399495792351233e-02
7.403330611085465196e-02
7.769058694031175105e-02
7.932393566026345322e-02
8.138337535063733252e-02
8.369136810709085217e-02
8.852039910520895227e-02
9.001171750168660002e-02
8.908852039910518383e-02
9.207115719206047932e-02
9.384653623548627754e-02
9.679366544757303514e-02
9.739729432233780460e-02
9.849802932926178534e-02
1.007350069239782570e-01
1.030074920995632387e-01
1.054220075986223026e-01
1.058480985690444659e-01
1.050669317899371458e-01
1.029009693569577083e-01
1.038241664595390967e-01
1.070198487377054947e-01
1.085466747150516525e-01
1.056705606647019013e-01
1.026169087100095717e-01
1.031850300039058310e-01
1.003799311152931001e-01
9.864005965273583976e-02
9.565742285978054427e-02
9.452118027198805339e-02
9.278130880943079306e-02
9.047331605297731505e-02
8.883996733302557125e-02
8.660298973830909963e-02
8.741966409828497153e-02
8.461456520967224060e-02
8.330078471753718516e-02
8.319426197493164088e-02
8.482761069488334305e-02
8.301672407058907632e-02
7.776160210204877132e-02
8.031814792458188967e-02
8.642545183396653508e-02
8.642545183396653508e-02
8.251961793842985116e-02
8.422398182011857359e-02
8.788126264957568656e-02
8.465007279054077849e-02
8.202251180627063987e-02
8.369136810709085217e-02
8.283918616624648401e-02
8.216454212974469429e-02
8.191598906366509558e-02
8.188048148279655769e-02
7.932393566026345322e-02
7.740652629336361445e-02
7.950147356460601777e-02
8.198700422540210198e-02
8.635443667222950093e-02
8.479210311401483291e-02
8.148989809324289069e-02
7.875581436636719390e-02
7.879132194723573179e-02
7.765507935944321316e-02
7.520505627951566685e-02
7.431736675780278856e-02
7.722898838902104990e-02
8.060220857153001239e-02
8.145439051237438055e-02
8.312324681319459285e-02
8.376238326882790020e-02
8.308773923232608272e-02
8.621240634875544651e-02
8.699357312786279439e-02
8.649646699570358310e-02
8.724212619394240698e-02
8.855590668607746241e-02
9.061534637645136947e-02
9.374001349288071938e-02
9.619003657280829345e-02
9.899513546142099663e-02
1.026879238717466059e-01
1.044988104960408865e-01
1.065582501864147935e-01
1.068423108333629024e-01
1.048893938855945812e-01
1.060256364733870721e-01
1.074814472889961819e-01
1.058480985690444659e-01
1.060611440542555683e-01
1.048183787238575332e-01
1.044633029151723763e-01
1.008770372474523114e-01
1.015871888648226251e-01
1.013386357987430264e-01
1.004864538578986444e-01
1.040727195256187093e-01
1.059191137307815139e-01
1.088662429428682993e-01
1.105350992436885116e-01
1.112097432801903013e-01
1.102155310158718649e-01
1.081560913254979855e-01
1.069133259950999504e-01
1.073394169655221136e-01
1.100735006923978104e-01
1.137662891027234197e-01
1.156126833078861965e-01
1.166779107339417088e-01
1.217910023790078899e-01
1.238149344885132591e-01
1.199446081738451131e-01
1.206192522103469167e-01
1.239214572311188450e-01
1.196960551077655005e-01
1.180982139686822807e-01
1.223946312537726872e-01
1.261584348258353028e-01
1.244185633632780563e-01
1.184177821964989552e-01
1.151510847565955509e-01
1.159322515357028849e-01
1.194830096225544119e-01
1.216489720555338633e-01
1.201576536590562155e-01
1.186663352625785678e-01
1.219330327024819721e-01
1.272946774136277659e-01
1.319461705074033153e-01
1.325497993821680986e-01
1.329048751908532278e-01
1.332244434186698467e-01
1.329048751908532278e-01
1.357454816603344550e-01
1.354614210133863184e-01
1.354259134325178360e-01
1.398643610410822691e-01
1.397223307176081730e-01
1.334729964847494732e-01
1.303483293683201372e-01
1.276142456414444681e-01
1.248446543337002612e-01
1.214004189894542507e-01
1.197670702695025208e-01
1.203351915633987523e-01
1.221815857685615847e-01
1.209033128572950394e-01
1.204772218868728345e-01
1.225011539963782037e-01
1.251642225615168802e-01
1.277917835457869911e-01
1.326918297056421392e-01
1.368107090863899533e-01
1.372723076376806683e-01
1.392252245854489479e-01
1.434506267088022924e-01
1.456165891417817437e-01
1.454035436565706552e-01
1.483861804495259507e-01
1.518304157937719612e-01
1.534992720945921874e-01
1.560913254979937881e-01
1.575471363136029257e-01
1.530021659624329899e-01
1.486702410964740595e-01
1.484216880303944608e-01
1.503035898164258033e-01
1.505521428825054020e-01
1.464687710826261535e-01
1.445513617157263009e-01
1.447288996200689071e-01
1.441962859070411163e-01
1.477825515747612228e-01
1.503390973972943134e-01
1.498419912651350883e-01
1.470723999573908813e-01
1.458296346269928601e-01
1.496999609416610477e-01
1.511202641764016474e-01
1.503390973972943134e-01
1.521854916024571458e-01
1.526825977346163432e-01
1.527891204772218736e-01
1.522920143450626485e-01
1.518659233746404713e-01
1.538543479032773165e-01
1.527536128963533635e-01
1.507296807868480082e-01
1.489898093242907340e-01
1.500905443312146870e-01
1.527891204772218736e-01
1.519014309555089537e-01
1.525760749920107850e-01
1.553811738806234743e-01
1.549195753293328148e-01
1.549905904910698351e-01
1.562333558214678841e-01
1.614884777900081614e-01
1.612754323047970451e-01
1.592159926144231796e-01
1.632638568334339180e-01
1.651102510385967503e-01
1.643290842594893608e-01
1.628377658630117131e-01
1.656428647516244856e-01
1.655363420090188997e-01
1.660689557220466350e-01
1.676312892802613308e-01
1.662820012072577236e-01
1.667080921776799285e-01
1.598906366509249832e-01
1.550616056528068554e-01
1.512622944998757157e-01
1.537123175798033037e-01
1.558427724319141894e-01
1.522209991833256559e-01
1.504101125590313059e-01
1.511557717572701298e-01
1.501260519120831971e-01
1.490963320668962644e-01
1.495579306181869794e-01
1.520079536981145396e-01
1.509427262720590968e-01
1.462557255974150650e-01
1.454035436565706552e-01
1.492028548095018503e-01
1.533217341902496089e-01
1.516173703085608448e-01
1.502325746546887830e-01
1.490253169051592441e-01
1.463977559208890777e-01
1.435571494514078783e-01
1.455100663991762411e-01
1.492383623903703604e-01
1.479955970599723114e-01
1.451904981713595388e-01
1.457586194652558398e-01
1.491318396477647745e-01
1.488832865816851758e-01
1.445513617157263009e-01
1.416042325036395155e-01
1.411426339523488005e-01
1.412491566949543864e-01
1.393672549089230439e-01
1.368817242481269736e-01
1.354614210133863184e-01
1.339345950360401882e-01
1.318041401839292748e-01
1.319106629265348052e-01
1.339701026169086706e-01
1.376983986081028177e-01
1.383020274828676011e-01
1.425984447679579381e-01
1.445513617157263009e-01
1.473564606043390179e-01
1.512978020807442259e-01
1.511912793381386955e-01
1.559137875936512652e-01
1.585058409970528659e-01
1.586833789013954443e-01
1.573340908283918371e-01
1.559137875936512652e-01
1.584348258353158456e-01
1.586833789013954443e-01
1.561978482405993740e-01
1.581152576074991711e-01
1.562333558214678841e-01
1.549195753293328148e-01
1.550971132336753655e-01
1.570855377623122384e-01
1.566239392110215234e-01
1.539963782267514125e-01
1.526470901537477776e-01
1.509782338529276069e-01
1.498774988460035984e-01
1.477115364130242026e-01
1.435571494514078783e-01
1.426694599296949584e-01
1.474984909278130862e-01
1.495934381990554896e-01
1.445158541348577907e-01
1.381244895785249949e-01
1.337925647125661477e-01
1.332244434186698467e-01
1.327628448673791595e-01
1.299932535596349525e-01
1.234243510989596199e-01
1.192344565564747993e-01
1.187728580051840843e-01
1.179206760643397439e-01
1.177786457408656617e-01
1.219685402833504823e-01
1.239214572311188450e-01
1.209033128572950394e-01
1.216844796364023734e-01
1.236373965841707223e-01
1.231757980328800212e-01
1.261229272449667926e-01
1.302773142065830614e-01
1.285374427440258149e-01
1.273301849944963315e-01
1.276142456414444681e-01
1.271881546710222632e-01
1.249156694954372676e-01
1.216489720555338633e-01
1.206902673720839370e-01
1.204417143060043244e-01
1.185953201008414920e-01
1.151865923374640610e-01
1.177431381599971516e-01
1.210453431807690661e-01
1.209388204381635495e-01
1.219685402833504823e-01
1.244895785250150766e-01
1.289635337144480198e-01
1.292475943613961287e-01
1.261584348258353028e-01
1.271881546710222632e-01
1.341831481021197869e-01
1.354259134325178360e-01
1.337925647125661477e-01
1.376273834463657975e-01
1.400418989454248475e-01
1.402549444306359638e-01
1.385860881298157099e-01
1.398643610410822691e-01
1.451194830096225463e-01
1.479245818982352356e-01
1.491318396477647745e-01
1.530021659624329899e-01
1.572985832475233270e-01
1.602457124596101123e-01
1.606362958491638071e-01
1.600326669743990238e-01
1.579377197031566205e-01
1.564819088875474828e-01
1.614174626282711411e-01
1.663175087881262337e-01
1.702233426836629315e-01
1.691581152576074887e-01
1.669211376628910171e-01
1.647906828107800759e-01
1.677023044419983511e-01
1.703653730071370276e-01
1.705429109114795783e-01
1.714306004331924704e-01
1.712175549479813819e-01
1.684834712211056851e-01
1.661399708837836831e-01
1.652167737812022807e-01
1.673117210524446563e-01
1.708624791392962528e-01
1.713240776905869678e-01
1.712885701097184021e-01
1.723182899549053904e-01
1.735965628661719218e-01
1.726378581827220093e-01
1.755139722330717189e-01
1.768277527252068437e-01
1.730994567340127244e-01
1.714306004331924704e-01
1.702233426836629315e-01
1.668146149202854589e-01
1.647906828107800759e-01
1.680928878315520458e-01
1.755494798139402846e-01
1.773958740191030614e-01
1.766502148208642375e-01
1.775734119234456676e-01
1.773958740191030614e-01
1.769697830486808565e-01
1.783190711216844915e-01
1.766502148208642375e-01
1.750523736817810871e-01
1.766857224017327477e-01
1.806625714590064935e-01
1.846039129354117014e-01
1.862372616553634452e-01
1.889358378013705486e-01
1.902141107126371633e-01
1.894329439335297738e-01
1.944395128359905078e-01
1.941909597699108814e-01
1.844618826119376054e-01
1.843198522884635926e-01
1.874800269857614665e-01
1.851010190675709266e-01
1.809466321059546023e-01
1.799169122607676696e-01
1.812306927529027112e-01
1.826154884067748285e-01
1.842843447075950825e-01
1.843553598693321027e-01
1.849589887440968305e-01
1.855981251997301240e-01
1.860597237510208390e-01
1.856691403614671443e-01
1.799169122607676696e-01
1.756560025565458150e-01
1.745552675496218620e-01
1.713950928523239603e-01
1.656783723324929958e-01
1.630153037673543193e-01
1.631928416716968977e-01
1.584348258353158456e-01
1.550260980719383452e-01
1.548840677484642769e-01
1.533572417711181191e-01
1.523985370876681789e-01
1.534637645137236772e-01
1.541739161310939910e-01
1.539963782267514125e-01
1.518659233746404713e-01
1.518304157937719612e-01
1.559492951745197753e-01
1.545644995206476302e-01
1.533927493519866014e-01
1.607073110109008274e-01
1.677023044419983511e-01
1.667435997585484386e-01
1.666725845968114184e-01
1.678088271846038815e-01
1.687675318680537939e-01
1.706139260732166263e-01
1.720342293079572260e-01
1.716436459184035868e-01
1.706494336540851364e-01
1.684834712211056851e-01
1.646131449064375529e-01
1.631928416716968977e-01
1.621986294073784751e-01
1.614174626282711411e-01
1.618080460178247804e-01
1.619855839221673866e-01
1.606718034300323172e-01
1.605652806874267313e-01
1.612754323047970451e-01
1.618080460178247804e-01
1.656428647516244856e-01
1.674892589567872625e-01
1.682704257358945965e-01
1.742356993218051875e-01
1.799524198416361520e-01
1.808046017824805618e-01
1.835031779284877484e-01
1.849234811632283204e-01
1.854560948762560557e-01
1.836452082519617890e-01
1.800234350033732278e-01
1.777154422469196804e-01
1.762951390121791084e-01
1.743067144835422633e-01
1.704718957497425580e-01
1.681994105741575762e-01
1.680573802506834802e-01
1.675957816993928484e-01
1.670631679863650576e-01
1.673472286333132220e-01
1.683414408976316723e-01
1.670986755672336233e-01
1.650392358768596746e-01
1.678088271846038815e-01
1.752654191669921202e-01
1.797748819372936291e-01
1.832901324432766599e-01
1.867343677875226426e-01
1.889003302205020385e-01
1.901430955509000875e-01
1.906757092639278228e-01
1.930547171821183627e-01
1.940489294464368131e-01
1.924865958882221451e-01
1.940844370273053232e-01
1.991975286723715599e-01
2.036004687000674274e-01
2.049852643539395447e-01
2.061570145226005735e-01
2.049497567730710623e-01
2.045946809643858499e-01
2.036004687000674274e-01
2.046656961261229257e-01
2.099563256755317131e-01
2.174129176579199518e-01
2.222774562369065898e-01
2.312963817775094966e-01
2.371906402016830673e-01
2.363739658417071676e-01
2.331427759826722734e-01
2.321485637183538508e-01
2.318645030714057420e-01
2.307637680644817613e-01
2.271064872350246622e-01
2.198629407378475398e-01
2.150339097397294119e-01
2.141462202180165475e-01
2.140752050562795272e-01
2.154600007101515891e-01
2.160991371657849103e-01
2.185491602457124705e-01
2.176969783048680607e-01
2.135780989241203021e-01
2.113766289102723406e-01
2.124063487554593010e-01
2.094592195433724879e-01
2.060149841991265052e-01
2.053048325817561914e-01
2.050207719348080548e-01
2.024287185314064541e-01
1.987714377019493550e-01
1.971380889819976112e-01
2.010439228775343368e-01
2.027837943400915832e-01
1.996236196427937093e-01
1.975641799524198161e-01
2.000142030323474041e-01
2.054823704860987699e-01
2.115896743954834569e-01
2.168447963640237341e-01
2.208926605830344725e-01
2.222064410751695140e-01
2.221709334943010039e-01
2.249050172211767007e-01
2.260767673898377295e-01
2.245144338316230614e-01
2.232361609203564745e-01
2.242658807655434627e-01
2.277456236906579834e-01
2.278521464332634860e-01
2.234492064055675631e-01
2.185846678265809806e-01
2.163831978127330191e-01
2.172353797535773734e-01
2.107019848737705370e-01
2.040265596704896323e-01
2.027837943400915832e-01
2.025707488548804946e-01
2.027482867592230731e-01
2.033874232148563943e-01
2.019671199801157668e-01
2.009729077157973165e-01
2.005468167453751116e-01
2.031388701487767678e-01
2.098853105137946928e-01
2.158505840997052838e-01
2.209636757447714928e-01
2.268934417498135736e-01
2.306927529027447132e-01
2.317934879096687217e-01
2.344920640556759084e-01
2.358413521286794601e-01
2.396761708624791654e-01
2.418421332954585612e-01
2.428008379789084736e-01
2.490146646308986911e-01
2.526719454603557624e-01
2.565067641941554677e-01
2.581046053332387014e-01
2.596314313105848037e-01
2.617973937435642551e-01
2.597379540531903341e-01
2.560451656428646694e-01
2.550509533785462746e-01
2.534886198203316066e-01
2.487306039839505545e-01
2.469907325213933080e-01
2.475588538152895535e-01
2.490501722117672012e-01
2.467421794553137093e-01
2.447892625075453465e-01
2.442211412136491011e-01
2.474523310726840231e-01
2.513226573873521552e-01
2.573944537158683321e-01
2.600220147001384152e-01
2.588502645314775252e-01
2.621524695522494119e-01
2.675851294251322399e-01
2.701416752476653582e-01
2.662358413521286327e-01
2.630401590739622764e-01
2.636082803678584940e-01
2.637858182722011002e-01
2.589567872740830001e-01
2.602350601853495871e-01
2.642829244043602976e-01
2.640698789191492923e-01
2.642119092426232774e-01
2.606256435749031986e-01
2.597734616340587888e-01
2.590633100166885305e-01
2.568263324219720589e-01
2.548734154742037794e-01
2.547313851507296278e-01
2.545183396655185670e-01
2.483755281752654254e-01
2.455349217057841704e-01
2.458189823527322793e-01
2.450378155736249453e-01
2.448957852501509325e-01
2.445762170223342302e-01
2.415225650676419422e-01
2.441146184710435429e-01
2.505059830273763111e-01
2.573944537158683321e-01
2.593828782445051773e-01
2.594183858253737429e-01
2.625430529418030789e-01
2.665554095799453349e-01
2.717395163867485364e-01
2.788055249795831636e-01
2.853389198593899723e-01
2.890672158505840916e-01
2.936476937826226208e-01
3.062528849909454953e-01
3.218407129922237764e-01
3.248588573660476375e-01
3.234740617121755757e-01
3.263501757625252853e-01
3.266342364094733663e-01
3.196747505592443250e-01
3.142775982672301183e-01
3.132478784220431023e-01
3.154138408550225536e-01
3.134609239072541631e-01
3.082058019387139414e-01
3.025245889997513760e-01
3.018144373823811177e-01
3.003231189859034700e-01
2.957426410538649408e-01
2.956006107303909003e-01
2.983346944572666248e-01
2.967368533181833912e-01
2.969143912225259974e-01
2.984767247807406654e-01
3.015658843163015468e-01
3.049746120796790194e-01
3.017434222206440975e-01
2.986542626850832161e-01
3.003941341476404903e-01
3.005006568902460762e-01
2.990448460746368831e-01
3.032347406171217452e-01
3.196747505592443250e-01
3.413343748890387830e-01
3.666512800482902290e-01
3.811738806235130950e-01
3.909384653623549366e-01
3.917551397223307807e-01
3.902993289067215876e-01
3.926783368249122108e-01
3.981820118595320035e-01
4.009516031672762937e-01
4.037567020558889830e-01
4.047154067393388122e-01
4.065973085253702379e-01
4.049639598054184386e-01
3.965841707204487698e-01
3.903348364875901533e-01
3.834818733799666979e-01
3.776231225366615818e-01
3.719064020168305618e-01
3.676099847317402247e-01
3.646983631005219495e-01
3.558214678833930833e-01
3.431452615133330775e-01
3.433938145794127039e-01
3.453822391080495491e-01
3.459858679828143324e-01
3.478677697688456472e-01
3.598338245215353948e-01
3.894826545467457435e-01
4.239960231509428135e-01
4.454070944146575339e-01
4.658239534140539706e-01
4.823704860987821363e-01
4.941590029471292778e-01
5.062670880232930104e-01
5.193693853637751934e-01
5.310513794695167489e-01
5.386855093562475938e-01
5.449703511699747205e-01
5.464971771473209339e-01
5.513617157263075441e-01
5.561907467244256997e-01
5.630437098320490996e-01
5.653161950076341924e-01
5.657777935589247686e-01
5.620494975677307048e-01
5.620139899868622502e-01
5.677662180875616693e-01
5.753293328125554940e-01
5.797677804211198715e-01
5.769271739516387276e-01
5.720271277917835517e-01
5.692220289031708624e-01
5.684053545431950738e-01
5.701807335866208026e-01
5.819337428540993784e-01
6.023150942726271939e-01
6.328871214004190282e-01
6.562511096119021392e-01
6.740049000461598716e-01
6.915101374143379775e-01
7.064233213791144550e-01
7.209104143734688108e-01
7.397294322337819583e-01
7.563114724993786897e-01
7.656144586869296775e-01
7.672478074068814768e-01
7.715797322728402685e-01
7.919965912722366497e-01
8.206867166139971692e-01
8.540993502112701474e-01
8.790966871427049467e-01
8.886127188154672174e-01
8.867663246103043573e-01
8.811206192522105241e-01
8.837836878173490618e-01
8.780669672975180973e-01
8.701132691829706056e-01
8.715690799985796877e-01
8.760075276071441763e-01
8.763270958349608231e-01
8.905656357632355524e-01
9.081418882931505676e-01
9.094556687852858312e-01
9.103078507261299634e-01
9.281326563221248271e-01
9.474487803145971165e-01
9.562546603699889625e-01
9.681496999609416898e-01
9.810744593970813776e-01
1.000000000000000000e+00
9.964847494940169970e-01
9.781628377658629914e-01
9.541952206796152636e-01
9.337428540993502057e-01
9.188651777154421829e-01
9.080708731314134363e-01
9.069701381244896776e-01
9.119056918652131971e-01
9.085324716827042346e-01
9.111955402478429944e-01
9.308667400490004962e-01
9.433299009338493857e-01
9.486915456449951378e-01
9.499343109753931591e-01
9.536981145474560106e-01
9.533430387387707983e-01
9.512125838866599681e-01
9.385363775165999067e-01
9.195753293328126077e-01
8.947910378865888692e-01
8.705038525725242726e-01
8.434825835315840070e-01
8.246990732521393141e-01
8.096438589638887962e-01
8.024003124667116182e-01
8.006604410041543440e-01
8.012995774597877485e-01
8.043177218336114986e-01
8.060931008770373385e-01
8.003763803572063740e-01
7.840428931576891580e-01
7.553172602350602949e-01
7.304974612079678797e-01
6.979015019706708012e-01
6.833433938145794251e-01
6.737918545609488108e-01
6.636721940134219233e-01
6.556474807371374114e-01
6.516351240989951554e-01
6.424031530731810768e-01
6.335972730177893419e-01
6.196427937364626937e-01
6.019955260448105472e-01
5.889642438660653845e-01
5.861236373965842406e-01
5.831410006036289451e-01
5.778858786350885568e-01
5.697901501970671356e-01
5.651741646841601519e-01
5.616589141781770378e-01
5.546994283279480520e-01
5.456805027873451452e-01
5.330398039981535385e-01
5.170969001881902116e-01
5.052373681781060499e-01
4.877321308099278885e-01
4.621666725845968715e-01
4.332990093384937458e-01
4.154742037424989931e-01
3.919681852075418416e-01
3.770194936618969095e-01
3.698469623264566963e-01
3.698824699073252620e-01
3.677165074743458106e-01
3.683201363491104829e-01
3.697404395838511104e-01
3.703085608777474946e-01
3.766644178532116971e-01
3.857188509746831695e-01
4.037567020558889830e-01
4.155807264851045790e-01
4.218300607179633621e-01
4.216170152327521903e-01
4.228952881440187772e-01
4.280793949508219787e-01
4.266590917160813512e-01
4.193800376380357187e-01
4.135567943755992792e-01
4.117459077513048737e-01
4.058871569079998687e-01
3.967262010439229214e-01
3.946312537726804903e-01
3.987501331534282212e-01
4.010226183290132584e-01
4.051059901288925902e-01
4.102190817739587714e-01
4.114263395234882825e-01
4.071654298192664556e-01
4.025849518872279265e-01
3.997443454177466715e-01
3.933529808614139034e-01
3.776231225366615818e-01
3.619287717927777148e-01
3.468025423427901766e-01
3.415474203742498438e-01
3.345169193622837822e-01
3.279125093207399533e-01
3.246103042999680666e-01
3.225863721904626003e-01
3.213080992791961243e-01
3.234030465504384444e-01
3.250719028512586983e-01
3.313212370841174814e-01
3.350495330753116008e-01
3.394879806838759784e-01
3.434293221602812141e-01
3.484003834818734102e-01
3.544366722295210215e-01
3.559634982068671238e-01
3.540105812590987888e-01
3.510634520470120590e-01
3.492880730035862746e-01
3.530163689947803940e-01
3.567091574051059477e-01
3.599758548450093798e-01
3.592657032276391216e-01
3.568156801477115336e-01
3.492170578418492544e-01
3.437488903880978608e-01
3.419380037638035663e-01
3.390263821325852911e-01
3.309661612754322690e-01
3.222668039626460090e-01
3.130348329368320415e-01
3.037673543301494528e-01
3.001455810815608638e-01
2.956361183112594659e-01
2.910556403792209923e-01
2.875403898732378782e-01
2.899193977914285014e-01
2.918368071583282708e-01
2.894577992401377586e-01
2.883925718140822880e-01
2.898128750488229155e-01
2.877889429393175047e-01
2.840961545289919510e-01
2.796932145012960280e-01
2.781663885239498146e-01
2.761069488335759492e-01
2.764620246422611061e-01
2.783794340091609865e-01
2.788765401413201839e-01
2.785924794943719918e-01
2.765685473848666920e-01
2.771366686787629097e-01
2.752192593118630848e-01
2.705677662180875354e-01
2.703192131520079089e-01
2.697510918581116912e-01
2.692539857259524938e-01
2.699286297624542974e-01
2.678336824912118663e-01
2.681532507190284575e-01
2.725916983275929462e-01
2.723786528423818298e-01
2.696800766963746709e-01
2.691119554024784533e-01
2.713844405780633795e-01
2.733373575258317700e-01
2.689344174981358471e-01
2.655967048964953947e-01
2.670170081312360222e-01
2.668039626460249614e-01
2.698221070198487115e-01
2.750062138266520240e-01
2.777047899726591274e-01
2.823917906473031314e-01
2.847352909846251889e-01
2.857295032489436393e-01
2.874693747115008580e-01
2.901324432766395622e-01
2.927244966800411907e-01
2.942513226573872931e-01
2.979086034868443922e-01
3.043709832049142361e-01
3.062883925718140610e-01
3.033412633597273311e-01
3.040159073962290237e-01
3.028086496466995681e-01
2.980506338103184327e-01
2.991513688172424690e-01
3.016368994780385115e-01
2.976245428398963666e-01
2.928665270035152313e-01
2.914462237687746038e-01
2.883215566523452678e-01
2.828178816177253641e-01
2.785569719135035371e-01
2.750417214075204786e-01
2.728757589745410272e-01
2.714554557398003998e-01
2.698931221815857318e-01
2.731243120406206537e-01
2.740120015623335736e-01
2.720945921954337487e-01
2.711358875119837530e-01
2.671590384547100627e-01
2.651706139260731621e-01
2.578560522671590749e-01
2.485530660796079760e-01
2.443631715371231417e-01
2.422682242658807661e-01
2.384689131129496265e-01
2.369420871356034686e-01
2.371196250399459915e-01
2.403863224798494236e-01
2.447182473458083263e-01
2.513936725490892310e-01
2.549089230550722340e-01
2.522458544899335853e-01
2.531335440116465052e-01
2.563292262898128615e-01
2.575719916202108828e-01
2.556545822533110579e-01
2.523168696516706055e-01
2.511806270638781147e-01
2.473813159109470028e-01
2.461030429996803881e-01
2.434399744345417949e-01
2.353442459965202349e-01
2.309768135496928776e-01
2.284912828888968073e-01
2.272130099776301926e-01
2.269289493306820837e-01
2.278166388523949759e-01
2.306572453218762031e-01
2.312963817775094966e-01
2.281006994993431125e-01
2.239818201185952984e-01
2.216028122004047862e-01
2.212122288108510915e-01
2.195433725100309208e-01
2.170578418492348227e-01
2.184071299222384022e-01
2.220999183325640114e-01
2.270354720732876419e-01
2.331427759826722734e-01
2.407769058694031183e-01
2.477718993005006420e-01
2.509675815786670539e-01
2.524944075560132117e-01
2.545538472463870217e-01
2.536661577246742127e-01
2.530980364307779951e-01
2.531690515925150153e-01
2.513226573873521552e-01
2.479849447857117306e-01
2.479139296239747381e-01
2.467421794553137093e-01
2.452863686397045717e-01
2.475943613961580358e-01
2.482334978517913571e-01
2.480204523665802407e-01
2.475943613961580358e-01
2.468487021979192120e-01
2.450378155736249453e-01
2.423747470084862687e-01
2.396406632816105997e-01
2.365159961651812637e-01
2.319710258140113002e-01
2.296275254766892704e-01
2.309413059688243119e-01
2.287753435358449161e-01
2.263608280367858383e-01
2.214607818769306902e-01
2.176969783048680607e-01
2.195433725100309208e-01
2.206441075169548738e-01
2.196498952526364234e-01
2.175194404005254822e-01
2.156020310336256851e-01
2.190817739587402058e-01
2.186911905691865110e-01
2.147853566736497855e-01
2.157795689379682358e-01
2.158505840997052838e-01
2.131875155345666351e-01
2.129744700493555187e-01
2.121577956893796746e-01
2.094947271242409981e-01
2.099563256755317131e-01
2.142527429606220779e-01
2.146433263501757727e-01
2.120867805276426543e-01
2.148563718353868612e-01
2.197919255761105195e-01
2.228100699499343251e-01
2.251180627063878170e-01
2.273905478819727710e-01
2.318645030714057420e-01
2.330362532400667430e-01
2.291659269253985554e-01
2.272130099776301926e-01
2.282072222419486152e-01
2.273550403011042886e-01
2.258637219046266409e-01
2.231651457586194542e-01
2.213187515534566774e-01
2.168447963640237341e-01
2.091396513155558690e-01
2.060149841991265052e-01
2.050562795156765650e-01
2.033519156339878287e-01
2.006178319071121319e-01
1.961793842985477543e-01
1.928416716969072742e-01
1.939068991229627170e-01
1.949366189681497052e-01
1.942619749316479016e-01
1.919894897560629199e-01
1.930192096012498526e-01
1.948300962255441471e-01
1.934808081525405676e-01
1.952916947768348344e-01
1.954337251003089304e-01
1.922380428221425464e-01
1.928771792777757843e-01
1.947235734829386167e-01
1.953627099385718546e-01
1.947945886446756369e-01
1.926996413734332336e-01
1.900720803891630672e-01
1.890423605439761345e-01
1.893619287717927535e-01
1.877640876327096031e-01
1.838582537371728776e-01
1.786741469303696206e-01
1.740581614174626368e-01
1.715726307566665665e-01
1.676667968611298409e-01
1.625892127969321144e-01
1.609913716578489362e-01
1.629087810247487889e-01
1.628377658630117131e-01
1.609558640769804261e-01
1.600326669743990238e-01
1.609203564961119159e-01
1.643290842594893608e-01
1.683059333167631066e-01
1.685899939637112710e-01
1.670631679863650576e-01
1.659979405603096148e-01
1.640450236125412520e-01
1.657138799133615059e-01
1.700813123601889187e-01
1.736675780279089421e-01
1.752299115861236101e-01
1.749103433583069911e-01
1.756915101374143251e-01
1.749103433583069911e-01
1.740581614174626368e-01
1.735610552853034394e-01
1.712530625288498920e-01
1.680218726698149700e-01
1.645421297447004771e-01
1.610623868195859565e-01
1.607783261726378476e-01
1.623761673117210536e-01
1.602812200404786225e-01
1.542449312928310112e-01
1.504456201398998716e-01
1.498419912651350883e-01
1.463622483400205676e-01
1.401129141071618678e-01
1.339345950360401882e-01
1.290700564570536057e-01
1.240279799737243616e-01
1.245605936867520830e-01
1.265135106345204319e-01
1.263004651493093433e-01
1.242055178780669539e-01
1.203706991442673180e-01
1.196960551077655005e-01
1.205127294677413446e-01
1.247381315910946753e-01
1.254837907893334992e-01
1.259808969214927243e-01
1.299577459787664424e-01
1.336860419699605618e-01
1.367041863437843674e-01
1.391187018428434452e-01
1.407875581436636714e-01
1.433796115470652721e-01
1.458651422078613702e-01
1.481731349643148343e-01
1.477825515747612228e-01
1.501260519120831971e-01
1.539963782267514125e-01
1.530376735433014723e-01
1.531797038667755684e-01
1.554166814614920400e-01
1.505521428825054020e-01
1.458296346269928601e-01
1.489898093242907340e-01
1.498419912651350883e-01
1.490963320668962644e-01
1.511912793381386955e-01
1.521854916024571458e-01
1.482796577069204202e-01
1.454035436565706552e-01
1.442673010687781920e-01
1.417107552462450459e-01
1.359940347264140537e-01
1.305258672726626878e-01
1.299222383978979323e-01
1.313780492135070699e-01
1.315910946987181862e-01
1.336150268082235415e-01
1.372012924759435926e-01
1.411426339523488005e-01
1.450839754287540362e-01
1.467883393104427725e-01
1.483506728686574405e-01
1.496999609416610477e-01
1.530376735433014723e-01
1.520434612789830497e-01
1.450839754287540362e-01
1.429535205766430672e-01
1.464332635017575879e-01
1.477115364130242026e-01
1.470013847956538888e-01
1.418882931505876244e-01
1.369527394098639661e-01
1.317331250221921990e-01
1.289635337144480198e-01
1.259098817597557041e-01
1.207612825338209572e-01
1.170684941234953341e-01
1.175656002556545593e-01
1.219330327024819721e-01
1.217199872172708836e-01
1.184532897773674653e-01
1.185243049391044856e-01
1.248801619145687714e-01
1.288570109718424894e-01
1.317331250221921990e-01
1.353548982707808157e-01
1.342541632638568072e-01
1.326918297056421392e-01
1.347867769768845703e-01
1.357809892412030206e-01
1.302062990448460689e-01
1.247736391719631854e-01
1.244895785250150766e-01
1.229627525476689187e-01
1.207612825338209572e-01
1.182757518730248730e-01
1.185953201008414920e-01
1.202286688207932358e-01
1.238149344885132591e-01
1.239214572311188450e-01
1.195185172034229082e-01
1.198380854312395410e-01
1.228917373859318984e-01
1.211163583425061419e-01
1.200866384973191398e-01
1.191989489756062892e-01
1.199446081738451131e-01
1.195895323651599285e-01
1.163938500869935860e-01
1.144409331392251955e-01
1.134822284557753108e-01
1.142278876540141347e-01
1.119198948975606150e-01
1.114582963462699000e-01
1.157192060504917824e-01
1.157192060504917824e-01
1.129851223236160856e-01
1.153996378226751496e-01
1.173525547704434568e-01
1.212583886659801685e-01
1.231402904520115110e-01
1.267265561197315482e-01
1.304548521109256676e-01
1.309874658239533751e-01
1.299222383978979323e-01
1.296026701700813133e-01
1.294251322657387349e-01
1.273301849944963315e-01
1.258743741788871939e-01
1.225721691581152240e-01
1.202996839825302422e-01
1.204772218868728345e-01
1.214714341511912710e-01
1.228562298050633883e-01
1.248801619145687714e-01
1.249156694954372676e-01
1.265490182153889420e-01
1.282888896779462162e-01
1.260519120832297446e-01
1.226076767389837896e-01
1.220395554450875025e-01
1.212228810851116584e-01
1.230337677094059251e-01
1.240989951354614373e-01
1.230337677094059251e-01
1.198735930121080928e-01
1.214714341511912710e-01
1.220750630259560127e-01
1.191634413947377791e-01
1.193764868799488815e-01
1.216489720555338633e-01
1.207612825338209572e-01
1.195540247842914183e-01
1.214004189894542507e-01
1.213649114085857406e-01
1.189503959095266766e-01
1.181337215495508464e-01
1.187373504243155881e-01
1.183112594538933832e-01
1.165003728295991026e-01
1.147249937861733460e-01
1.128075844192734933e-01
1.127720768384049832e-01
1.111387281184532810e-01
1.076589851933387743e-01
1.071973866420480592e-01
1.069488335759684605e-01
1.057415758264389216e-01
1.057060682455704115e-01
1.045343180769094243e-01
1.013031282178745163e-01
9.931470368923764336e-02
1.011255903135319240e-01
1.026879238717466059e-01
1.042502574299612739e-01
1.071263714803110528e-01
1.083336292298405501e-01
1.104640840819514774e-01
1.116713418314810025e-01
1.096829173028441434e-01
1.115648190888754582e-01
1.133757057131697527e-01
1.142278876540141347e-01
1.142989028157511411e-01
1.132691829705642084e-01
1.149380392713844484e-01
1.163583425061250204e-01
1.137307815218549095e-01
1.109611902141106887e-01
1.148315165287788625e-01
1.180271988069452604e-01
1.180627063878137706e-01
1.194830096225544119e-01
1.205482370486098548e-01
1.192699641373433095e-01
1.198025778503710309e-01
1.221460781876930746e-01
1.225721691581152240e-01
1.204772218868728345e-01
1.167844334765472253e-01
1.167844334765472253e-01
1.156481908887547622e-01
1.097184248837126536e-01
1.049604090473315876e-01
1.031850300039058310e-01
1.030074920995632387e-01
1.008770372474523114e-01
9.711323367538968188e-02
1.013741433796115227e-01
1.070198487377054947e-01
1.081915989063664957e-01
1.068778184142314402e-01
1.072684018037851073e-01
1.131981678088271603e-01
1.167844334765472253e-01
1.171750168661009200e-01
1.145829634626992916e-01
1.151510847565955509e-01
1.181692291304193565e-01
1.183112594538933832e-01
1.179206760643397439e-01
1.172815396087064366e-01
1.166068955722046330e-01
1.136952739409863716e-01
1.098959627880552459e-01
1.054930227603593090e-01
1.044633029151723763e-01
1.044277953343038662e-01
1.030429996804317766e-01
1.024393708056670071e-01
1.011255903135319240e-01
9.832049142491922078e-02
9.963427191705427621e-02
1.019067570926392857e-01
1.007350069239782570e-01
1.003799311152931001e-01
1.016937116074281833e-01
1.030429996804317766e-01
1.016226964456911352e-01
1.020842949969818503e-01
9.956325675531725594e-02
9.629655931541382385e-02
9.274580122856229680e-02
9.374001349288071938e-02
9.636757447715085800e-02
9.246174058161417408e-02
8.692255796612576024e-02
8.674502006178319569e-02
8.578631537833326937e-02
8.713560345133686269e-02
8.482761069488334305e-02
8.330078471753718516e-02
8.596385328267583392e-02
8.603486844441288195e-02
8.706458828959981466e-02
8.919504314171074200e-02
9.274580122856229680e-02
9.377552107374922952e-02
9.604800624933421127e-02
9.484074849980470012e-02
9.214217235379752735e-02
9.168057380250681232e-02
9.398856655896033196e-02
9.665163512409898072e-02
9.324290736072150809e-02
9.196463444945496279e-02
9.434364236764548883e-02
9.551539253630648985e-02
9.263927848595673864e-02
9.008273266342362029e-02
8.727763377481091711e-02
8.415296665838156720e-02
8.088626921847812123e-02
8.053119340979299212e-02
8.344281504101123959e-02
8.333629229840569530e-02
8.184497390192804755e-02
8.191598906366509558e-02
8.571530021659622134e-02
8.901750523736817744e-02
8.962113411213293301e-02
8.653197457657209324e-02
8.518268650356849991e-02
8.422398182011857359e-02
8.099279196108367940e-02
7.989205695415968478e-02
7.811667791073392819e-02
7.733551113162659418e-02
7.641231402904517800e-02
7.722898838902104990e-02
8.003408727763378083e-02
7.960799630721157594e-02
7.705145048467848534e-02
7.893335227070980009e-02
7.740652629336361445e-02
7.722898838902104990e-02
7.879132194723573179e-02
7.754855661683769663e-02
7.509853353691012257e-02
7.339416965522137237e-02
6.892021446578842914e-02
6.590207009196462351e-02
6.483684266590915291e-02
6.245783474771861993e-02
6.075347086602987667e-02
6.132159215992613599e-02
6.473031992330360862e-02
6.544047154067392236e-02
6.309697120335189258e-02
6.444625927635548590e-02
6.497887298938320733e-02
6.554699428327946664e-02
6.487235024677769080e-02
6.270638781379822557e-02
6.568902460675352106e-02
6.714483542236267255e-02
6.203174377729644973e-02
5.830344778610233036e-02
5.812590988175973805e-02
5.823243262436528928e-02
5.645705358093952575e-02
5.340340162624718223e-02
5.297731065582501203e-02
5.439761389056561869e-02
5.425558356709155733e-02
5.404253808188045488e-02
5.365195469232679482e-02
5.276426517061390958e-02
5.510776550793593243e-02
5.706068245570428826e-02
5.670560664701913139e-02
5.574690196356920507e-02
5.535631857401553807e-02
5.418456840535454400e-02
5.510776550793593243e-02
5.489472002272482998e-02
5.279977275148241972e-02
4.924901466463089267e-02
4.658594609949221615e-02
4.900046159855128008e-02
5.169903774455846673e-02
5.010119660547526776e-02
4.697652948904591091e-02
4.765117352554769370e-02
4.690551432730886983e-02
4.505912012214606521e-02
4.559173383517378664e-02
4.807726449596986390e-02
5.216063629584914707e-02
5.297731065582501203e-02
4.917799950289385158e-02
4.711855981251997227e-02
4.818378723857541512e-02
5.422007598622305413e-02
5.400703050101195168e-02
5.173454532542696993e-02
5.524979583140999378e-02
5.915562972694670546e-02
6.039839505734474062e-02
5.759329616873200969e-02
6.085999360863542790e-02
6.078897844689840763e-02
5.507225792706742229e-02
5.400703050101195168e-02
5.585342470617475630e-02
5.730923552178390085e-02
5.592443986791179739e-02
5.255121968540280714e-02
5.113091645066220742e-02
5.010119660547526776e-02
4.743812804033659125e-02
4.836132514291800744e-02
5.265774242800835836e-02
5.617299293399140997e-02
5.674111422788764153e-02
5.553385647835810957e-02
5.691865213223023384e-02
5.631502325746546439e-02
5.478819728011927875e-02
5.713169761744130160e-02
5.986578134431699144e-02
5.922664488868371879e-02
5.762880374960051982e-02
5.919113730781520866e-02
5.858750843305044614e-02
5.620850051485991317e-02
5.510776550793593243e-02
5.347441678798423026e-02
5.258672726627134503e-02
5.407804566274899277e-02
5.304832581756202536e-02
5.461065937577671420e-02
5.837446294783934370e-02
5.865852359478748723e-02
5.496573518446187800e-02
5.290629549408797094e-02
5.443312147143414964e-02
5.730923552178390085e-02
5.624400809572842330e-02
5.709619003657279840e-02
5.439761389056561869e-02
5.432659872882859842e-02
5.840997052870788159e-02
5.759329616873200969e-02
5.503675034619889134e-02
5.698966729396724717e-02
5.993679650605403253e-02
5.812590988175973805e-02
5.216063629584914707e-02
5.407804566274899277e-02
5.922664488868371879e-02
5.727372794091536296e-02
5.283528033235095067e-02
4.900046159855128008e-02
4.956858289244751165e-02
4.963959805418455967e-02
5.219614387671767802e-02
5.429109114796006746e-02
5.411355324361750291e-02
5.443312147143414964e-02
5.450413663317116991e-02
5.326137130277312781e-02
5.020771934808081899e-02
5.042076483329188674e-02
5.130845435500477197e-02
5.205411355324359585e-02
5.354543194972124359e-02
5.287078791321946081e-02
5.027873450981783232e-02
4.722508255512552350e-02
4.530767318822567086e-02
4.278663494656108346e-02
4.005255121968539361e-02
3.753151297802080621e-02
3.781557362496892200e-02
3.976849057273727783e-02
3.898732379362992301e-02
3.696339168412454690e-02
3.895181621276141287e-02
4.168589993963710272e-02
4.243155913787592659e-02
4.125980896921492558e-02
4.165039235876859258e-02
4.388736995348506420e-02
4.637290061428114840e-02
5.006568902460672987e-02
5.084685580371409164e-02
5.034974967155487341e-02
5.347441678798423026e-02
5.517878066967297351e-02
5.883606149913005179e-02
5.936867521215777321e-02
5.752228100699496860e-02
6.217377410077050415e-02
6.082448602776691776e-02
6.224478926250752442e-02
6.174768313034830619e-02
6.018534957213364511e-02
5.801938713915418683e-02
5.617299293399140997e-02
5.528530341227849698e-02
5.610197777225436194e-02
5.443312147143414964e-02
5.429109114796006746e-02
5.659908390441358017e-02
6.011433441039659709e-02
6.082448602776691776e-02
5.769981891133756091e-02
5.674111422788764153e-02
6.007882682952809389e-02
6.277740297553527360e-02
6.125057699818908796e-02
5.830344778610233036e-02
5.603096261051732085e-02
5.489472002272482998e-02
5.393601533927493835e-02
5.429109114796006746e-02
5.301281823669352217e-02
5.045627241416042463e-02
4.864538578986612322e-02
4.853886304726057199e-02
4.949756773071049831e-02
5.191208322976953449e-02
5.265774242800835836e-02
5.162802258282141871e-02
5.478819728011927875e-02
5.393601533927493835e-02
5.024322692894932219e-02
4.889393885594573580e-02
4.722508255512552350e-02
4.761566594467918356e-02
4.687000674644035969e-02
4.491708979867200385e-02
4.882292369420868777e-02
4.750914320207363234e-02
4.434896850477574454e-02
4.150836203529453816e-02
4.676348400383480847e-02
4.864538578986612322e-02
4.555622625430527650e-02
4.665696126122926418e-02
4.782871142989025826e-02
4.889393885594573580e-02
4.591130206299044031e-02
4.452650640911833685e-02
4.807726449596986390e-02
4.793523417249580948e-02
4.399389269609061542e-02
4.544970351169972528e-02
4.900046159855128008e-02
5.077584064197704361e-02
5.003018144373821974e-02
4.644391577601816173e-02
4.633739303341261051e-02
4.896495401768277689e-02
5.010119660547526776e-02
4.932002982636790600e-02
4.672797642296630527e-02
4.690551432730886983e-02
4.687000674644035969e-02
4.559173383517378664e-02
4.339026382132585291e-02
4.587579448212193017e-02
4.772218868728473479e-02
4.765117352554769370e-02
5.205411355324359585e-02
5.255121968540280714e-02
4.935553740723644389e-02
4.655043851862371296e-02
4.644391577601816173e-02
4.559173383517378664e-02
4.473955189432943930e-02
4.505912012214606521e-02
4.381635479174802311e-02
4.434896850477574454e-02
4.292866527003513788e-02
4.342577140219435611e-02
4.040762702837055048e-02
3.845471008060219464e-02
3.760252813975781955e-02
3.433583069985440828e-02
3.383872456769519699e-02
3.373220182508964576e-02
3.181479245818982088e-02
3.185030003905833101e-02
3.241842133295456257e-02
3.362567908248409454e-02
3.355466392074708121e-02
3.131768632603060959e-02
3.245392891382310047e-02
3.316408053119338645e-02
3.273798956077121625e-02
3.014593615736958429e-02
2.766040549657350356e-02
2.638213258530695479e-02
2.517487483577742283e-02
2.187266981500550489e-02
1.860597237510206586e-02
2.002627560984269681e-02
2.485530660796080038e-02
2.531690515925148072e-02
2.481979902709226596e-02
2.631111742356991370e-02
2.492632176969781371e-02
2.428718531406454106e-02
2.655967048964951935e-02
2.897418598870858675e-02
2.865461776089193308e-02
2.276035933671838665e-02
2.215673046195362067e-02
2.403863224798493195e-02
2.144657884458330346e-02
2.396761708624789086e-02
2.751837517309944567e-02
2.890317082697154219e-02
2.993289067215848184e-02
3.288001988424527067e-02
3.447786102332846964e-02
3.071405745126584014e-02
2.624010226183289690e-02
2.513936725490891616e-02
2.751837517309944567e-02
2.943578453999926708e-02
2.687923871746617302e-02
2.361254127756276175e-02
2.208571530021657611e-02
2.151759400632034455e-02
1.832191172815395008e-02
1.644000994212263533e-02
1.899655576465572940e-02
2.261832901324432876e-02
1.984873770550010449e-02
1.679508575080779220e-02
1.899655576465572940e-02
2.450023079927564004e-02
2.446472321840710562e-02
2.055888932287042170e-02
2.048787416113337714e-02
2.453573838014415018e-02
2.666619323225507057e-02
2.421617015232749651e-02
2.105599545502963646e-02
2.233426836629618523e-02
1.995526044810565572e-02
1.690160849341334343e-02
1.814437382381138553e-02
2.229876078542767856e-02
2.087845755068707190e-02
1.995526044810565572e-02
1.853495721336504906e-02
1.874800269857612375e-02
1.942264673507793082e-02
2.016830593331675470e-02
2.464226112274969793e-02
2.620459468096436248e-02
2.499733693143485827e-02
2.126904094024073891e-02
1.999076802897416238e-02
2.141107126371479680e-02
1.974221496289455327e-02
1.860597237510206586e-02
1.949366189681494763e-02
2.023932109505377150e-02
1.991975286723714905e-02
1.615594929517451955e-02
1.572985832475231813e-02
1.757625252991512621e-02
1.572985832475231813e-02
1.544579767780420408e-02
1.675957816993925778e-02
1.853495721336504906e-02
1.601391897170043391e-02
1.626247203778004302e-02
1.988424528636863892e-02
2.002627560984269681e-02
1.903206334552426729e-02
1.995526044810565572e-02
1.842843447075949784e-02
1.889003302205020940e-02
2.148208642545181013e-02
1.967119980115753994e-02
1.786031317686324199e-02
1.999076802897416238e-02
1.896104818378722273e-02
1.576536590562082479e-02
1.587188864822637602e-02
1.942264673507793082e-02
1.917409366899832171e-02
1.693711607428185009e-02
1.775379043425769077e-02
1.988424528636863892e-02
1.945815431594643749e-02
2.031033625679081259e-02
2.197919255761102489e-02
2.102048787416112979e-02
1.849944963249651464e-02
1.477115364130239354e-02
1.271171395092851597e-02
1.462912331782833565e-02
1.530376735433014619e-02
1.430955509001171320e-02
1.395447928132655460e-02
1.363491105350990440e-02
1.090082732663421629e-02
1.327983524482474580e-02
1.441607783261726443e-02
1.374143379611545389e-02
1.338635798743029702e-02
9.942122643184319458e-03
9.942122643184319458e-03
1.225011539963780614e-02
1.246316088484890686e-02
1.402549444306356967e-02
1.580087348648936268e-02
1.661754784646519989e-02
1.530376735433014619e-02
1.317331250221922406e-02
1.310229734048218124e-02
1.264069878919147315e-02
1.182402442921563421e-02
1.267620637006000757e-02
1.221460781876929948e-02
1.019067570926392857e-02
9.871107481447276635e-03
1.125590313531937489e-02
1.125590313531937489e-02
1.075879700316015840e-02
1.150445620139898227e-02
1.210808507616374825e-02
1.395447928132655460e-02
1.718566914036145921e-02
1.878351027944465818e-02
1.892554060291871607e-02
1.949366189681494763e-02
1.853495721336504906e-02
1.327983524482474580e-02
1.232113056137484897e-02
1.683059333167630234e-02
1.768277527252067396e-02
1.260519120832296475e-02
1.093633490750275244e-02
1.413201718566912089e-02
1.572985832475231813e-02
1.267620637006000757e-02
1.093633490750275244e-02
1.313780492135068791e-02
1.278272911266552930e-02
8.095728438021513110e-03
7.598622305862297484e-03
9.622554415367669256e-03
1.122039555445086823e-02
1.278272911266552930e-02
1.587188864822637602e-02
1.526825977346161003e-02
1.377694137698396229e-02
1.384795653872100511e-02
1.143344103966196720e-02
9.516031672762118032e-03
9.338493768419553476e-03
9.374001349288061877e-03
1.015516812839539242e-02
1.001313780492133453e-02
9.231971025814003987e-03
9.942122643184319458e-03
1.267620637006000757e-02
1.420303234740616372e-02
1.420303234740616372e-02
1.473564606043388688e-02
1.519724461172459497e-02
1.587188864822637602e-02
1.644000994212263533e-02
1.526825977346161003e-02
1.523275219259310337e-02
1.541029009693569568e-02
1.707914639775590798e-02
1.523275219259310337e-02
1.253417604658592192e-02
1.111387281184531700e-02
1.093633490750275244e-02
1.264069878919147315e-02
1.310229734048218124e-02
1.125590313531937489e-02
1.051024393708055102e-02
1.043922877534353595e-02
1.228562298050631454e-02
1.132691829705641771e-02
9.942122643184319458e-03
1.104285765010827418e-02
1.164648652487304016e-02
1.082981216489720122e-02
1.068778184142314333e-02
9.196463444945495586e-03
1.047473635621204262e-02
1.022618329013243524e-02
1.011966054752688575e-02
1.015516812839539242e-02
8.521819408443686780e-03
8.344281504101122224e-03
7.421084401519704304e-03
8.983417959734394873e-03
1.065227426055460891e-02
1.093633490750275244e-02
6.497887298938315008e-03
3.160174697297860914e-03
4.651493093775508660e-03
7.137023754571589391e-03
5.787735681567998669e-03
5.326137130277289709e-03
3.692788410325584508e-03
3.550758086851526617e-03
2.094947271242385972e-03
0.000000000000000000e+00
1.313780492135054783e-03
4.758015836381059016e-03
9.800092319710233812e-03
1.228562298050631454e-02
1.207257749529524159e-02
1.015516812839539242e-02
1.153996378226749067e-02
1.452260057522278616e-02
1.441607783261726443e-02
1.146894862053047560e-02
1.111387281184531700e-02
1.242765330398040019e-02
1.061676667968610051e-02
8.557326989312193447e-03
9.516031672762118032e-03
1.068778184142314333e-02
1.146894862053047560e-02
1.196605475268969210e-02
1.168199410574157632e-02
1.150445620139898227e-02
1.146894862053047560e-02
1.466463089869687181e-02
1.722117672122996587e-02
1.775379043425769077e-02
1.828640414728544342e-02
1.849944963249651464e-02
1.867698753683910695e-02
1.743422220644106832e-02
1.782480559599473185e-02
1.867698753683910695e-02
1.835741930902245675e-02
1.473564606043388688e-02
1.150445620139898227e-02
1.047473635621204262e-02
1.019067570926392857e-02
1.107836523097681034e-02
8.805880055391802561e-03
8.060220857152978688e-03
9.231971025814003987e-03
8.273266342364079401e-03
5.255121968540275509e-03
5.042076483329174796e-03
6.249334232858707629e-03
7.811667791073370441e-03
5.823243262436506203e-03
4.367432446827393747e-03
6.071796328516114449e-03
5.255121968540275509e-03
3.870326314668177687e-03
5.255121968540275509e-03
6.497887298938315008e-03
6.888470688491981145e-03
5.787735681567998669e-03
5.858750843305041492e-03
6.710932784149415721e-03
5.787735681567998669e-03
3.373220182508961627e-03
2.130454852110921695e-03
5.113091645066217619e-03
6.852963107623473611e-03
6.426872137201272185e-03
6.213826651990200095e-03
7.811667791073370441e-03
5.574690196356897956e-03
4.047864219010742677e-03
9.374001349288061877e-03
1.171750168661008298e-02
1.058125909881759384e-02
8.344281504101122224e-03
9.409508930156568543e-03
1.288925185527108053e-02
1.090082732663421629e-02
7.776160210204862908e-03
1.008415296665837735e-02
1.082981216489720122e-02
9.409508930156568543e-03
7.705145048467847840e-03
7.421084401519704304e-03
8.450804246706671713e-03
6.426872137201272185e-03
3.124667116429353814e-03
3.550758086851526617e-03
4.615985512907001993e-03
5.255121968540275509e-03
2.450023079927544575e-03
7.811667791073314063e-04
6.746440365017810498e-04
1.455810815609112456e-03
5.361644711145825866e-03
7.527607144125254661e-03
7.918190533678920798e-03
4.864538578986609373e-03
4.438447608564408814e-03
7.953698114547455220e-03
1.004864538578984293e-02
1.068778184142314333e-02
1.196605475268969210e-02
1.342186556829883144e-02
1.164648652487304016e-02
8.912402797997352050e-03
9.267478606682510653e-03
1.221460781876929948e-02
1.519724461172459497e-02
1.498419912651349425e-02
1.427404750914317878e-02
1.402549444306356967e-02
1.626247203778004302e-02
1.675957816993925778e-02
1.402549444306356967e-02
1.402549444306356967e-02
1.576536590562082479e-02
1.420303234740616372e-02
1.264069878919147315e-02
1.452260057522278616e-02
1.416752476653765531e-02
1.168199410574157632e-02
8.415296665838135556e-03
8.805880055391802561e-03
1.210808507616374825e-02
1.352838831090435491e-02
1.384795653872100511e-02
1.296026701700812335e-02
1.189503959095264754e-02
1.161097894400453349e-02
1.118488797358235982e-02
1.178851684834709805e-02
1.193054717182118370e-02
1.196605475268969210e-02
1.306678975961367284e-02
1.320882008308773073e-02
1.242765330398040019e-02
1.146894862053047560e-02
1.232113056137484897e-02
1.452260057522278616e-02
1.626247203778004302e-02
1.519724461172459497e-02
1.153996378226749067e-02
8.592834570180729603e-03
8.521819408443686780e-03
1.054575151794905769e-02
1.079430458402866680e-02
7.456591982388239594e-03
7.776160210204862908e-03
1.058125909881759384e-02
9.018925540602903274e-03
7.492099563256747127e-03
8.166743599758528177e-03
8.734864893654787493e-03
1.061676667968610051e-02
1.075879700316015840e-02
9.374001349288061877e-03
7.882682952810412397e-03
8.202251180627064334e-03
8.912402797997352050e-03
7.279054078045646414e-03
6.000781166779099382e-03
3.905833895536685221e-03
3.444235344245976261e-03
3.124667116429353814e-03
1.100735006923954070e-03
1.065227426055220588e-04
2.947129212086760201e-03
5.113091645066217619e-03
5.965273585910591848e-03
3.373220182508961627e-03
3.834818733799641964e-03
4.758015836381059016e-03
3.018144373823803458e-03
4.722508255512552350e-03
6.639917622412372898e-03
3.799311152931134864e-03
1.917409366899820982e-03
3.124667116429353814e-03
4.118879380747785500e-03
2.556545822533094498e-03
2.201470013847936329e-03
2.201470013847936329e-03
3.444235344245976261e-03
6.000781166779099382e-03
8.024713276284470287e-03
5.610197777225434113e-03
3.231189859034904171e-03
